105.000 0.007
110.000 0.315
115.000 4.163
120.000 5.703
125.000 6.084
130.000 6.305
135.000 6.567
140.000 6.765
145.000 7.015
150.000 7.385
155.000 7.519
160.000 7.870
165.000 8.119
170.000 8.226
175.000 8.387
180.000 8.427
185.000 8.701
190.000 8.824
195.000 9.113
200.000 10.103
205.000 10.540
210.000 11.640
215.000 12.120
220.000 12.969
225.000 13.773
230.000 13.598
235.000 13.659
240.000 13.476
245.000 13.020
250.000 13.252
255.000 13.562
260.000 14.609
265.000 15.143
270.000 16.517
275.000 17.678
280.000 18.526
285.000 20.297
290.000 21.267
295.000 23.910
300.000 27.270
305.000 29.266
310.000 33.661
315.000 36.005
320.000 41.000
325.000 46.641
330.000 49.877
335.000 57.113
340.000 61.075
345.000 66.543
350.000 65.571
355.000 64.641
360.000 63.954
365.000 64.034
370.000 62.943
375.000 60.175
380.000 58.388
385.000 54.137
390.000 52.843
395.000 51.579
400.000 51.257
405.000 51.371
410.000 51.858
415.000 52.106
420.000 52.553
425.000 52.769
430.000 52.780
435.000 52.568
440.000 52.224
445.000 51.249
450.000 48.783
455.000 47.479
460.000 44.789
465.000 43.376
470.000 40.438
475.000 37.444
480.000 35.897
485.000 32.809
490.000 31.246
495.000 28.228
500.000 25.531
505.000 24.343
510.000 22.237
515.000 21.291
520.000 19.640
525.000 18.250
530.000 17.625
535.000 16.512
540.000 16.030
545.000 15.169
550.000 14.484
555.000 14.185
560.000 13.671
565.000 13.472
570.000 13.105
575.000 12.811
580.000 12.707
585.000 12.537
590.000 12.475
595.000 12.427
600.000 12.428
605.000 12.458
610.000 12.563
615.000 12.647
620.000 12.793
625.000 12.965
630.000 13.107
635.000 13.484
640.000 13.738
645.000 14.460
650.000 15.722
655.000 16.454
660.000 18.434
665.000 19.706
670.000 23.019
675.000 25.514
680.000 31.659
685.000 40.231
690.000 45.318
695.000 51.724
700.000 50.919
705.000 36.312
710.000 22.671
715.000 18.648
720.000 13.191
725.000 11.313
730.000 8.723
735.000 6.971
740.000 6.287
745.000 5.191
750.000 4.740
755.000 4.001
760.000 3.443
765.000 3.210
770.000 2.824
775.000 2.682
780.000 2.401
785.000 2.177
790.000 2.084
795.000 1.928
800.000 1.860
805.000 1.740
810.000 1.624
815.000 1.582
820.000 1.483
825.000 1.437
830.000 1.354
835.000 1.280
840.000 1.246
845.000 1.187
850.000 1.165
855.000 1.121
860.000 1.085
865.000 1.064
870.000 1.035
875.000 1.017
880.000 0.994
885.000 0.973
890.000 0.964
895.000 0.945
900.000 0.946
905.000 0.940
910.000 0.933
915.000 0.927
920.000 0.930
925.000 0.929
930.000 0.931
935.000 0.943
940.000 0.954
945.000 0.972
950.000 0.982
955.000 1.014
960.000 1.053
965.000 1.078
970.000 1.136
975.000 1.178
980.000 1.273
985.000 1.400
990.000 1.483
995.000 1.705
1000.000 1.871
1005.000 2.292
1010.000 2.992
1015.000 3.432
1020.000 4.531
1025.000 5.105
1030.000 5.313
1035.000 3.918
1040.000 3.153
1045.000 2.134
1050.000 1.798
1055.000 1.344
1060.000 1.039
1065.000 0.932
1070.000 0.760
1075.000 0.697
1080.000 0.588
1085.000 0.514
1090.000 0.478
1095.000 0.428
1100.000 0.404
1105.000 0.372
1110.000 0.349
1115.000 0.335
1120.000 0.317
1125.000 0.307
1130.000 0.294
1135.000 0.286
1140.000 0.284
1145.000 0.279
1150.000 0.278
1155.000 0.276
1160.000 0.276
1165.000 0.275
1170.000 0.279
1175.000 0.279
1180.000 0.280
1185.000 0.284
1190.000 0.288
1195.000 0.293
1200.000 0.298
1205.000 0.301
1210.000 0.312
1215.000 0.314
1220.000 0.325
1225.000 0.330
1230.000 0.340
1235.000 0.354
1240.000 0.360
1245.000 0.377
1250.000 0.385
1255.000 0.403
1260.000 0.423
1265.000 0.436
1270.000 0.463
1275.000 0.477
1280.000 0.511
1285.000 0.526
1290.000 0.571
1295.000 0.621
1300.000 0.645
1305.000 0.696
1310.000 0.720
1315.000 0.772
1320.000 0.834
1325.000 0.867
1330.000 0.940
1335.000 0.977
1340.000 1.069
1345.000 1.175
1350.000 1.245
1355.000 1.389
1360.000 1.480
1365.000 1.699
1370.000 1.974
1375.000 2.139
1380.000 2.560
1385.000 2.823
1390.000 3.505
1395.000 4.479
1400.000 5.145
1405.000 6.936
1410.000 8.185
1415.000 11.929
1420.000 17.724
1425.000 20.957
1430.000 26.033
1440.000 25.279
1445.000 18.025
1450.000 12.717
1455.000 10.844
1460.000 8.132
1465.000 7.192
1470.000 5.799
1475.000 4.854
1480.000 4.199
1485.000 3.933
1490.000 3.711
1495.000 3.388
1500.000 3.179
1505.000 3.093
1510.000 2.953
1515.000 2.900
1520.000 2.807
1530.000 3.160
1535.000 3.045
1540.000 2.867
1545.000 2.796
1550.000 2.702
1555.000 2.687
1560.000 2.697
1565.000 2.711
1570.000 2.724
1575.000 2.759
1580.000 2.799
1590.000 2.879
1595.000 2.942
1600.000 2.980
1605.000 3.069
1610.000 3.177
1615.000 3.240
1620.000 3.371
1625.000 3.451
1630.000 3.637
1635.000 3.887
1640.000 4.051
1645.000 4.523
1650.000 4.869
1655.000 5.947
1660.000 7.836
1665.000 9.296
1670.000 13.694
1675.000 16.595
1680.000 22.914
1685.000 28.645
1690.000 30.860
1695.000 32.014
1700.000 30.631
1705.000 24.057
1710.000 18.115
1715.000 15.797
1720.000 12.250
1725.000 10.926
1730.000 8.948
1735.000 7.592
1740.000 7.004
1745.000 6.165
1750.000 5.821
1755.000 5.319
1760.000 4.992
1765.000 4.851
1770.000 4.624
1775.000 4.518
1780.000 4.352
1785.000 4.195
1790.000 4.129
1795.000 4.013
1800.000 3.969
1805.000 3.887
1810.000 3.824
1815.000 3.803
1820.000 3.778
1825.000 3.762
1830.000 3.748
1835.000 3.750
1840.000 3.757
1845.000 3.780
1850.000 3.800
1855.000 3.836
1860.000 3.902
1865.000 3.933
1870.000 4.022
1875.000 4.076
1880.000 4.196
1885.000 4.339
1890.000 4.422
1895.000 4.618
1900.000 4.732
1905.000 4.999
1910.000 5.309
1915.000 5.489
1920.000 5.916
1925.000 6.171
1930.000 6.812
1935.000 7.690
1940.000 8.185
1945.000 9.148
1950.000 9.829
1955.000 11.727
1960.000 14.331
1965.000 15.934
1970.000 19.517
1975.000 21.360
1980.000 24.368
1985.000 25.168
1990.000 24.362
1995.000 20.693
2000.000 18.621
2005.000 14.758
2010.000 11.858
2015.000 10.720
2020.000 8.932
2025.000 8.254
2030.000 7.251
2035.000 6.537
2040.000 6.205
2045.000 5.695
2050.000 5.475
2055.000 5.088
2060.000 4.914
2065.000 4.615
2070.000 4.358
2075.000 4.244
2080.000 4.039
2085.000 3.950
2090.000 3.789
2095.000 3.656
2100.000 3.591
2105.000 3.494
2110.000 3.448
2115.000 3.375
2120.000 3.322
2125.000 3.296
2130.000 3.259
2135.000 3.245
2140.000 3.234
2145.000 3.240
2150.000 3.256
2155.000 3.295
2160.000 3.322
2165.000 3.385
2170.000 3.487
2175.000 3.551
2180.000 3.703
2185.000 3.801
2190.000 4.056
2195.000 4.452
2200.000 4.723
2205.000 5.463
2210.000 5.979
2215.000 7.371
2220.000 9.258
2225.000 10.207
2230.000 11.153
2235.000 10.751
2240.000 8.314
2245.000 5.697
2250.000 4.732
2255.000 3.373
2260.000 2.898
2265.000 2.211
2270.000 1.718
2275.000 1.526
2280.000 1.222
2285.000 1.099
2290.000 0.904
2295.000 0.748
2300.000 0.687
2305.000 0.574
2310.000 0.528
2315.000 0.450
2320.000 0.386
2325.000 0.356
2330.000 0.313
2335.000 0.288
2340.000 0.255
2345.000 0.226
2350.000 0.214
2355.000 0.194
2360.000 0.185
2365.000 0.172
2370.000 0.160
2375.000 0.156
2380.000 0.149
2385.000 0.145
2390.000 0.142
2395.000 0.140
2400.000 0.138
2405.000 0.137
2410.000 0.140
2415.000 0.140
2420.000 0.140
2425.000 0.141
2430.000 0.141
2435.000 0.144
2440.000 0.144
2445.000 0.147
2450.000 0.148
2455.000 0.148
2460.000 0.150
2465.000 0.153
2470.000 0.153
2475.000 0.155
2480.000 0.156
2485.000 0.158
2490.000 0.160
2495.000 0.164
2500.000 0.163
2505.000 0.166
2510.000 0.168
2515.000 0.169
2520.000 0.169
2525.000 0.171
2530.000 0.172
2535.000 0.174
2540.000 0.174
2545.000 0.175
2550.000 0.175
2555.000 0.179
2560.000 0.180
2565.000 0.181
2570.000 0.182
2575.000 0.181
2580.000 0.183
2585.000 0.181
2590.000 0.185
2595.000 0.187
2600.000 0.186
2605.000 0.187
2610.000 0.187
2615.000 0.188
2620.000 0.189
2625.000 0.188
2630.000 0.190
2635.000 0.190
2640.000 0.190
2645.000 0.190
2650.000 0.191
2655.000 0.192
2660.000 0.192
2665.000 0.194
2670.000 0.194
2675.000 0.194
2680.000 0.193
2685.000 0.194
2690.000 0.196
2695.000 0.195
2700.000 0.196
2705.000 0.196
2710.000 0.196
2715.000 0.196
2720.000 0.197
2725.000 0.197
2730.000 0.197
2735.000 0.198
2740.000 0.196
2745.000 0.197
2750.000 0.198
2755.000 0.198
2760.000 0.200
2765.000 0.199
2770.000 0.201
2775.000 0.200
2780.000 0.201
2785.000 0.202
2790.000 0.203
2795.000 0.203
2800.000 0.200
2805.000 0.201
2810.000 0.202
2815.000 0.201
2820.000 0.203
2825.000 0.204
2830.000 0.203
2835.000 0.203
2840.000 0.202
2845.000 0.203
2850.000 0.203
2855.000 0.203
2860.000 0.204
2865.000 0.203
2870.000 0.204
2875.000 0.205
2880.000 0.203
2885.000 0.204
2890.000 0.203
2895.000 0.204
2900.000 0.204
2905.000 0.205
2910.000 0.204
2915.000 0.206
2920.000 0.204
2925.000 0.205
2930.000 0.206
2935.000 0.207
2940.000 0.205
2945.000 0.203
2950.000 0.206
2955.000 0.211
2960.000 0.204
2965.000 0.204
2970.000 0.208
2975.000 0.208
2980.000 0.209
2985.000 0.213
2990.000 0.202
2995.000 0.216
3000.000 0.213
3005.000 0.207
3010.000 0.206
3015.000 0.208
3020.000 0.214
3025.000 0.208
3030.000 0.213
3035.000 0.207
3040.000 0.214
3045.000 0.214
3050.000 0.210
3055.000 0.215
3060.000 0.210
3065.000 0.216
3070.000 0.215
3075.000 0.212
3080.000 0.216
3085.000 0.219
3090.000 0.218
3095.000 0.217
3100.000 0.219
3105.000 0.219
3110.000 0.219
3115.000 0.218
3120.000 0.220
3125.000 0.222
3130.000 0.224
3135.000 0.222
3140.000 0.226
3145.000 0.226
3150.000 0.229
3155.000 0.231
3160.000 0.235
3165.000 0.239
3170.000 0.240
3175.000 0.244
3180.000 0.248
3185.000 0.251
3190.000 0.256
3195.000 0.261
3200.000 0.270
3205.000 0.279
3210.000 0.285
3215.000 0.296
3220.000 0.303
3225.000 0.319
3230.000 0.326
3235.000 0.348
3240.000 0.372
3245.000 0.386
3250.000 0.416
3255.000 0.437
3260.000 0.477
3265.000 0.528
3270.000 0.557
3275.000 0.629
3280.000 0.671
3285.000 0.778
3290.000 0.931
3295.000 1.026
3300.000 1.303
3305.000 1.498
3310.000 2.070
3315.000 2.985
3320.000 3.595
3325.000 5.102
3330.000 5.976
3335.000 8.030
3340.000 10.701
3345.000 12.280
3350.000 15.754
3355.000 17.356
3360.000 19.269
3365.000 18.533
3370.000 17.342
3375.000 15.028
3380.000 14.092
3385.000 12.660
3390.000 11.661
3395.000 11.293
3400.000 10.780
3405.000 10.693
3410.000 10.704
3415.000 11.116
3420.000 11.503
3425.000 12.665
3430.000 13.415
3435.000 15.385
3440.000 18.082
3445.000 19.659
3450.000 22.892
3455.000 24.147
3460.000 24.803
3465.000 21.527
3470.000 18.764
3475.000 13.534
3480.000 11.470
3485.000 8.398
3490.000 6.452
3495.000 5.747
3500.000 4.694
3505.000 4.293
3510.000 3.674
3515.000 3.248
3520.000 3.100
3525.000 2.883
3530.000 2.804
3535.000 2.686
3540.000 2.630
3545.000 2.524
3550.000 2.455
3555.000 2.423
3560.000 2.382
3565.000 2.355
3570.000 2.349
3575.000 2.359
3580.000 2.367
3585.000 2.393
3590.000 2.442
3595.000 2.473
3600.000 2.553
3605.000 2.600
3610.000 2.725
3615.000 2.889
3620.000 2.985
3625.000 3.226
3630.000 3.385
3635.000 3.799
3640.000 4.416
3645.000 4.836
3650.000 6.026
3655.000 6.848
3660.000 9.152
3665.000 12.450
3670.000 14.353
3675.000 17.670
3680.000 18.504
3685.000 17.124
3690.000 12.688
3695.000 10.616
3700.000 7.515
3705.000 6.448
3710.000 4.926
3715.000 3.933
3720.000 3.565
3725.000 3.002
3730.000 2.788
3735.000 2.497
3740.000 2.293
3745.000 2.208
3750.000 2.041
3755.000 1.959
3760.000 1.817
3765.000 1.703
3770.000 1.657
3775.000 1.568
3780.000 1.530
3785.000 1.466
3790.000 1.399
3795.000 1.368
3800.000 1.317
3805.000 1.297
3810.000 1.267
3815.000 1.246
3820.000 1.239
3825.000 1.241
3830.000 1.242
3835.000 1.258
3840.000 1.267
3845.000 1.303
3850.000 1.346
3855.000 1.366
3860.000 1.411
3865.000 1.437
3870.000 1.502
3875.000 1.588
3880.000 1.642
3885.000 1.784
3890.000 1.871
3895.000 2.101
3900.000 2.415
3905.000 2.606
3910.000 3.112
3915.000 3.447
3920.000 4.348
3925.000 5.506
3930.000 6.069
3935.000 6.666
3940.000 6.476
3945.000 5.268
3950.000 3.848
3955.000 3.274
3960.000 2.442
3965.000 2.132
3970.000 1.678
3975.000 1.386
3980.000 1.273
3985.000 1.081
3990.000 1.002
3995.000 0.851
4000.000 0.745
4005.000 0.692
4010.000 0.616
4015.000 0.582
4020.000 0.534
4025.000 0.488
4030.000 0.478
4035.000 0.434
4040.000 0.421
4045.000 0.395
4050.000 0.375
4055.000 0.374
4060.000 0.357
4065.000 0.343
4070.000 0.338
4075.000 0.327
4080.000 0.323
4085.000 0.313
4090.000 0.310
4095.000 0.306
4100.000 0.298
4105.000 0.299
4110.000 0.294
4115.000 0.294
4120.000 0.291
4125.000 0.287
4130.000 0.287
4135.000 0.287
4140.000 0.286
4145.000 0.287
4150.000 0.286
4155.000 0.286
4160.000 0.286
4165.000 0.288
4170.000 0.289
4175.000 0.291
4180.000 0.293
4185.000 0.295
4190.000 0.300
4195.000 0.302
4200.000 0.305
4205.000 0.311
4210.000 0.317
4215.000 0.318
4220.000 0.327
4225.000 0.331
4230.000 0.337
4235.000 0.349
4240.000 0.353
4245.000 0.362
4250.000 0.368
4255.000 0.380
4260.000 0.393
4265.000 0.400
4270.000 0.416
4275.000 0.428
4280.000 0.453
4285.000 0.487
4290.000 0.507
4295.000 0.554
4300.000 0.584
4305.000 0.657
4310.000 0.742
4315.000 0.784
4320.000 0.888
4325.000 0.957
4330.000 1.123
4335.000 1.375
4340.000 1.539
4345.000 2.012
4350.000 2.338
4355.000 3.281
4360.000 4.733
4365.000 5.645
4370.000 7.517
4375.000 8.319
4380.000 9.162
4385.000 8.528
4390.000 7.712
4395.000 5.920
4400.000 5.171
4405.000 4.002
4410.000 3.180
4415.000 2.867
4420.000 2.420
4425.000 2.147
4430.000 2.021
4435.000 1.823
4440.000 1.756
4445.000 1.678
4450.000 1.657
4455.000 1.637
4460.000 1.635
4465.000 1.642
4470.000 1.671
4475.000 1.692
4480.000 1.750
4485.000 1.827
4490.000 1.873
4495.000 1.988
4500.000 2.066
4505.000 2.260
4510.000 2.565
4515.000 2.771
4520.000 3.328
4525.000 3.685
4530.000 4.581
4535.000 5.561
4540.000 5.930
4545.000 5.853
4550.000 5.380
4555.000 4.124
4560.000 3.051
4565.000 2.646
4570.000 2.045
4575.000 1.824
4580.000 1.509
4585.000 1.287
4590.000 1.200
4595.000 1.058
4600.000 1.000
4605.000 0.905
4610.000 0.837
4615.000 0.806
4620.000 0.753
4625.000 0.730
4630.000 0.695
4635.000 0.670
4640.000 0.662
4645.000 0.652
4650.000 0.646
4655.000 0.642
4660.000 0.642
4665.000 0.644
4670.000 0.652
4675.000 0.656
4680.000 0.675
4685.000 0.699
4690.000 0.710
4695.000 0.720
4700.000 0.740
4705.000 0.780
4710.000 0.836
4715.000 0.876
4720.000 0.964
4725.000 1.022
4730.000 1.175
4735.000 1.273
4740.000 1.561
4745.000 1.982
4750.000 2.263
4755.000 2.901
4760.000 3.198
4765.000 3.396
4770.000 2.917
4775.000 2.587
4780.000 1.991
4785.000 1.765
4790.000 1.424
4795.000 1.194
4800.000 1.108
4805.000 0.990
4810.000 0.950
4815.000 0.883
4820.000 0.837
4825.000 0.816
4830.000 0.777
4835.000 0.768
4840.000 0.749
4845.000 0.738
4850.000 0.734
4855.000 0.728
4860.000 0.731
4865.000 0.736
4870.000 0.748
4875.000 0.752
4880.000 0.771
4885.000 0.786
4890.000 0.823
4895.000 0.869
4900.000 0.893
4905.000 0.967
4910.000 1.005
4915.000 1.093
4920.000 1.147
4925.000 1.128
4930.000 0.995
4935.000 0.892
4940.000 0.647
4945.000 0.440
4950.000 0.359
4955.000 0.231
4960.000 0.192
4965.000 0.135
4970.000 0.102
4975.000 0.101
4980.000 0.102
4985.000 0.102
4990.000 0.117
4995.000 0.126
5000.000 0.126
5005.000 0.145
5010.000 0.144
5015.000 0.158
5020.000 0.161
5025.000 0.169
5030.000 0.179
5035.000 0.176
5040.000 0.192
5045.000 0.198
5050.000 0.195
5055.000 0.209
5060.000 0.205
5065.000 0.213
5070.000 0.222
5075.000 0.224
5080.000 0.228
5085.000 0.232
5090.000 0.235
5095.000 0.243
5100.000 0.245
5105.000 0.250
5110.000 0.253
5115.000 0.259
5120.000 0.261
5125.000 0.263
5130.000 0.269
5135.000 0.272
5140.000 0.278
5145.000 0.281
5150.000 0.280
5155.000 0.281
5160.000 0.284
5165.000 0.288
5170.000 0.293
5175.000 0.294
5180.000 0.297
5185.000 0.301
5190.000 0.304
5195.000 0.305
5200.000 0.303
5205.000 0.310
5210.000 0.309
5215.000 0.311
5220.000 0.310
5225.000 0.313
5230.000 0.315
5235.000 0.313
5240.000 0.317
5245.000 0.319
5250.000 0.317
5255.000 0.320
5260.000 0.315
5265.000 0.317
5270.000 0.319
5275.000 0.320
5280.000 0.320
5285.000 0.321
5290.000 0.321
5295.000 0.320
5300.000 0.320
5305.000 0.318
5310.000 0.320
5315.000 0.323
5320.000 0.325
5325.000 0.325
5330.000 0.325
5335.000 0.325
5340.000 0.324
5345.000 0.324
5350.000 0.326
5355.000 0.326
5360.000 0.328
5365.000 0.328
5370.000 0.326
5375.000 0.326
5380.000 0.324
5385.000 0.327
5390.000 0.329
5395.000 0.329
5400.000 0.325
5405.000 0.328
5410.000 0.326
5415.000 0.326
5420.000 0.329
5425.000 0.328
5430.000 0.330
5435.000 0.329
5440.000 0.331
5445.000 0.330
5450.000 0.329
5455.000 0.329
5460.000 0.329
5465.000 0.332
5470.000 0.330
5475.000 0.333
5480.000 0.333
5485.000 0.331
5490.000 0.335
5495.000 0.334
5500.000 0.334
5505.000 0.335
5510.000 0.336
5515.000 0.336
5520.000 0.342
5525.000 0.344
5530.000 0.348
5535.000 0.343
5540.000 0.337
5545.000 0.337
5550.000 0.334
5555.000 0.335
5560.000 0.334
5565.000 0.333
5570.000 0.335
5575.000 0.333
5580.000 0.333
5585.000 0.337
5590.000 0.337
5595.000 0.335
5600.000 0.341
5605.000 0.340
5610.000 0.337
5615.000 0.338
5620.000 0.335
5625.000 0.336
5630.000 0.341
5635.000 0.341
5640.000 0.338
5645.000 0.339
5650.000 0.343
5655.000 0.340
5660.000 0.341
5665.000 0.340
5670.000 0.337
5675.000 0.340
5680.000 0.339
5685.000 0.342
5690.000 0.341
5695.000 0.340
5700.000 0.342
5705.000 0.342
5710.000 0.343
5715.000 0.340
5720.000 0.343
5725.000 0.340
5730.000 0.341
5735.000 0.344
5740.000 0.343
5745.000 0.342
5750.000 0.342
5755.000 0.345
5760.000 0.342
5765.000 0.343
5770.000 0.345
5775.000 0.346
5780.000 0.344
5785.000 0.342
5790.000 0.342
5795.000 0.341
5800.000 0.346
5805.000 0.346
5810.000 0.343
5815.000 0.346
5820.000 0.346
5825.000 0.348
5830.000 0.348
5835.000 0.346
5840.000 0.348
5845.000 0.348
5850.000 0.345
5855.000 0.347
5860.000 0.349
5865.000 0.347
5870.000 0.349
5875.000 0.351
5880.000 0.350
5885.000 0.352
5890.000 0.355
5895.000 0.355
5900.000 0.352
5905.000 0.353
5910.000 0.353
5915.000 0.351
5920.000 0.352
5925.000 0.350
5930.000 0.353
5935.000 0.355
5940.000 0.352
5945.000 0.353
5950.000 0.353
5955.000 0.353
5960.000 0.354
5965.000 0.360
5970.000 0.357
5975.000 0.349
5980.000 0.352
5985.000 0.353
5990.000 0.356
5995.000 0.356
6000.000 0.362
6005.000 0.353
6010.000 0.351
6015.000 0.352
6020.000 0.358
6025.000 0.353
6030.000 0.369
6035.000 0.359
6040.000 0.361
6045.000 0.362
6050.000 0.356
6055.000 0.355
6060.000 0.355
6065.000 0.363
6070.000 0.361
6075.000 0.355
6080.000 0.358
6085.000 0.359
6090.000 0.360
6095.000 0.355
6100.000 0.358
6105.000 0.359
6110.000 0.358
6115.000 0.359
6120.000 0.358
6125.000 0.362
6130.000 0.361
6135.000 0.363
6140.000 0.361
6145.000 0.364
6150.000 0.361
6155.000 0.364
6160.000 0.362
6165.000 0.363
6170.000 0.364
6175.000 0.364
6180.000 0.364
6185.000 0.360
6190.000 0.363
6195.000 0.363
6200.000 0.363
6205.000 0.360
6210.000 0.363
6215.000 0.361
6220.000 0.364
6225.000 0.363
6230.000 0.364
6235.000 0.365
6240.000 0.368
6245.000 0.369
6250.000 0.365
6255.000 0.366
6260.000 0.365
6265.000 0.363
6270.000 0.366
6275.000 0.371
6280.000 0.369
6285.000 0.369
6290.000 0.367
6295.000 0.365
6300.000 0.365
6305.000 0.374
6310.000 0.379
6315.000 0.381
6320.000 0.387
6325.000 0.375
6330.000 0.373
6335.000 0.372
6340.000 0.372
6345.000 0.370
6350.000 0.373
6355.000 0.376
6360.000 0.376
6365.000 0.377
6370.000 0.378
6375.000 0.376
6380.000 0.374
6385.000 0.371
6390.000 0.375
6395.000 0.373
6400.000 0.379
6405.000 0.382
6410.000 0.380
6415.000 0.382
6420.000 0.382
6425.000 0.381
6430.000 0.383
6435.000 0.383
6440.000 0.386
6445.000 0.388
6450.000 0.389
6455.000 0.392
6460.000 0.395
6465.000 0.395
6470.000 0.396
6475.000 0.397
6480.000 0.402
6485.000 0.405
6490.000 0.408
6495.000 0.414
6500.000 0.420
6505.000 0.425
6510.000 0.433
6515.000 0.436
6520.000 0.443
6525.000 0.461
6530.000 0.467
6535.000 0.483
6540.000 0.491
6545.000 0.510
6550.000 0.533
6555.000 0.551
6560.000 0.586
6565.000 0.607
6570.000 0.659
6575.000 0.727
6580.000 0.773
6585.000 0.882
6590.000 0.956
6595.000 1.158
6600.000 1.443
6605.000 1.632
6610.000 2.107
6615.000 2.393
6620.000 3.021
6625.000 3.673
6630.000 3.964
6635.000 4.275
6640.000 4.250
6645.000 3.935
6650.000 3.472
6655.000 3.252
6660.000 2.887
6665.000 2.757
6670.000 2.574
6675.000 2.492
6680.000 2.476
6685.000 2.515
6690.000 2.583
6695.000 2.871
6700.000 3.345
6705.000 3.681
6710.000 4.641
6715.000 5.301
6720.000 7.074
6725.000 9.349
6730.000 10.510
6735.000 12.339
6740.000 12.794
6745.000 12.073
6750.000 9.645
6755.000 8.480
6760.000 6.601
6765.000 5.883
6770.000 4.828
6775.000 4.126
6780.000 3.867
6785.000 3.497
6790.000 3.378
6795.000 3.233
6800.000 3.202
6805.000 3.206
6810.000 3.230
6815.000 3.256
6820.000 3.363
6825.000 3.507
6830.000 3.609
6835.000 3.845
6840.000 4.002
6845.000 4.424
6850.000 5.071
6855.000 5.510
6860.000 6.688
6865.000 7.459
6870.000 9.326
6875.000 11.258
6880.000 11.924
6885.000 11.960
6890.000 11.161
6895.000 8.835
6900.000 6.700
6905.000 5.877
6910.000 4.635
6915.000 4.191
6920.000 3.515
6925.000 3.089
6930.000 2.919
6935.000 2.652
6940.000 2.541
6945.000 2.353
6950.000 2.199
6955.000 2.133
6960.000 2.033
6965.000 1.982
6970.000 1.923
6975.000 1.865
6980.000 1.843
6985.000 1.824
6990.000 1.819
6995.000 1.816
7000.000 1.825
7005.000 1.841
7010.000 1.888
7015.000 1.921
7020.000 1.999
7025.000 2.122
7030.000 2.180
7035.000 2.371
7040.000 2.488
7045.000 2.811
7050.000 3.295
7055.000 3.605
7060.000 4.381
7065.000 4.844
7070.000 5.665
7075.000 6.026
7080.000 5.911
7085.000 5.054
7090.000 4.434
7095.000 3.464
7100.000 3.088
7105.000 2.518
7110.000 2.120
7115.000 1.984
7120.000 1.759
7125.000 1.663
7130.000 1.504
7135.000 1.384
7140.000 1.332
7145.000 1.227
7150.000 1.172
7155.000 1.080
7160.000 1.001
7165.000 0.968
7170.000 0.911
7175.000 0.886
7180.000 0.842
7185.000 0.808
7190.000 0.794
7195.000 0.767
7200.000 0.756
7205.000 0.736
7210.000 0.723
7215.000 0.718
7220.000 0.703
7225.000 0.700
7230.000 0.695
7235.000 0.690
7240.000 0.689
7245.000 0.688
7250.000 0.685
7255.000 0.688
7260.000 0.695
7265.000 0.697
7270.000 0.700
7275.000 0.703
7280.000 0.710
7285.000 0.718
7290.000 0.724
7295.000 0.737
7300.000 0.748
7305.000 0.766
7310.000 0.787
7315.000 0.803
7320.000 0.832
7325.000 0.848
7330.000 0.887
7335.000 0.930
7340.000 0.959
7345.000 1.022
7350.000 1.059
7355.000 1.158
7360.000 1.276
7365.000 1.309
7370.000 1.384
7375.000 1.429
7380.000 1.521
7385.000 1.652
7390.000 1.731
7395.000 1.933
7400.000 2.057
7405.000 2.374
7410.000 2.578
7415.000 3.102
7420.000 3.825
7425.000 4.273
7430.000 5.395
7435.000 6.032
7440.000 7.390
7445.000 8.511
7450.000 8.782
7455.000 8.347
7460.000 7.683
7465.000 6.212
7470.000 4.946
7475.000 4.427
7480.000 3.637
7485.000 3.337
7490.000 2.883
7495.000 2.583
7500.000 2.475
7505.000 2.335
7510.000 2.301
7515.000 2.247
7520.000 2.239
7525.000 2.241
7530.000 2.274
7535.000 2.305
7540.000 2.390
7545.000 2.517
7550.000 2.594
7555.000 2.818
7560.000 2.964
7565.000 3.353
7570.000 3.893
7575.000 4.227
7580.000 4.972
7585.000 5.339
7590.000 5.913
7595.000 5.827
7600.000 5.482
7605.000 4.597
7610.000 4.164
7615.000 3.446
7625.000 4.595
7630.000 3.628
7635.000 2.942
7640.000 2.682
7645.000 2.266
7650.000 2.117
7655.000 1.898
7660.000 1.754
7665.000 1.706
7670.000 1.651
7675.000 1.626
7680.000 1.604
7685.000 1.586
7690.000 1.584
7695.000 1.597
7700.000 1.598
7705.000 1.623
7710.000 1.663
7715.000 1.692
7720.000 1.758
7725.000 1.808
7730.000 1.914
7735.000 2.057
7740.000 2.139
7745.000 2.346
7750.000 2.467
7755.000 2.724
7760.000 2.931
7765.000 2.989
7770.000 2.890
7775.000 2.742
7780.000 2.395
7785.000 2.012
7790.000 1.830
7795.000 1.530
7800.000 1.397
7805.000 1.185
7810.000 1.022
7815.000 0.953
7820.000 0.842
7825.000 0.793
7830.000 0.710
7835.000 0.633
7840.000 0.600
7845.000 0.543
7850.000 0.516
7855.000 0.473
7860.000 0.434
7865.000 0.416
7870.000 0.388
7875.000 0.373
7880.000 0.347
7885.000 0.323
7890.000 0.314
7895.000 0.306
7900.000 0.313
7905.000 0.330
7910.000 0.341
7915.000 0.344
7920.000 0.349
7925.000 0.350
7930.000 0.348
7935.000 0.342
7940.000 0.347
7945.000 0.340
7950.000 0.338
7955.000 0.339
7960.000 0.336
7965.000 0.333
7970.000 0.329
7975.000 0.328
7980.000 0.328
7985.000 0.326
7990.000 0.334
7995.000 0.330
8000.000 0.321
8005.000 0.332
8010.000 0.328
8015.000 0.328
8020.000 0.320
8025.000 0.324
8030.000 0.325
8035.000 0.320
8040.000 0.327
8045.000 0.327
8050.000 0.318
8055.000 0.324
8060.000 0.318
8065.000 0.323
8070.000 0.324
8075.000 0.325
8080.000 0.324
8085.000 0.320
8090.000 0.321
8095.000 0.322
8100.000 0.320
8105.000 0.321
8110.000 0.320
8115.000 0.324
8120.000 0.325
8125.000 0.328
8130.000 0.330
8135.000 0.329
8140.000 0.329
8145.000 0.328
8150.000 0.327
8155.000 0.327
8160.000 0.324
8165.000 0.327
8170.000 0.328
8175.000 0.329
8180.000 0.327
8185.000 0.329
8190.000 0.328
8195.000 0.328
8200.000 0.328
8205.000 0.330
8210.000 0.329
8215.000 0.331
8220.000 0.330
8225.000 0.333
8230.000 0.332
8235.000 0.333
8240.000 0.333
8245.000 0.333
8250.000 0.333
8255.000 0.335
8260.000 0.337
8265.000 0.337
8270.000 0.337
8275.000 0.337
8280.000 0.341
8285.000 0.340
8290.000 0.341
8295.000 0.339
8300.000 0.338
8305.000 0.341
8310.000 0.341
8315.000 0.339
8320.000 0.341
8325.000 0.340
8330.000 0.340
8335.000 0.341
8340.000 0.344
8345.000 0.343
8350.000 0.345
8355.000 0.342
8360.000 0.346
8365.000 0.347
8370.000 0.347
8375.000 0.346
8380.000 0.347
8385.000 0.346
8390.000 0.349
8395.000 0.350
8400.000 0.352
8405.000 0.352
8410.000 0.351
8415.000 0.353
8420.000 0.355
8425.000 0.357
8430.000 0.359
8435.000 0.358
8440.000 0.358
8445.000 0.360
8450.000 0.360
8455.000 0.359
8460.000 0.359
8465.000 0.361
8470.000 0.361
8475.000 0.359
8480.000 0.359
8485.000 0.361
8490.000 0.362
8495.000 0.362
8500.000 0.363
8505.000 0.364
8510.000 0.366
8515.000 0.363
8520.000 0.364
8525.000 0.366
8530.000 0.369
8535.000 0.365
8540.000 0.367
8545.000 0.368
8550.000 0.371
8555.000 0.370
8560.000 0.368
8565.000 0.372
8570.000 0.372
8575.000 0.376
8580.000 0.374
8585.000 0.372
8590.000 0.376
8595.000 0.377
8600.000 0.377
8605.000 0.378
8610.000 0.378
8615.000 0.379
8620.000 0.379
8625.000 0.380
8630.000 0.384
8635.000 0.385
8640.000 0.387
8645.000 0.386
8650.000 0.388
8655.000 0.388
8660.000 0.384
8665.000 0.386
8670.000 0.383
8675.000 0.384
8680.000 0.387
8685.000 0.386
8690.000 0.388
8695.000 0.389
8700.000 0.384
8705.000 0.390
8710.000 0.389
8715.000 0.387
8720.000 0.387
8725.000 0.388
8730.000 0.386
8735.000 0.390
8740.000 0.394
8745.000 0.388
8750.000 0.388
8755.000 0.386
8760.000 0.388
8765.000 0.386
8770.000 0.385
8775.000 0.391
8780.000 0.388
8785.000 0.392
8790.000 0.387
8795.000 0.390
8800.000 0.390
8805.000 0.391
8810.000 0.391
8815.000 0.386
8820.000 0.394
8825.000 0.380
8830.000 0.393
8835.000 0.411
8840.000 0.392
8845.000 0.400
8850.000 0.390
8855.000 0.389
8860.000 0.390
8865.000 0.391
8870.000 0.390
8875.000 0.392
8880.000 0.394
8885.000 0.390
8890.000 0.389
8895.000 0.391
8900.000 0.392
8905.000 0.390
8910.000 0.391
8915.000 0.390
8920.000 0.391
8925.000 0.393
8930.000 0.391
8935.000 0.388
8940.000 0.391
8945.000 0.391
8950.000 0.393
8955.000 0.395
8960.000 0.391
8965.000 0.391
8970.000 0.395
8975.000 0.397
8980.000 0.393
8985.000 0.395
8990.000 0.388
8995.000 0.399
9000.000 0.396
9005.000 0.394
9010.000 0.391
9015.000 0.398
9020.000 0.398
9025.000 0.393
9030.000 0.396
9035.000 0.391
9040.000 0.394
9045.000 0.393
9050.000 0.389
9055.000 0.395
9060.000 0.394
9065.000 0.395
9070.000 0.392
9075.000 0.390
9080.000 0.395
9085.000 0.393
9090.000 0.394
9095.000 0.393
9100.000 0.396
9105.000 0.395
9110.000 0.396
9115.000 0.394
9120.000 0.393
9125.000 0.394
9130.000 0.396
9135.000 0.397
9140.000 0.397
9145.000 0.393
9150.000 0.392
9155.000 0.390
9160.000 0.391
9165.000 0.394
9170.000 0.396
9175.000 0.397
9180.000 0.392
9185.000 0.392
9190.000 0.393
9195.000 0.391
9200.000 0.392
9205.000 0.392
9210.000 0.395
9215.000 0.397
9220.000 0.398
9225.000 0.400
9230.000 0.400
9235.000 0.399
9240.000 0.398
9245.000 0.398
9250.000 0.393
9255.000 0.395
9260.000 0.394
9265.000 0.396
9270.000 0.396
9275.000 0.393
9280.000 0.395
9285.000 0.398
9290.000 0.396
9295.000 0.395
9300.000 0.397
9305.000 0.399
9310.000 0.398
9315.000 0.402
9320.000 0.401
9325.000 0.399
9330.000 0.397
9335.000 0.399
9340.000 0.399
9345.000 0.397
9350.000 0.396
9355.000 0.396
9360.000 0.398
9365.000 0.400
9370.000 0.401
9375.000 0.399
9380.000 0.397
9385.000 0.396
9390.000 0.397
9395.000 0.397
9400.000 0.395
9405.000 0.397
9410.000 0.398
9415.000 0.395
9420.000 0.397
9425.000 0.399
9430.000 0.399
9435.000 0.396
9440.000 0.397
9445.000 0.398
9450.000 0.396
9455.000 0.398
9460.000 0.394
9465.000 0.397
9470.000 0.395
9475.000 0.395
9480.000 0.395
9485.000 0.398
9490.000 0.396
9495.000 0.394
9500.000 0.394
9505.000 0.396
9510.000 0.394
9515.000 0.394
9520.000 0.395
9525.000 0.392
9530.000 0.393
9535.000 0.395
9540.000 0.396
9545.000 0.392
9550.000 0.393
9555.000 0.394
9560.000 0.395
9565.000 0.395
9570.000 0.392
9575.000 0.393
9580.000 0.395
9585.000 0.393
9590.000 0.394
9595.000 0.392
9600.000 0.396
9605.000 0.397
9610.000 0.391
9615.000 0.391
9620.000 0.397
9625.000 0.393
9630.000 0.396
9635.000 0.399
9640.000 0.394
9645.000 0.393
9650.000 0.397
9655.000 0.392
9660.000 0.393
9665.000 0.391
9670.000 0.388
9675.000 0.392
9680.000 0.392
9685.000 0.391
9690.000 0.391
9695.000 0.388
9700.000 0.388
9705.000 0.389
9710.000 0.390
9715.000 0.388
9720.000 0.388
9725.000 0.390
9730.000 0.393
9735.000 0.389
9740.000 0.388
9745.000 0.388
9750.000 0.391
9755.000 0.388
9760.000 0.391
9765.000 0.388
9770.000 0.389
9775.000 0.391
9780.000 0.392
9785.000 0.391
9790.000 0.392
9795.000 0.392
9800.000 0.389
9805.000 0.386
9810.000 0.390
9815.000 0.386
9820.000 0.386
9825.000 0.377
9830.000 0.381
9835.000 0.378
9840.000 0.375
9845.000 0.373
9850.000 0.372
9855.000 0.369
9860.000 0.368
9865.000 0.365
9870.000 0.364
9875.000 0.361
9880.000 0.360
9885.000 0.355
9890.000 0.355
9895.000 0.347
9900.000 0.343
9905.000 0.338
9910.000 0.336
9915.000 0.332
9920.000 0.325
9925.000 0.313
9930.000 0.308
9935.000 0.296
9940.000 0.292
9945.000 0.274
9950.000 0.255
9955.000 0.245
9960.000 0.221
9965.000 0.210
9970.000 0.190
9975.000 0.183
9980.000 0.194
9985.000 0.261
9990.000 0.341
9995.000 0.641
10000.000 1.220
10005.000 1.559
10010.000 2.176
10015.000 2.406
10020.000 2.645
10025.000 2.657
10030.000 2.580
10035.000 2.463
10040.000 2.402
10045.000 2.299
10050.000 2.252
10055.000 2.185
10060.000 2.145
10065.000 2.115
10070.000 2.120
10075.000 2.138
10080.000 2.197
10085.000 2.306
10090.000 2.391
10095.000 2.612
10100.000 2.765
10105.000 3.129
10110.000 3.556
10115.000 3.755
10120.000 3.968
10125.000 3.906
10130.000 3.408
10135.000 2.682
10140.000 2.333
10145.000 1.764
10150.000 1.544
10155.000 1.208
10160.000 0.980
10165.000 0.890
10170.000 0.762
10175.000 0.714
10180.000 0.646
10185.000 0.597
10190.000 0.581
10195.000 0.556
10200.000 0.546
10205.000 0.536
10210.000 0.543
10215.000 0.552
10220.000 0.579
10225.000 0.595
10230.000 0.643
10235.000 0.708
10240.000 0.756
10245.000 0.884
10250.000 0.962
10255.000 1.185
10260.000 1.522
10265.000 1.747
10270.000 2.287
10275.000 2.600
10280.000 3.204
10285.000 3.622
10290.000 3.694
10295.000 3.532
10300.000 3.313
10305.000 2.813
10310.000 2.349
10315.000 2.144
10320.000 1.798
10325.000 1.665
10330.000 1.460
10335.000 1.305
10340.000 1.249
10345.000 1.177
10350.000 1.144
10355.000 1.095
10360.000 1.081
10365.000 1.069
10370.000 1.047
10375.000 1.035
10380.000 1.022
10385.000 1.006
10390.000 1.000
10395.000 1.004
10400.000 1.000
10405.000 0.996
10410.000 1.000
10415.000 1.002
10420.000 1.011
10425.000 1.021
10430.000 1.036
10435.000 1.057
10440.000 1.073
10445.000 1.101
10450.000 1.117
10455.000 1.151
10460.000 1.193
10465.000 1.218
10470.000 1.280
10475.000 1.308
10480.000 1.378
10485.000 1.444
10490.000 1.482
10495.000 1.529
10500.000 1.554
10505.000 1.576
10510.000 1.537
10515.000 1.498
10520.000 1.382
10525.000 1.308
10530.000 1.155
10535.000 0.999
10540.000 0.925
10545.000 0.791
10550.000 0.730
10555.000 0.627
10560.000 0.532
10565.000 0.498
10570.000 0.425
10575.000 0.396
10580.000 0.342
10585.000 0.299
10590.000 0.279
10595.000 0.243
10600.000 0.226
10605.000 0.195
10610.000 0.173
10615.000 0.159
10620.000 0.143
10625.000 0.138
10630.000 0.126
10635.000 0.123
10640.000 0.124
10645.000 0.123
10650.000 0.126
10655.000 0.136
10660.000 0.142
10665.000 0.162
10670.000 0.187
10675.000 0.211
10680.000 0.264
10685.000 0.295
10690.000 0.396
10695.000 0.531
10700.000 0.602
10705.000 0.761
10710.000 0.848
10715.000 1.038
10720.000 1.275
10725.000 1.415
10730.000 1.754
10735.000 1.946
10740.000 2.382
10745.000 2.801
10750.000 2.984
10755.000 3.230
10760.000 3.269
10765.000 3.195
10770.000 2.984
10775.000 2.853
10780.000 2.581
10785.000 2.457
10790.000 2.199
10795.000 1.975
10800.000 1.867
10805.000 1.679
10810.000 1.600
10815.000 1.462
10820.000 1.365
10825.000 1.321
10830.000 1.244
10835.000 1.215
10840.000 1.169
10845.000 1.139
10850.000 1.130
10855.000 1.133
10860.000 1.133
10865.000 1.152
10870.000 1.165
10875.000 1.177
10880.000 1.199
10885.000 1.215
10890.000 1.259
10895.000 1.266
10900.000 1.274
10905.000 1.293
10910.000 1.287
10915.000 1.242
10920.000 1.155
10925.000 1.089
10930.000 0.933
10935.000 0.857
10940.000 0.695
10945.000 0.557
10950.000 0.495
10955.000 0.383
10960.000 0.339
10965.000 0.256
10970.000 0.190
10975.000 0.163
10980.000 0.119
10985.000 0.100
10990.000 0.075
10995.000 0.067
11000.000 0.079
11005.000 0.098
11010.000 0.115
11015.000 0.161
11020.000 0.243
11025.000 0.296
11030.000 0.460
11035.000 0.527
11040.000 0.686
11045.000 0.878
11050.000 0.929
11055.000 0.981
11060.000 0.986
11065.000 0.965
11070.000 0.912
11075.000 0.884
11080.000 0.832
11085.000 0.804
11090.000 0.746
11095.000 0.696
11100.000 0.673
11105.000 0.624
11110.000 0.606
11115.000 0.569
11120.000 0.534
11125.000 0.520
11130.000 0.489
11135.000 0.478
11140.000 0.454
11145.000 0.437
11150.000 0.431
11155.000 0.422
11160.000 0.423
11165.000 0.417
11170.000 0.414
11175.000 0.412
11180.000 0.408
11185.000 0.408
11190.000 0.409
11195.000 0.405
11200.000 0.408
11205.000 0.405
11210.000 0.406
11215.000 0.402
11220.000 0.404
11225.000 0.402
11230.000 0.401
11235.000 0.400
11240.000 0.402
11245.000 0.403
11250.000 0.398
11255.000 0.394
11260.000 0.394
11265.000 0.399
11270.000 0.398
11275.000 0.394
11280.000 0.396
11285.000 0.395
11290.000 0.392
11295.000 0.394
11300.000 0.394
11305.000 0.394
11310.000 0.394
11315.000 0.392
11320.000 0.388
11325.000 0.393
11330.000 0.391
11335.000 0.392
11340.000 0.388
11345.000 0.390
11350.000 0.389
11355.000 0.387
11360.000 0.387
11365.000 0.386
11370.000 0.388
11375.000 0.384
11380.000 0.386
11385.000 0.383
11390.000 0.389
11395.000 0.389
11400.000 0.384
11405.000 0.382
11410.000 0.381
11415.000 0.381
11420.000 0.382
11425.000 0.381
11430.000 0.382
11435.000 0.381
11440.000 0.380
11445.000 0.380
11450.000 0.381
11455.000 0.379
11460.000 0.380
11465.000 0.378
11470.000 0.377
11475.000 0.380
11480.000 0.381
11485.000 0.381
11490.000 0.380
11495.000 0.381
11500.000 0.379
11505.000 0.377
11510.000 0.377
11515.000 0.379
11520.000 0.382
11525.000 0.385
11530.000 0.382
11535.000 0.382
11540.000 0.375
11545.000 0.378
11550.000 0.380
11555.000 0.383
11560.000 0.378
11565.000 0.382
11570.000 0.380
11575.000 0.378
11580.000 0.379
11585.000 0.378
11590.000 0.375
11595.000 0.375
11600.000 0.378
11605.000 0.376
11610.000 0.377
11615.000 0.379
11620.000 0.378
11625.000 0.375
11630.000 0.377
11635.000 0.379
11640.000 0.376
11645.000 0.375
11650.000 0.374
11655.000 0.374
11660.000 0.377
11665.000 0.380
11670.000 0.380
11675.000 0.382
11680.000 0.380
11685.000 0.380
11690.000 0.377
11695.000 0.376
11700.000 0.377
11705.000 0.376
11710.000 0.376
11715.000 0.374
11720.000 0.373
11725.000 0.378
11730.000 0.379
11735.000 0.380
11740.000 0.381
11745.000 0.379
11750.000 0.379
11755.000 0.374
11760.000 0.377
11765.000 0.375
11770.000 0.372
11775.000 0.378
11780.000 0.375
11785.000 0.372
11790.000 0.376
11795.000 0.377
11800.000 0.376
11805.000 0.375
11810.000 0.374
11815.000 0.370
11820.000 0.376
11825.000 0.375
11830.000 0.377
11835.000 0.374
11840.000 0.371
11845.000 0.372
11850.000 0.369
11855.000 0.372
11860.000 0.370
11865.000 0.368
11870.000 0.366
11875.000 0.367
11880.000 0.371
11885.000 0.373
11890.000 0.370
11895.000 0.370
11900.000 0.371
11905.000 0.373
11910.000 0.370
11915.000 0.371
11920.000 0.369
11925.000 0.369
11930.000 0.368
11935.000 0.370
11940.000 0.371
11945.000 0.371
11950.000 0.372
11955.000 0.373
11960.000 0.368
11965.000 0.367
11970.000 0.367
11975.000 0.370
11980.000 0.371
11985.000 0.366
11990.000 0.370
11995.000 0.367
12000.000 0.368
