105.000 0.069
110.000 2.181
115.000 2.696
120.000 2.974
125.000 3.221
130.000 3.511
135.000 3.604
140.000 3.752
145.000 3.672
150.000 3.773
155.000 3.758
160.000 3.634
165.000 3.414
170.000 3.479
175.000 3.520
180.000 3.462
185.000 3.499
190.000 3.404
195.000 3.435
200.000 3.491
205.000 3.498
210.000 3.596
215.000 3.641
220.000 3.745
225.000 3.770
230.000 3.825
235.000 3.914
240.000 4.030
245.000 3.999
250.000 4.113
255.000 4.102
260.000 4.208
265.000 4.216
270.000 4.284
275.000 4.276
280.000 4.224
285.000 4.191
290.000 4.166
295.000 4.163
300.000 4.249
305.000 4.189
310.000 4.262
315.000 4.313
320.000 4.438
325.000 4.557
330.000 4.688
335.000 4.884
340.000 5.056
345.000 5.251
350.000 5.526
355.000 5.764
360.000 5.969
365.000 6.166
370.000 6.485
375.000 6.822
380.000 7.196
385.000 7.548
390.000 7.900
395.000 8.234
400.000 8.530
405.000 8.712
410.000 8.861
415.000 8.825
420.000 8.867
425.000 8.659
430.000 8.118
435.000 7.713
440.000 6.920
445.000 6.047
450.000 5.216
455.000 4.454
460.000 3.810
465.000 3.288
470.000 2.860
475.000 2.565
480.000 2.436
485.000 2.232
490.000 2.071
495.000 1.950
500.000 1.836
505.000 1.730
510.000 1.633
515.000 1.562
520.000 1.486
525.000 1.407
530.000 1.336
535.000 1.279
540.000 1.216
545.000 1.192
550.000 1.138
555.000 1.085
560.000 1.021
565.000 0.974
570.000 0.924
575.000 0.875
580.000 0.841
585.000 0.802
590.000 0.768
595.000 0.731
600.000 0.713
605.000 0.691
610.000 0.678
615.000 0.660
620.000 0.637
625.000 0.612
630.000 0.603
635.000 0.586
640.000 0.565
645.000 0.558
650.000 0.545
655.000 0.526
660.000 0.512
665.000 0.505
670.000 0.501
675.000 0.493
680.000 0.479
685.000 0.477
690.000 0.467
695.000 0.455
700.000 0.448
705.000 0.446
710.000 0.432
715.000 0.428
720.000 0.421
725.000 0.419
730.000 0.414
735.000 0.407
740.000 0.400
745.000 0.398
750.000 0.390
755.000 0.390
760.000 0.380
765.000 0.382
770.000 0.376
775.000 0.370
780.000 0.374
785.000 0.371
790.000 0.373
795.000 0.378
800.000 0.376
805.000 0.361
810.000 0.358
815.000 0.361
820.000 0.350
825.000 0.353
830.000 0.348
835.000 0.348
840.000 0.347
845.000 0.340
850.000 0.340
855.000 0.340
860.000 0.337
865.000 0.338
870.000 0.335
875.000 0.331
880.000 0.329
885.000 0.329
890.000 0.331
895.000 0.329
900.000 0.328
905.000 0.329
910.000 0.331
915.000 0.331
920.000 0.325
925.000 0.323
930.000 0.328
935.000 0.321
940.000 0.324
945.000 0.338
950.000 0.330
955.000 0.323
960.000 0.323
965.000 0.320
970.000 0.325
975.000 0.320
980.000 0.329
985.000 0.326
990.000 0.326
995.000 0.320
1000.000 0.329
1005.000 0.315
1010.000 0.311
1015.000 0.323
1020.000 0.334
1025.000 0.320
1030.000 0.331
1035.000 0.325
1040.000 0.329
1045.000 0.328
1050.000 0.321
1055.000 0.320
1060.000 0.320
1065.000 0.315
1070.000 0.318
1075.000 0.322
1080.000 0.327
1085.000 0.319
1090.000 0.316
1095.000 0.321
1100.000 0.318
1105.000 0.320
1110.000 0.314
1115.000 0.322
1120.000 0.318
1125.000 0.323
1130.000 0.318
1135.000 0.323
1140.000 0.321
1145.000 0.323
1150.000 0.322
1155.000 0.323
1160.000 0.321
1165.000 0.325
1170.000 0.324
1175.000 0.326
1180.000 0.328
1185.000 0.325
1190.000 0.326
1195.000 0.320
1200.000 0.323
1205.000 0.325
1210.000 0.327
1215.000 0.327
1220.000 0.331
1225.000 0.332
1230.000 0.331
1235.000 0.331
1240.000 0.332
1245.000 0.330
1250.000 0.333
1255.000 0.337
1260.000 0.339
1265.000 0.339
1270.000 0.342
1275.000 0.342
1280.000 0.344
1285.000 0.342
1290.000 0.338
1295.000 0.341
1300.000 0.344
1305.000 0.344
1310.000 0.345
1315.000 0.345
1320.000 0.353
1325.000 0.350
1330.000 0.352
1335.000 0.351
1340.000 0.353
1345.000 0.356
1350.000 0.358
1355.000 0.362
1360.000 0.362
1365.000 0.359
1370.000 0.365
1375.000 0.363
1380.000 0.362
1385.000 0.368
1390.000 0.369
1395.000 0.365
1400.000 0.362
1405.000 0.363
1410.000 0.357
1415.000 0.359
1420.000 0.360
1425.000 0.360
1430.000 0.358
1435.000 0.357
1440.000 0.356
1445.000 0.360
1450.000 0.376
1455.000 0.376
1460.000 0.374
1465.000 0.385
1470.000 0.383
1475.000 0.390
1480.000 0.399
1485.000 0.397
1490.000 0.411
1495.000 0.412
1500.000 0.415
1505.000 0.423
1510.000 0.429
1515.000 0.438
1520.000 0.436
1525.000 0.447
1530.000 0.450
1535.000 0.457
1540.000 0.456
1545.000 0.467
1550.000 0.473
1555.000 0.475
1560.000 0.482
1565.000 0.490
1570.000 0.494
1575.000 0.508
1580.000 0.510
1585.000 0.514
1590.000 0.523
1595.000 0.534
1600.000 0.541
1605.000 0.545
1610.000 0.557
1615.000 0.561
1620.000 0.571
1625.000 0.581
1630.000 0.592
1635.000 0.599
1640.000 0.613
1645.000 0.615
1650.000 0.631
1655.000 0.648
1660.000 0.652
1665.000 0.667
1670.000 0.672
1675.000 0.690
1680.000 0.707
1685.000 0.719
1690.000 0.738
1695.000 0.749
1700.000 0.762
1705.000 0.776
1710.000 0.793
1715.000 0.809
1720.000 0.822
1725.000 0.841
1730.000 0.860
1735.000 0.880
1740.000 0.892
1745.000 0.917
1750.000 0.942
1755.000 0.961
1760.000 0.976
1765.000 0.991
1770.000 1.014
1775.000 1.034
1780.000 1.056
1785.000 1.074
1790.000 1.093
1795.000 1.116
1800.000 1.138
1805.000 1.154
1810.000 1.183
1815.000 1.197
1820.000 1.215
1825.000 1.226
1830.000 1.243
1835.000 1.261
1840.000 1.275
1845.000 1.294
1850.000 1.304
1855.000 1.324
1860.000 1.329
1865.000 1.341
1870.000 1.341
1875.000 1.346
1880.000 1.352
1885.000 1.354
1890.000 1.352
1895.000 1.358
1900.000 1.361
1905.000 1.353
1910.000 1.357
1915.000 1.351
1920.000 1.346
1925.000 1.350
1930.000 1.338
1935.000 1.335
1940.000 1.331
1945.000 1.324
1950.000 1.317
1955.000 1.317
1960.000 1.298
1965.000 1.301
1970.000 1.292
1975.000 1.291
1980.000 1.285
1985.000 1.258
1990.000 1.273
1995.000 1.272
2000.000 1.248
2005.000 1.252
2010.000 1.252
2015.000 1.234
2020.000 1.237
2025.000 1.221
2030.000 1.218
2035.000 1.217
2040.000 1.217
2045.000 1.210
2050.000 1.195
2055.000 1.210
2060.000 1.191
2065.000 1.189
2070.000 1.190
2075.000 1.189
2080.000 1.196
2085.000 1.195
2090.000 1.198
2095.000 1.193
2100.000 1.201
2105.000 1.207
2110.000 1.209
2115.000 1.218
2120.000 1.221
2125.000 1.223
2130.000 1.233
2135.000 1.232
2140.000 1.248
2145.000 1.261
2150.000 1.273
2155.000 1.285
2160.000 1.294
2165.000 1.318
2170.000 1.338
2175.000 1.354
2180.000 1.383
2185.000 1.410
2190.000 1.427
2195.000 1.449
2200.000 1.476
2205.000 1.509
2210.000 1.546
2215.000 1.614
2220.000 1.648
2225.000 1.701
2230.000 1.764
2235.000 1.787
2240.000 1.893
2245.000 1.960
2250.000 2.067
2255.000 2.174
2260.000 2.302
2265.000 2.499
2270.000 2.754
2275.000 3.067
2280.000 3.554
2285.000 4.283
2290.000 5.456
2295.000 7.472
2300.000 10.768
2305.000 13.345
2310.000 19.310
2315.000 25.077
2320.000 25.191
2325.000 21.881
2330.000 10.782
2335.000 6.845
2340.000 4.733
2345.000 3.419
2350.000 2.613
2355.000 2.057
2360.000 1.646
2365.000 1.363
2370.000 1.242
2375.000 1.055
2380.000 0.886
2385.000 0.771
2390.000 0.677
2395.000 0.588
2400.000 0.524
2405.000 0.464
2410.000 0.420
2415.000 0.375
2420.000 0.346
2425.000 0.322
2430.000 0.280
2435.000 0.266
2440.000 0.242
2445.000 0.225
2450.000 0.200
2455.000 0.179
2460.000 0.166
2465.000 0.149
2470.000 0.142
2475.000 0.125
2480.000 0.112
2485.000 0.102
2490.000 0.097
2495.000 0.086
2500.000 0.078
2505.000 0.073
2510.000 0.067
2515.000 0.064
2520.000 0.057
2525.000 0.056
2530.000 0.051
2535.000 0.050
2540.000 0.051
2545.000 0.051
2550.000 0.051
2555.000 0.052
2560.000 0.054
2565.000 0.056
2570.000 0.058
2575.000 0.060
2580.000 0.063
2585.000 0.067
2590.000 0.070
2595.000 0.072
2600.000 0.074
2605.000 0.079
2610.000 0.079
2615.000 0.081
2620.000 0.083
2625.000 0.088
2630.000 0.090
2635.000 0.094
2640.000 0.095
2645.000 0.098
2650.000 0.099
2655.000 0.104
2660.000 0.105
2665.000 0.108
2670.000 0.110
2675.000 0.114
2680.000 0.116
2685.000 0.119
2690.000 0.122
2695.000 0.126
2700.000 0.129
2705.000 0.131
2710.000 0.132
2715.000 0.136
2720.000 0.140
2725.000 0.142
2730.000 0.145
2735.000 0.147
2740.000 0.148
2745.000 0.152
2750.000 0.157
2755.000 0.160
2760.000 0.164
2765.000 0.166
2770.000 0.170
2775.000 0.175
2780.000 0.178
2785.000 0.181
2790.000 0.184
2795.000 0.185
2800.000 0.190
2805.000 0.193
2810.000 0.196
2815.000 0.200
2820.000 0.205
2825.000 0.209
2830.000 0.212
2835.000 0.218
2840.000 0.220
2845.000 0.225
2850.000 0.230
2855.000 0.235
2860.000 0.236
2865.000 0.241
2870.000 0.247
2875.000 0.250
2880.000 0.255
2885.000 0.258
2890.000 0.264
2895.000 0.268
2900.000 0.270
2905.000 0.269
2910.000 0.277
2915.000 0.282
2920.000 0.281
2925.000 0.284
2930.000 0.287
2935.000 0.291
2940.000 0.290
2945.000 0.298
2950.000 0.301
2955.000 0.301
2960.000 0.299
2965.000 0.311
2970.000 0.304
2975.000 0.312
2980.000 0.317
2985.000 0.315
2990.000 0.319
2995.000 0.321
3000.000 0.327
3005.000 0.316
3010.000 0.313
3015.000 0.327
3020.000 0.324
3025.000 0.329
3030.000 0.323
3035.000 0.338
3040.000 0.337
3045.000 0.340
3050.000 0.335
3055.000 0.341
3060.000 0.342
3065.000 0.338
3070.000 0.343
3075.000 0.344
3080.000 0.344
3085.000 0.345
3090.000 0.344
3095.000 0.347
3100.000 0.348
3105.000 0.347
3110.000 0.347
3115.000 0.349
3120.000 0.349
3125.000 0.349
3130.000 0.348
3135.000 0.348
3140.000 0.350
3145.000 0.349
3150.000 0.352
3155.000 0.350
3160.000 0.354
3165.000 0.353
3170.000 0.352
3175.000 0.353
3180.000 0.354
3185.000 0.352
3190.000 0.354
3195.000 0.355
3200.000 0.355
3205.000 0.353
3210.000 0.356
3215.000 0.357
3220.000 0.358
3225.000 0.360
3230.000 0.359
3235.000 0.361
3240.000 0.362
3245.000 0.362
3250.000 0.361
3255.000 0.364
3260.000 0.364
3265.000 0.365
3270.000 0.368
3275.000 0.370
3280.000 0.371
3285.000 0.368
3290.000 0.373
3295.000 0.373
3300.000 0.375
3305.000 0.380
3310.000 0.380
3315.000 0.381
3320.000 0.385
3325.000 0.384
3330.000 0.387
3335.000 0.389
3340.000 0.387
3345.000 0.391
3350.000 0.394
3355.000 0.394
3360.000 0.398
3365.000 0.400
3370.000 0.402
3375.000 0.406
3380.000 0.409
3385.000 0.414
3390.000 0.415
3395.000 0.418
3400.000 0.423
3405.000 0.431
3410.000 0.435
3415.000 0.432
3420.000 0.434
3425.000 0.436
3430.000 0.442
3435.000 0.447
3440.000 0.453
3445.000 0.455
3450.000 0.458
3455.000 0.467
3460.000 0.473
3465.000 0.474
3470.000 0.481
3475.000 0.487
3480.000 0.496
3485.000 0.502
3490.000 0.510
3495.000 0.520
3500.000 0.523
3505.000 0.533
3510.000 0.547
3515.000 0.556
3520.000 0.566
3525.000 0.576
3530.000 0.583
3535.000 0.600
3540.000 0.612
3545.000 0.627
3550.000 0.645
3555.000 0.670
3560.000 0.682
3565.000 0.705
3570.000 0.727
3575.000 0.755
3580.000 0.792
3585.000 0.825
3590.000 0.845
3595.000 0.888
3600.000 0.924
3605.000 0.966
3610.000 1.002
3615.000 1.049
3620.000 1.098
3625.000 1.151
3630.000 1.210
3635.000 1.279
3640.000 1.365
3645.000 1.451
3650.000 1.504
3655.000 1.626
3660.000 1.774
3665.000 1.963
3670.000 2.211
3675.000 2.546
3680.000 3.011
3685.000 3.745
3690.000 4.759
3695.000 6.281
3700.000 9.017
3705.000 11.802
3710.000 22.206
3715.000 30.914
3720.000 27.750
3725.000 17.686
3730.000 10.561
3735.000 6.974
3740.000 4.917
3745.000 3.705
3750.000 2.916
3755.000 2.361
3760.000 2.143
3765.000 1.668
3770.000 1.550
3775.000 1.351
3780.000 1.198
3785.000 1.075
3790.000 0.975
3795.000 0.896
3800.000 0.827
3805.000 0.771
3810.000 0.722
3815.000 0.681
3820.000 0.661
3825.000 0.610
3830.000 0.597
3835.000 0.569
3840.000 0.546
3845.000 0.526
3850.000 0.506
3855.000 0.487
3860.000 0.472
3865.000 0.458
3870.000 0.445
3875.000 0.432
3880.000 0.422
3885.000 0.411
3890.000 0.404
3895.000 0.396
3900.000 0.387
3905.000 0.381
3910.000 0.372
3915.000 0.365
3920.000 0.360
3925.000 0.354
3930.000 0.348
3935.000 0.342
3940.000 0.342
3945.000 0.334
3950.000 0.334
3955.000 0.327
3960.000 0.326
3965.000 0.319
3970.000 0.310
3975.000 0.311
3980.000 0.308
3985.000 0.299
3990.000 0.301
3995.000 0.299
4000.000 0.303
4005.000 0.292
4010.000 0.293
4015.000 0.285
4020.000 0.293
4025.000 0.284
4030.000 0.286
4035.000 0.279
4040.000 0.282
4045.000 0.278
4050.000 0.273
4055.000 0.272
4060.000 0.269
4065.000 0.272
4070.000 0.266
4075.000 0.264
4080.000 0.266
4085.000 0.263
4090.000 0.263
4095.000 0.260
4100.000 0.261
4105.000 0.260
4110.000 0.255
4115.000 0.255
4120.000 0.253
4125.000 0.255
4130.000 0.250
4135.000 0.251
4140.000 0.250
4145.000 0.251
4150.000 0.248
4155.000 0.245
4160.000 0.247
4165.000 0.244
4170.000 0.243
4175.000 0.243
4180.000 0.243
4185.000 0.242
4190.000 0.243
4195.000 0.241
4200.000 0.241
4205.000 0.242
4210.000 0.242
4215.000 0.242
4220.000 0.243
4225.000 0.244
4230.000 0.242
4235.000 0.244
4240.000 0.243
4245.000 0.245
4250.000 0.247
4255.000 0.244
4260.000 0.245
4265.000 0.246
4270.000 0.248
4275.000 0.246
4280.000 0.246
4285.000 0.246
4290.000 0.246
4295.000 0.247
4300.000 0.247
4305.000 0.246
4310.000 0.246
4315.000 0.248
4320.000 0.246
4325.000 0.245
4330.000 0.245
4335.000 0.247
4340.000 0.244
4345.000 0.247
4350.000 0.245
4355.000 0.245
4360.000 0.244
4365.000 0.245
4370.000 0.246
4375.000 0.245
4380.000 0.246
4385.000 0.247
4390.000 0.243
4395.000 0.246
4400.000 0.246
4405.000 0.246
4410.000 0.246
4415.000 0.245
4420.000 0.246
4425.000 0.247
4430.000 0.247
4435.000 0.246
4440.000 0.246
4445.000 0.245
4450.000 0.245
4455.000 0.248
4460.000 0.243
4465.000 0.246
4470.000 0.243
4475.000 0.245
4480.000 0.244
4485.000 0.243
4490.000 0.246
4495.000 0.247
4500.000 0.246
4505.000 0.246
4510.000 0.247
4515.000 0.245
4520.000 0.245
4525.000 0.246
4530.000 0.245
4535.000 0.244
4540.000 0.246
4545.000 0.244
4550.000 0.246
4555.000 0.246
4560.000 0.247
4565.000 0.245
4570.000 0.246
4575.000 0.244
4580.000 0.246
4585.000 0.247
4590.000 0.247
4595.000 0.247
4600.000 0.247
4605.000 0.246
4610.000 0.247
4615.000 0.246
4620.000 0.247
4625.000 0.246
4630.000 0.245
4635.000 0.246
4640.000 0.247
4645.000 0.247
4650.000 0.248
4655.000 0.246
4660.000 0.248
4665.000 0.247
4670.000 0.244
4675.000 0.245
4680.000 0.247
4685.000 0.246
4690.000 0.245
4695.000 0.245
4700.000 0.247
4705.000 0.246
4710.000 0.247
4715.000 0.247
4720.000 0.246
4725.000 0.246
4730.000 0.245
4735.000 0.246
4740.000 0.246
4745.000 0.246
4750.000 0.245
4755.000 0.245
4760.000 0.248
4765.000 0.244
4770.000 0.246
4775.000 0.244
4780.000 0.245
4785.000 0.245
4790.000 0.244
4795.000 0.243
4800.000 0.244
4805.000 0.245
4810.000 0.245
4815.000 0.245
4820.000 0.246
4825.000 0.246
4830.000 0.243
4835.000 0.245
4840.000 0.245
4845.000 0.245
4850.000 0.246
4855.000 0.246
4860.000 0.243
4865.000 0.246
4870.000 0.246
4875.000 0.248
4880.000 0.248
4885.000 0.250
4890.000 0.252
4895.000 0.254
4900.000 0.259
4905.000 0.266
4910.000 0.269
4915.000 0.284
4920.000 0.295
4925.000 0.304
4930.000 0.328
4935.000 0.366
4940.000 0.414
4945.000 0.496
4950.000 0.623
4955.000 0.798
4960.000 1.071
4965.000 1.523
4970.000 2.291
4975.000 3.859
4980.000 5.228
4985.000 9.642
4990.000 13.894
4995.000 4.518
5000.000 9.930
5005.000 12.426
5010.000 7.815
5015.000 2.067
5020.000 0.574
5025.000 0.898
5030.000 0.810
5035.000 0.784
5040.000 0.744
5045.000 0.713
5050.000 0.667
5055.000 0.625
5060.000 0.595
5065.000 0.570
5070.000 0.542
5075.000 0.522
5080.000 0.510
5085.000 0.494
5090.000 0.482
5095.000 0.476
5100.000 0.471
5105.000 0.464
5110.000 0.460
5115.000 0.458
5120.000 0.453
5125.000 0.449
5130.000 0.447
5135.000 0.444
5140.000 0.443
5145.000 0.440
5150.000 0.437
5155.000 0.437
5160.000 0.433
5165.000 0.433
5170.000 0.433
5175.000 0.433
5180.000 0.430
5185.000 0.430
5190.000 0.429
5195.000 0.429
5200.000 0.429
5205.000 0.429
5210.000 0.426
5215.000 0.429
5220.000 0.424
5225.000 0.425
5230.000 0.423
5235.000 0.426
5240.000 0.427
5245.000 0.425
5250.000 0.425
5255.000 0.422
5260.000 0.424
5265.000 0.424
5270.000 0.423
5275.000 0.425
5280.000 0.424
5285.000 0.422
5290.000 0.423
5295.000 0.423
5300.000 0.421
5305.000 0.421
5310.000 0.422
5315.000 0.420
5320.000 0.422
5325.000 0.420
5330.000 0.419
5335.000 0.418
5340.000 0.418
5345.000 0.417
5350.000 0.415
5355.000 0.415
5360.000 0.413
5365.000 0.416
5370.000 0.414
5375.000 0.411
5380.000 0.412
5385.000 0.413
5390.000 0.410
5395.000 0.409
5400.000 0.411
5405.000 0.406
5410.000 0.407
5415.000 0.407
5420.000 0.405
5425.000 0.405
5430.000 0.403
5435.000 0.404
5440.000 0.401
5445.000 0.401
5450.000 0.402
5455.000 0.402
5460.000 0.398
5465.000 0.396
5470.000 0.397
5475.000 0.395
5480.000 0.394
5485.000 0.392
5490.000 0.393
5495.000 0.391
5500.000 0.392
5505.000 0.390
5510.000 0.389
5515.000 0.389
5520.000 0.390
5525.000 0.403
5530.000 0.401
5535.000 0.397
5540.000 0.393
5545.000 0.389
5550.000 0.384
5555.000 0.384
5560.000 0.384
5565.000 0.383
5570.000 0.383
5575.000 0.383
5580.000 0.383
5585.000 0.381
5590.000 0.380
5595.000 0.382
5600.000 0.382
5605.000 0.383
5610.000 0.382
5615.000 0.380
5620.000 0.382
5625.000 0.382
5630.000 0.382
5635.000 0.381
5640.000 0.382
5645.000 0.383
5650.000 0.384
5655.000 0.381
5660.000 0.384
5665.000 0.386
5670.000 0.386
5675.000 0.384
5680.000 0.390
5685.000 0.389
5690.000 0.388
5695.000 0.390
5700.000 0.391
5705.000 0.391
5710.000 0.393
5715.000 0.394
5720.000 0.395
5725.000 0.398
5730.000 0.401
5735.000 0.402
5740.000 0.402
5745.000 0.403
5750.000 0.406
5755.000 0.406
5760.000 0.407
5765.000 0.408
5770.000 0.410
5775.000 0.410
5780.000 0.416
5785.000 0.414
5790.000 0.412
5795.000 0.410
5800.000 0.410
5805.000 0.414
5810.000 0.410
5815.000 0.414
5820.000 0.414
5825.000 0.415
5830.000 0.413
5835.000 0.416
5840.000 0.414
5845.000 0.419
5850.000 0.418
5855.000 0.420
5860.000 0.423
5865.000 0.424
5870.000 0.422
5875.000 0.424
5880.000 0.430
5885.000 0.432
5890.000 0.435
5895.000 0.436
5900.000 0.437
5905.000 0.437
5910.000 0.439
5915.000 0.441
5920.000 0.444
5925.000 0.447
5930.000 0.448
5935.000 0.453
5940.000 0.451
5945.000 0.455
5950.000 0.462
5955.000 0.465
5960.000 0.465
5965.000 0.474
5970.000 0.486
5975.000 0.480
5980.000 0.489
5985.000 0.500
5990.000 0.497
5995.000 0.506
6000.000 0.523
6005.000 0.520
6010.000 0.517
6015.000 0.546
6020.000 0.544
6025.000 0.557
6030.000 0.565
6035.000 0.564
6040.000 0.584
6045.000 0.592
6050.000 0.603
6055.000 0.621
6060.000 0.633
6065.000 0.652
6070.000 0.671
6075.000 0.686
6080.000 0.709
6085.000 0.720
6090.000 0.738
6095.000 0.759
6100.000 0.781
6105.000 0.816
6110.000 0.843
6115.000 0.874
6120.000 0.909
6125.000 0.946
6130.000 0.990
6135.000 1.036
6140.000 1.088
6145.000 1.122
6150.000 1.183
6155.000 1.257
6160.000 1.329
6165.000 1.425
6170.000 1.532
6175.000 1.663
6180.000 1.823
6185.000 2.018
6190.000 2.275
6195.000 2.605
6200.000 2.817
6205.000 3.348
6210.000 4.108
6215.000 5.205
6220.000 6.799
6225.000 9.080
6230.000 12.209
6235.000 16.212
6240.000 20.955
6245.000 25.771
6250.000 28.268
6255.000 24.594
6260.000 17.177
6265.000 14.210
6270.000 9.276
6275.000 7.000
6280.000 5.453
6285.000 4.398
6290.000 3.622
6295.000 3.040
6300.000 2.599
6305.000 2.241
6310.000 1.933
6315.000 1.706
6320.000 1.491
6325.000 1.400
6330.000 1.248
6335.000 1.130
6340.000 1.036
6345.000 0.960
6350.000 0.898
6355.000 0.847
6360.000 0.805
6365.000 0.765
6370.000 0.732
6375.000 0.705
6380.000 0.678
6385.000 0.655
6390.000 0.644
6395.000 0.623
6400.000 0.606
6405.000 0.588
6410.000 0.570
6415.000 0.555
6420.000 0.540
6425.000 0.533
6430.000 0.521
6435.000 0.501
6440.000 0.488
6445.000 0.480
6450.000 0.469
6455.000 0.457
6460.000 0.446
6465.000 0.433
6470.000 0.421
6475.000 0.410
6480.000 0.396
6485.000 0.383
6490.000 0.372
6495.000 0.357
6500.000 0.342
6505.000 0.335
6510.000 0.318
6515.000 0.306
6520.000 0.287
6525.000 0.268
6530.000 0.252
6535.000 0.237
6540.000 0.225
6545.000 0.223
6550.000 0.243
6555.000 0.297
6560.000 0.401
6565.000 0.593
6570.000 0.748
6575.000 1.407
6580.000 4.017
6585.000 11.027
6590.000 17.712
6595.000 11.741
6600.000 8.080
6605.000 4.371
6610.000 2.908
6615.000 2.184
6620.000 1.750
6625.000 1.571
6630.000 1.358
6635.000 1.193
6640.000 1.084
6645.000 1.001
6650.000 0.943
6655.000 0.890
6660.000 0.843
6665.000 0.805
6670.000 0.779
6675.000 0.756
6680.000 0.736
6685.000 0.726
6690.000 0.708
6695.000 0.695
6700.000 0.680
6705.000 0.671
6710.000 0.661
6715.000 0.653
6720.000 0.649
6725.000 0.640
6730.000 0.638
6735.000 0.632
6740.000 0.624
6745.000 0.621
6750.000 0.615
6755.000 0.613
6760.000 0.608
6765.000 0.604
6770.000 0.602
6775.000 0.599
6780.000 0.596
6785.000 0.593
6790.000 0.591
6795.000 0.590
6800.000 0.592
6805.000 0.584
6810.000 0.585
6815.000 0.581
6820.000 0.578
6825.000 0.576
6830.000 0.577
6835.000 0.576
6840.000 0.575
6845.000 0.574
6850.000 0.573
6855.000 0.573
6860.000 0.574
6865.000 0.574
6870.000 0.573
6875.000 0.573
6880.000 0.569
6885.000 0.571
6890.000 0.570
6895.000 0.570
6900.000 0.568
6905.000 0.570
6910.000 0.573
6915.000 0.572
6920.000 0.570
6925.000 0.572
6930.000 0.573
6935.000 0.572
6940.000 0.573
6945.000 0.573
6950.000 0.576
6955.000 0.574
6960.000 0.573
6965.000 0.577
6970.000 0.583
6975.000 0.583
6980.000 0.585
6985.000 0.582
6990.000 0.589
6995.000 0.579
7000.000 0.588
7005.000 0.587
7010.000 0.594
7015.000 0.590
7020.000 0.598
7025.000 0.598
7030.000 0.603
7035.000 0.599
7040.000 0.607
7045.000 0.606
7050.000 0.610
7055.000 0.612
7060.000 0.617
7065.000 0.616
7070.000 0.625
7075.000 0.631
7080.000 0.630
7085.000 0.636
7090.000 0.641
7095.000 0.642
7100.000 0.647
7105.000 0.653
7110.000 0.661
7115.000 0.661
7120.000 0.667
7125.000 0.671
7130.000 0.677
7135.000 0.684
7140.000 0.691
7145.000 0.700
7150.000 0.707
7155.000 0.713
7160.000 0.721
7165.000 0.730
7170.000 0.738
7175.000 0.745
7180.000 0.755
7185.000 0.766
7190.000 0.774
7195.000 0.787
7200.000 0.800
7205.000 0.816
7210.000 0.829
7215.000 0.837
7220.000 0.862
7225.000 0.878
7230.000 0.896
7235.000 0.906
7240.000 0.926
7245.000 0.946
7250.000 0.977
7255.000 0.990
7260.000 1.004
7265.000 1.023
7270.000 1.033
7275.000 1.055
7280.000 1.072
7285.000 1.097
7290.000 1.117
7295.000 1.140
7300.000 1.155
7305.000 1.180
7310.000 1.202
7315.000 1.225
7320.000 1.262
7325.000 1.295
7330.000 1.324
7335.000 1.365
7340.000 1.387
7345.000 1.449
7350.000 1.527
7355.000 1.612
7360.000 1.688
7365.000 1.802
7370.000 1.854
7375.000 1.880
7380.000 1.919
7385.000 1.971
7390.000 2.064
7395.000 2.173
7400.000 2.313
7405.000 2.496
7410.000 2.585
7415.000 2.819
7420.000 3.116
7425.000 3.521
7430.000 4.063
7435.000 4.862
7440.000 6.029
7445.000 7.763
7450.000 10.289
7455.000 13.735
7460.000 17.485
7465.000 20.164
7470.000 19.569
7475.000 17.334
7480.000 11.820
7485.000 7.711
7490.000 4.941
7495.000 3.501
7500.000 2.983
7505.000 2.499
7510.000 2.180
7515.000 1.949
7520.000 1.850
7525.000 1.564
7530.000 1.407
7535.000 1.329
7540.000 1.188
7545.000 1.066
7550.000 0.964
7555.000 0.877
7560.000 0.804
7565.000 0.743
7570.000 0.686
7575.000 0.639
7580.000 0.598
7585.000 0.558
7590.000 0.526
7595.000 0.495
7600.000 0.472
7605.000 0.458
7610.000 0.434
7615.000 0.414
7620.000 0.394
7625.000 0.379
7630.000 0.362
7635.000 0.356
7640.000 0.338
7645.000 0.325
7650.000 0.311
7655.000 0.300
7660.000 0.295
7665.000 0.284
7670.000 0.276
7675.000 0.267
7680.000 0.259
7685.000 0.252
7690.000 0.246
7695.000 0.240
7700.000 0.236
7705.000 0.229
7710.000 0.223
7715.000 0.221
7720.000 0.216
7725.000 0.213
7730.000 0.209
7735.000 0.205
7740.000 0.203
7745.000 0.199
7750.000 0.197
7755.000 0.193
7760.000 0.190
7765.000 0.190
7770.000 0.189
7775.000 0.189
7780.000 0.185
7785.000 0.187
7790.000 0.185
7795.000 0.183
7800.000 0.183
7805.000 0.182
7810.000 0.181
7815.000 0.178
7820.000 0.180
7825.000 0.180
7830.000 0.179
7835.000 0.180
7840.000 0.180
7845.000 0.181
7850.000 0.181
7855.000 0.180
7860.000 0.180
7865.000 0.180
7870.000 0.183
7875.000 0.182
7880.000 0.183
7885.000 0.184
7890.000 0.183
7895.000 0.183
7900.000 0.187
7905.000 0.187
7910.000 0.190
7915.000 0.189
7920.000 0.192
7925.000 0.193
7930.000 0.195
7935.000 0.198
7940.000 0.197
7945.000 0.198
7950.000 0.201
7955.000 0.206
7960.000 0.206
7965.000 0.208
7970.000 0.217
7975.000 0.216
7980.000 0.220
7985.000 0.232
7990.000 0.230
7995.000 0.237
8000.000 0.250
8005.000 0.251
8010.000 0.261
8015.000 0.272
8020.000 0.293
8025.000 0.316
8030.000 0.319
8035.000 0.347
8040.000 0.380
8045.000 0.428
8050.000 0.492
8055.000 0.589
8060.000 0.735
8065.000 1.016
8070.000 1.733
8075.000 3.400
8080.000 4.856
8085.000 5.083
8090.000 6.331
8095.000 3.183
8100.000 1.039
8105.000 0.671
8110.000 0.849
8115.000 0.535
8120.000 0.436
8125.000 0.366
8130.000 0.317
8135.000 0.281
8140.000 0.256
8145.000 0.243
8150.000 0.228
8155.000 0.214
8160.000 0.206
8165.000 0.198
8170.000 0.192
8175.000 0.188
8180.000 0.186
8185.000 0.180
8190.000 0.176
8195.000 0.174
8200.000 0.172
8205.000 0.171
8210.000 0.170
8215.000 0.168
8220.000 0.167
8225.000 0.165
8230.000 0.164
8235.000 0.165
8240.000 0.163
8245.000 0.163
8250.000 0.163
8255.000 0.162
8260.000 0.160
8265.000 0.159
8270.000 0.159
8275.000 0.159
8280.000 0.157
8285.000 0.156
8290.000 0.157
8295.000 0.155
8300.000 0.156
8305.000 0.154
8310.000 0.152
8315.000 0.152
8320.000 0.152
8325.000 0.151
8330.000 0.150
8335.000 0.149
8340.000 0.151
8345.000 0.150
8350.000 0.146
8355.000 0.146
8360.000 0.145
8365.000 0.146
8370.000 0.144
8375.000 0.145
8380.000 0.143
8385.000 0.143
8390.000 0.141
8395.000 0.143
8400.000 0.142
8405.000 0.141
8410.000 0.140
8415.000 0.138
8420.000 0.138
8425.000 0.137
8430.000 0.137
8435.000 0.136
8440.000 0.136
8445.000 0.136
8450.000 0.137
8455.000 0.136
8460.000 0.138
8465.000 0.139
8470.000 0.136
8475.000 0.138
8480.000 0.140
8485.000 0.140
8490.000 0.140
8495.000 0.141
8500.000 0.142
8505.000 0.143
8510.000 0.140
8515.000 0.141
8520.000 0.136
8525.000 0.134
8530.000 0.127
8535.000 0.115
8540.000 0.103
8545.000 0.110
8550.000 0.195
8555.000 0.497
8560.000 2.002
8565.000 5.534
8570.000 7.382
8575.000 4.660
8580.000 3.537
8585.000 2.532
8590.000 1.781
8595.000 1.861
8600.000 1.891
8605.000 2.033
8610.000 2.213
8615.000 2.477
8620.000 2.802
8625.000 3.201
8630.000 3.461
8635.000 4.505
8640.000 5.032
8645.000 6.134
8650.000 7.507
8655.000 9.063
8660.000 10.503
8665.000 11.286
8670.000 10.831
8675.000 9.260
8680.000 7.543
8685.000 6.191
8690.000 5.192
8695.000 4.760
8700.000 3.895
8705.000 3.258
8710.000 3.113
8715.000 2.756
8720.000 2.245
8725.000 1.880
8730.000 1.641
8735.000 1.482
8740.000 1.350
8745.000 1.255
8750.000 1.184
8755.000 1.133
8760.000 1.111
8765.000 1.075
8770.000 1.040
8775.000 1.007
8780.000 0.978
8785.000 0.949
8790.000 0.920
8795.000 0.892
8800.000 0.865
8805.000 0.844
8810.000 0.823
8815.000 0.801
8820.000 0.792
8825.000 0.790
8830.000 0.758
8835.000 0.749
8840.000 0.751
8845.000 0.729
8850.000 0.708
8855.000 0.693
8860.000 0.682
8865.000 0.671
8870.000 0.661
8875.000 0.652
8880.000 0.645
8885.000 0.643
8890.000 0.640
8895.000 0.630
8900.000 0.622
8905.000 0.617
8910.000 0.612
8915.000 0.604
8920.000 0.596
8925.000 0.593
8930.000 0.590
8935.000 0.582
8940.000 0.581
8945.000 0.576
8950.000 0.573
8955.000 0.564
8960.000 0.562
8965.000 0.560
8970.000 0.558
8975.000 0.551
8980.000 0.548
8985.000 0.552
8990.000 0.541
8995.000 0.540
9000.000 0.544
9005.000 0.539
9010.000 0.534
9015.000 0.536
9020.000 0.532
9025.000 0.534
9030.000 0.528
9035.000 0.530
9040.000 0.524
9045.000 0.524
9050.000 0.524
9055.000 0.523
9060.000 0.523
9065.000 0.521
9070.000 0.521
9075.000 0.520
9080.000 0.514
9085.000 0.519
9090.000 0.516
9095.000 0.511
9100.000 0.510
9105.000 0.509
9110.000 0.510
9115.000 0.507
9120.000 0.509
9125.000 0.508
9130.000 0.506
9135.000 0.509
9140.000 0.503
9145.000 0.506
9150.000 0.506
9155.000 0.506
9160.000 0.504
9165.000 0.504
9170.000 0.505
9175.000 0.503
9180.000 0.504
9185.000 0.503
9190.000 0.502
9195.000 0.500
9200.000 0.504
9205.000 0.502
9210.000 0.501
9215.000 0.503
9220.000 0.502
9225.000 0.502
9230.000 0.502
9235.000 0.506
9240.000 0.505
9245.000 0.506
9250.000 0.502
9255.000 0.504
9260.000 0.506
9265.000 0.506
9270.000 0.507
9275.000 0.507
9280.000 0.506
9285.000 0.506
9290.000 0.507
9295.000 0.508
9300.000 0.509
9305.000 0.511
9310.000 0.509
9315.000 0.508
9320.000 0.512
9325.000 0.512
9330.000 0.514
9335.000 0.514
9340.000 0.518
9345.000 0.519
9350.000 0.519
9355.000 0.521
9360.000 0.521
9365.000 0.527
9370.000 0.525
9375.000 0.526
9380.000 0.527
9385.000 0.533
9390.000 0.533
9395.000 0.535
9400.000 0.536
9405.000 0.538
9410.000 0.544
9415.000 0.542
9420.000 0.544
9425.000 0.548
9430.000 0.553
9435.000 0.563
9440.000 0.566
9445.000 0.569
9450.000 0.577
9455.000 0.587
9460.000 0.609
9465.000 0.625
9470.000 0.655
9475.000 0.669
9480.000 0.743
9485.000 0.780
9490.000 0.914
9495.000 1.227
9500.000 1.982
9505.000 3.247
9510.000 3.881
9515.000 2.952
9520.000 1.972
9525.000 0.700
9530.000 0.519
9535.000 0.553
9540.000 0.471
9545.000 0.456
9550.000 0.457
9555.000 0.449
9560.000 0.450
9565.000 0.446
9570.000 0.452
9575.000 0.454
9580.000 0.456
9585.000 0.458
9590.000 0.464
9595.000 0.464
9600.000 0.469
9605.000 0.466
9610.000 0.469
9615.000 0.474
9620.000 0.470
9625.000 0.472
9630.000 0.473
9635.000 0.475
9640.000 0.478
9645.000 0.477
9650.000 0.480
9655.000 0.482
9660.000 0.481
9665.000 0.485
9670.000 0.482
9675.000 0.483
9680.000 0.484
9685.000 0.484
9690.000 0.487
9695.000 0.492
9700.000 0.490
9705.000 0.496
9710.000 0.495
9715.000 0.500
9720.000 0.499
9725.000 0.502
9730.000 0.504
9735.000 0.505
9740.000 0.510
9745.000 0.517
9750.000 0.518
9755.000 0.519
9760.000 0.522
9765.000 0.526
9770.000 0.530
9775.000 0.539
9780.000 0.542
9785.000 0.549
9790.000 0.554
9795.000 0.560
9800.000 0.566
9805.000 0.578
9810.000 0.594
9815.000 0.601
9820.000 0.600
9825.000 0.603
9830.000 0.604
9835.000 0.594
9840.000 0.568
9845.000 0.530
9850.000 0.502
9855.000 0.503
9860.000 0.527
9865.000 0.563
9870.000 0.605
9875.000 0.650
9880.000 0.697
9885.000 0.741
9890.000 0.755
9895.000 0.737
9900.000 0.717
9905.000 0.639
9910.000 0.580
9915.000 0.418
9920.000 0.277
9925.000 0.197
9930.000 0.163
9935.000 0.161
9940.000 0.170
9945.000 0.186
9950.000 0.201
9955.000 0.209
9960.000 0.232
9965.000 0.249
9970.000 0.254
9975.000 0.260
9980.000 0.268
9985.000 0.275
9990.000 0.284
9995.000 0.294
10000.000 0.291
10005.000 0.306
10010.000 0.307
10015.000 0.306
10020.000 0.303
10025.000 0.308
10030.000 0.315
10035.000 0.310
10040.000 0.315
10045.000 0.311
10050.000 0.317
10055.000 0.315
10060.000 0.312
10065.000 0.319
10070.000 0.315
10075.000 0.315
10080.000 0.312
10085.000 0.309
10090.000 0.311
10095.000 0.308
10100.000 0.308
10105.000 0.300
10110.000 0.300
10115.000 0.296
10120.000 0.289
10125.000 0.282
10130.000 0.271
10135.000 0.263
10140.000 0.256
10145.000 0.244
10150.000 0.228
10155.000 0.218
10160.000 0.193
10165.000 0.162
10170.000 0.120
10175.000 0.070
10180.000 0.060
10185.000 0.214
10190.000 0.788
10195.000 2.080
10200.000 3.047
10205.000 5.737
10210.000 0.742
10215.000 3.094
10220.000 2.125
10225.000 1.626
10230.000 1.275
10235.000 1.053
10240.000 0.954
10245.000 0.872
10250.000 0.802
10255.000 0.744
10260.000 0.682
10265.000 0.632
10270.000 0.590
10275.000 0.572
10280.000 0.547
10285.000 0.535
10290.000 0.528
10295.000 0.522
10300.000 0.514
10305.000 0.512
10310.000 0.507
10315.000 0.508
10320.000 0.501
10325.000 0.498
10330.000 0.496
10335.000 0.489
10340.000 0.487
10345.000 0.491
10350.000 0.485
10355.000 0.481
10360.000 0.480
10365.000 0.481
10370.000 0.483
10375.000 0.477
10380.000 0.481
10385.000 0.476
10390.000 0.479
10395.000 0.479
10400.000 0.483
10405.000 0.490
10410.000 0.494
10415.000 0.485
10420.000 0.476
10425.000 0.474
10430.000 0.470
10435.000 0.471
10440.000 0.470
10445.000 0.470
10450.000 0.464
10455.000 0.463
10460.000 0.462
10465.000 0.460
10470.000 0.459
10475.000 0.461
10480.000 0.462
10485.000 0.464
10490.000 0.476
10495.000 0.475
10500.000 0.469
10505.000 0.467
10510.000 0.459
10515.000 0.461
10520.000 0.463
10525.000 0.461
10530.000 0.460
10535.000 0.461
10540.000 0.462
10545.000 0.466
10550.000 0.464
10555.000 0.461
10560.000 0.460
10565.000 0.457
10570.000 0.457
10575.000 0.455
10580.000 0.452
10585.000 0.456
10590.000 0.452
10595.000 0.453
10600.000 0.454
10605.000 0.453
10610.000 0.455
10615.000 0.456
10620.000 0.458
10625.000 0.458
10630.000 0.456
10635.000 0.456
10640.000 0.458
10645.000 0.458
10650.000 0.456
10655.000 0.457
10660.000 0.455
10665.000 0.455
10670.000 0.450
10675.000 0.453
10680.000 0.460
10685.000 0.455
10690.000 0.450
10695.000 0.451
10700.000 0.451
10705.000 0.448
10710.000 0.450
10715.000 0.448
10720.000 0.447
10725.000 0.449
10730.000 0.447
10735.000 0.446
10740.000 0.448
10745.000 0.447
10750.000 0.444
10755.000 0.445
10760.000 0.443
10765.000 0.438
10770.000 0.438
10775.000 0.434
10780.000 0.430
10785.000 0.425
10790.000 0.423
10795.000 0.413
10800.000 0.407
10805.000 0.399
10810.000 0.394
10815.000 0.386
10820.000 0.369
10825.000 0.352
10830.000 0.345
10835.000 0.321
10840.000 0.300
10845.000 0.270
10850.000 0.243
10855.000 0.225
10860.000 0.269
10865.000 0.508
10870.000 1.194
10875.000 2.162
10880.000 3.085
10885.000 3.353
10890.000 3.298
10895.000 2.960
10900.000 2.778
10905.000 2.448
10910.000 1.440
10915.000 1.007
10920.000 1.289
10925.000 1.257
10930.000 1.234
10935.000 1.221
10940.000 1.172
10945.000 1.162
10950.000 1.145
10955.000 1.136
10960.000 1.141
10965.000 1.151
10970.000 1.174
10975.000 1.211
10980.000 1.258
10985.000 1.324
10990.000 1.403
10995.000 1.513
11000.000 1.625
11005.000 1.672
11010.000 1.764
11015.000 1.779
11020.000 1.718
11025.000 1.525
11030.000 1.264
11035.000 0.977
11040.000 0.761
11045.000 0.568
11050.000 0.417
11055.000 0.354
11060.000 0.229
11065.000 0.203
11070.000 0.218
11075.000 0.294
11080.000 0.471
11085.000 0.735
11090.000 0.994
11095.000 1.162
11100.000 1.172
11105.000 1.043
11110.000 0.894
11115.000 0.753
11120.000 0.695
11125.000 0.598
11130.000 0.525
11135.000 0.468
11140.000 0.426
11145.000 0.397
11150.000 0.374
11155.000 0.358
11160.000 0.347
11165.000 0.337
11170.000 0.333
11175.000 0.326
11180.000 0.324
11185.000 0.319
11190.000 0.319
11195.000 0.312
11200.000 0.312
11205.000 0.309
11210.000 0.306
11215.000 0.304
11220.000 0.305
11225.000 0.303
11230.000 0.302
11235.000 0.304
11240.000 0.303
11245.000 0.303
11250.000 0.305
11255.000 0.305
11260.000 0.303
11265.000 0.305
11270.000 0.304
11275.000 0.306
11280.000 0.305
11285.000 0.307
11290.000 0.304
11295.000 0.306
11300.000 0.306
11305.000 0.308
11310.000 0.307
11315.000 0.307
11320.000 0.310
11325.000 0.313
11330.000 0.312
11335.000 0.312
11340.000 0.311
11345.000 0.316
11350.000 0.317
11355.000 0.318
11360.000 0.323
11365.000 0.324
11370.000 0.324
11375.000 0.320
11380.000 0.318
11385.000 0.319
11390.000 0.320
11395.000 0.321
11400.000 0.319
11405.000 0.325
11410.000 0.324
11415.000 0.328
11420.000 0.326
11425.000 0.328
11430.000 0.330
11435.000 0.326
11440.000 0.325
11445.000 0.327
11450.000 0.328
11455.000 0.330
11460.000 0.332
11465.000 0.333
11470.000 0.334
11475.000 0.336
11480.000 0.336
11485.000 0.334
11490.000 0.336
11495.000 0.337
11500.000 0.338
11505.000 0.336
11510.000 0.338
11515.000 0.345
11520.000 0.345
11525.000 0.343
11530.000 0.343
11535.000 0.343
11540.000 0.344
11545.000 0.346
11550.000 0.347
11555.000 0.347
11560.000 0.343
11565.000 0.347
11570.000 0.347
11575.000 0.347
11580.000 0.346
11585.000 0.348
11590.000 0.350
11595.000 0.349
11600.000 0.353
11605.000 0.355
11610.000 0.356
11615.000 0.357
11620.000 0.356
11625.000 0.355
11630.000 0.355
11635.000 0.358
11640.000 0.364
11645.000 0.363
11650.000 0.367
11655.000 0.370
11660.000 0.370
11665.000 0.372
11670.000 0.381
11675.000 0.380
11680.000 0.383
11685.000 0.387
11690.000 0.392
11695.000 0.394
11700.000 0.396
11705.000 0.406
11710.000 0.413
11715.000 0.425
11720.000 0.436
11725.000 0.457
11730.000 0.484
11735.000 0.525
11740.000 0.553
11745.000 0.632
11750.000 0.724
11755.000 0.647
11760.000 0.249
11765.000 0.581
11770.000 0.463
11775.000 0.189
11780.000 0.167
11785.000 0.185
11790.000 0.202
11795.000 0.228
11800.000 0.236
11805.000 0.248
11810.000 0.257
11815.000 0.255
11820.000 0.258
11825.000 0.260
11830.000 0.256
11835.000 0.251
11840.000 0.250
11845.000 0.253
11850.000 0.252
11855.000 0.255
11860.000 0.257
11865.000 0.257
11870.000 0.259
11875.000 0.259
11880.000 0.256
11885.000 0.260
11890.000 0.261
11895.000 0.259
11900.000 0.259
11905.000 0.263
11910.000 0.261
11915.000 0.259
11920.000 0.256
11925.000 0.259
11930.000 0.255
11935.000 0.256
11940.000 0.253
11945.000 0.249
11950.000 0.249
11955.000 0.252
11960.000 0.250
11965.000 0.249
11970.000 0.244
11975.000 0.247
11980.000 0.247
11985.000 0.242
11990.000 0.245
11995.000 0.242
12000.000 0.241
