105.000 0.040
110.000 0.427
115.000 2.567
120.000 2.820
125.000 3.064
130.000 3.428
135.000 3.622
140.000 3.747
145.000 3.656
150.000 3.692
155.000 3.736
160.000 3.661
165.000 3.576
170.000 3.476
175.000 3.525
180.000 3.212
185.000 3.435
190.000 3.486
195.000 3.588
200.000 3.364
205.000 3.575
210.000 3.270
215.000 3.628
220.000 3.943
225.000 3.841
230.000 3.786
235.000 3.953
240.000 3.959
245.000 4.029
250.000 4.148
255.000 4.268
260.000 4.191
265.000 4.202
270.000 4.351
275.000 4.249
280.000 4.277
285.000 4.272
290.000 4.272
295.000 4.229
300.000 4.213
305.000 4.196
310.000 4.259
315.000 4.349
320.000 4.430
325.000 4.574
330.000 4.645
335.000 4.836
340.000 4.997
345.000 5.152
350.000 5.426
355.000 5.656
360.000 5.937
365.000 6.203
370.000 6.537
375.000 6.880
380.000 7.237
385.000 7.600
390.000 7.790
395.000 8.113
400.000 8.392
405.000 8.573
410.000 8.749
415.000 8.792
420.000 8.686
425.000 8.301
430.000 7.681
435.000 6.928
440.000 6.056
445.000 5.204
450.000 4.853
455.000 4.167
460.000 3.611
465.000 2.953
470.000 2.770
475.000 2.526
480.000 2.332
485.000 2.181
490.000 2.067
495.000 1.946
500.000 1.823
505.000 1.729
510.000 1.687
515.000 1.554
520.000 1.503
525.000 1.430
530.000 1.374
535.000 1.312
540.000 1.246
545.000 1.190
550.000 1.130
555.000 1.100
560.000 1.010
565.000 0.966
570.000 0.941
575.000 0.909
580.000 0.856
585.000 0.801
590.000 0.791
595.000 0.749
600.000 0.719
605.000 0.695
610.000 0.667
615.000 0.655
620.000 0.635
625.000 0.622
630.000 0.609
635.000 0.592
640.000 0.577
645.000 0.549
650.000 0.550
655.000 0.532
660.000 0.524
665.000 0.509
670.000 0.503
675.000 0.490
680.000 0.488
685.000 0.469
690.000 0.463
695.000 0.457
700.000 0.454
705.000 0.443
710.000 0.429
715.000 0.430
720.000 0.422
725.000 0.423
730.000 0.412
735.000 0.403
740.000 0.405
745.000 0.396
750.000 0.391
755.000 0.395
760.000 0.384
765.000 0.385
770.000 0.380
775.000 0.373
780.000 0.376
785.000 0.373
790.000 0.374
795.000 0.375
800.000 0.365
805.000 0.360
810.000 0.360
815.000 0.357
820.000 0.353
825.000 0.354
830.000 0.347
835.000 0.345
840.000 0.346
845.000 0.335
850.000 0.338
855.000 0.338
860.000 0.339
865.000 0.341
870.000 0.339
875.000 0.332
880.000 0.335
885.000 0.322
890.000 0.335
895.000 0.330
900.000 0.330
905.000 0.325
910.000 0.324
915.000 0.328
920.000 0.331
925.000 0.320
930.000 0.322
935.000 0.326
940.000 0.323
945.000 0.325
950.000 0.320
955.000 0.325
960.000 0.322
965.000 0.328
970.000 0.336
975.000 0.320
980.000 0.314
985.000 0.335
990.000 0.317
995.000 0.316
1000.000 0.323
1005.000 0.325
1010.000 0.310
1015.000 0.315
1020.000 0.331
1025.000 0.327
1030.000 0.325
1035.000 0.316
1040.000 0.330
1045.000 0.326
1050.000 0.312
1055.000 0.325
1060.000 0.325
1065.000 0.325
1070.000 0.323
1075.000 0.318
1080.000 0.319
1085.000 0.316
1090.000 0.318
1095.000 0.317
1100.000 0.315
1105.000 0.321
1110.000 0.322
1115.000 0.320
1120.000 0.320
1125.000 0.323
1130.000 0.320
1135.000 0.320
1140.000 0.322
1145.000 0.320
1150.000 0.320
1155.000 0.320
1160.000 0.324
1165.000 0.325
1170.000 0.323
1175.000 0.322
1180.000 0.325
1185.000 0.327
1190.000 0.324
1195.000 0.325
1200.000 0.324
1205.000 0.325
1210.000 0.328
1215.000 0.327
1220.000 0.332
1225.000 0.333
1230.000 0.332
1235.000 0.331
1240.000 0.334
1245.000 0.334
1250.000 0.335
1255.000 0.332
1260.000 0.340
1265.000 0.338
1270.000 0.340
1275.000 0.342
1280.000 0.338
1285.000 0.344
1290.000 0.342
1295.000 0.343
1300.000 0.346
1305.000 0.348
1310.000 0.348
1315.000 0.355
1320.000 0.348
1325.000 0.351
1330.000 0.355
1335.000 0.355
1340.000 0.356
1345.000 0.355
1350.000 0.361
1355.000 0.360
1360.000 0.364
1365.000 0.361
1370.000 0.364
1375.000 0.364
1380.000 0.366
1385.000 0.363
1390.000 0.365
1395.000 0.367
1400.000 0.361
1405.000 0.371
1410.000 0.361
1415.000 0.360
1420.000 0.358
1425.000 0.358
1430.000 0.356
1435.000 0.357
1440.000 0.355
1445.000 0.362
1450.000 0.369
1455.000 0.366
1460.000 0.376
1465.000 0.383
1470.000 0.386
1475.000 0.390
1480.000 0.397
1485.000 0.403
1490.000 0.408
1495.000 0.417
1500.000 0.422
1505.000 0.430
1510.000 0.427
1515.000 0.439
1520.000 0.445
1525.000 0.446
1530.000 0.450
1535.000 0.459
1540.000 0.470
1545.000 0.473
1550.000 0.473
1555.000 0.480
1560.000 0.488
1565.000 0.493
1570.000 0.504
1575.000 0.512
1580.000 0.518
1585.000 0.519
1590.000 0.530
1595.000 0.543
1600.000 0.549
1605.000 0.559
1610.000 0.561
1615.000 0.576
1620.000 0.580
1625.000 0.588
1630.000 0.596
1635.000 0.612
1640.000 0.622
1645.000 0.632
1650.000 0.640
1655.000 0.658
1660.000 0.669
1665.000 0.674
1670.000 0.690
1675.000 0.697
1680.000 0.718
1685.000 0.729
1690.000 0.745
1695.000 0.765
1700.000 0.787
1705.000 0.797
1710.000 0.815
1715.000 0.828
1720.000 0.852
1725.000 0.861
1730.000 0.876
1735.000 0.894
1740.000 0.914
1745.000 0.940
1750.000 0.956
1755.000 0.979
1760.000 1.003
1765.000 1.025
1770.000 1.042
1775.000 1.068
1780.000 1.095
1785.000 1.110
1790.000 1.128
1795.000 1.147
1800.000 1.171
1805.000 1.193
1810.000 1.211
1815.000 1.237
1820.000 1.255
1825.000 1.272
1830.000 1.297
1835.000 1.312
1840.000 1.330
1845.000 1.333
1850.000 1.349
1855.000 1.365
1860.000 1.378
1865.000 1.387
1870.000 1.392
1875.000 1.403
1880.000 1.407
1885.000 1.410
1890.000 1.414
1895.000 1.414
1900.000 1.420
1905.000 1.416
1910.000 1.414
1915.000 1.420
1920.000 1.407
1925.000 1.402
1930.000 1.400
1935.000 1.397
1940.000 1.386
1945.000 1.389
1950.000 1.375
1955.000 1.370
1960.000 1.357
1965.000 1.344
1970.000 1.354
1975.000 1.349
1980.000 1.345
1985.000 1.346
1990.000 1.322
1995.000 1.312
2000.000 1.316
2005.000 1.312
2010.000 1.309
2015.000 1.291
2020.000 1.301
2025.000 1.283
2030.000 1.290
2035.000 1.275
2040.000 1.286
2045.000 1.264
2050.000 1.259
2055.000 1.264
2060.000 1.262
2065.000 1.258
2070.000 1.265
2075.000 1.259
2080.000 1.259
2085.000 1.265
2090.000 1.262
2095.000 1.270
2100.000 1.274
2105.000 1.275
2110.000 1.277
2115.000 1.283
2120.000 1.286
2125.000 1.291
2130.000 1.299
2135.000 1.312
2140.000 1.320
2145.000 1.336
2150.000 1.341
2155.000 1.359
2160.000 1.378
2165.000 1.390
2170.000 1.414
2175.000 1.433
2180.000 1.455
2185.000 1.484
2190.000 1.507
2195.000 1.545
2200.000 1.577
2205.000 1.616
2210.000 1.659
2215.000 1.686
2220.000 1.733
2225.000 1.789
2230.000 1.852
2235.000 1.924
2240.000 2.006
2245.000 2.097
2250.000 2.205
2255.000 2.340
2260.000 2.501
2265.000 2.707
2270.000 2.967
2275.000 3.135
2280.000 3.574
2285.000 4.241
2290.000 5.299
2295.000 7.207
2300.000 10.341
2305.000 15.412
2310.000 22.013
2315.000 27.841
2320.000 26.139
2325.000 21.930
2330.000 10.537
2335.000 9.269
2340.000 5.756
2345.000 4.153
2350.000 3.129
2355.000 2.447
2360.000 1.962
2365.000 1.617
2370.000 1.344
2375.000 1.136
2380.000 0.976
2385.000 0.844
2390.000 0.742
2395.000 0.695
2400.000 0.619
2405.000 0.521
2410.000 0.495
2415.000 0.447
2420.000 0.405
2425.000 0.370
2430.000 0.338
2435.000 0.309
2440.000 0.282
2445.000 0.258
2450.000 0.238
2455.000 0.216
2460.000 0.207
2465.000 0.190
2470.000 0.177
2475.000 0.162
2480.000 0.150
2485.000 0.141
2490.000 0.127
2495.000 0.118
2500.000 0.110
2505.000 0.105
2510.000 0.099
2515.000 0.092
2520.000 0.089
2525.000 0.087
2530.000 0.083
2535.000 0.080
2540.000 0.079
2545.000 0.078
2550.000 0.077
2555.000 0.080
2560.000 0.079
2565.000 0.081
2570.000 0.082
2575.000 0.084
2580.000 0.085
2585.000 0.089
2590.000 0.092
2595.000 0.094
2600.000 0.098
2605.000 0.102
2610.000 0.102
2615.000 0.106
2620.000 0.109
2625.000 0.112
2630.000 0.116
2635.000 0.120
2640.000 0.120
2645.000 0.125
2650.000 0.128
2655.000 0.132
2660.000 0.137
2665.000 0.136
2670.000 0.142
2675.000 0.144
2680.000 0.149
2685.000 0.153
2690.000 0.157
2695.000 0.159
2700.000 0.164
2705.000 0.165
2710.000 0.170
2715.000 0.176
2720.000 0.179
2725.000 0.181
2730.000 0.187
2735.000 0.190
2740.000 0.195
2745.000 0.201
2750.000 0.206
2755.000 0.209
2760.000 0.215
2765.000 0.216
2770.000 0.221
2775.000 0.226
2780.000 0.232
2785.000 0.236
2790.000 0.241
2795.000 0.247
2800.000 0.252
2805.000 0.257
2810.000 0.260
2815.000 0.264
2820.000 0.268
2825.000 0.272
2830.000 0.278
2835.000 0.286
2840.000 0.290
2845.000 0.295
2850.000 0.301
2855.000 0.306
2860.000 0.314
2865.000 0.322
2870.000 0.325
2875.000 0.333
2880.000 0.332
2885.000 0.340
2890.000 0.343
2895.000 0.345
2900.000 0.349
2905.000 0.355
2910.000 0.357
2915.000 0.363
2920.000 0.364
2925.000 0.374
2930.000 0.377
2935.000 0.378
2940.000 0.381
2945.000 0.382
2950.000 0.385
2955.000 0.393
2960.000 0.394
2965.000 0.396
2970.000 0.397
2975.000 0.399
2980.000 0.400
2985.000 0.406
2990.000 0.403
2995.000 0.405
3000.000 0.413
3005.000 0.401
3010.000 0.403
3015.000 0.404
3020.000 0.416
3025.000 0.417
3030.000 0.420
3035.000 0.410
3040.000 0.418
3045.000 0.418
3050.000 0.416
3055.000 0.417
3060.000 0.421
3065.000 0.421
3070.000 0.418
3075.000 0.419
3080.000 0.421
3085.000 0.424
3090.000 0.425
3095.000 0.425
3100.000 0.426
3105.000 0.424
3110.000 0.424
3115.000 0.427
3120.000 0.427
3125.000 0.429
3130.000 0.429
3135.000 0.428
3140.000 0.431
3145.000 0.432
3150.000 0.433
3155.000 0.432
3160.000 0.435
3165.000 0.436
3170.000 0.434
3175.000 0.436
3180.000 0.436
3185.000 0.437
3190.000 0.440
3195.000 0.440
3200.000 0.439
3205.000 0.438
3210.000 0.442
3215.000 0.443
3220.000 0.442
3225.000 0.443
3230.000 0.443
3235.000 0.449
3240.000 0.449
3245.000 0.449
3250.000 0.450
3255.000 0.452
3260.000 0.454
3265.000 0.455
3270.000 0.456
3275.000 0.457
3280.000 0.460
3285.000 0.462
3290.000 0.465
3295.000 0.467
3300.000 0.472
3305.000 0.470
3310.000 0.470
3315.000 0.478
3320.000 0.478
3325.000 0.482
3330.000 0.484
3335.000 0.491
3340.000 0.492
3345.000 0.496
3350.000 0.500
3355.000 0.500
3360.000 0.504
3365.000 0.509
3370.000 0.510
3375.000 0.517
3380.000 0.520
3385.000 0.525
3390.000 0.528
3395.000 0.536
3400.000 0.546
3405.000 0.549
3410.000 0.556
3415.000 0.561
3420.000 0.568
3425.000 0.572
3430.000 0.575
3435.000 0.587
3440.000 0.592
3445.000 0.601
3450.000 0.607
3455.000 0.618
3460.000 0.628
3465.000 0.640
3470.000 0.649
3475.000 0.660
3480.000 0.667
3485.000 0.683
3490.000 0.699
3495.000 0.704
3500.000 0.720
3505.000 0.743
3510.000 0.752
3515.000 0.770
3520.000 0.791
3525.000 0.814
3530.000 0.838
3535.000 0.860
3540.000 0.887
3545.000 0.917
3550.000 0.933
3555.000 0.965
3560.000 1.001
3565.000 1.045
3570.000 1.079
3575.000 1.110
3580.000 1.146
3585.000 1.187
3590.000 1.224
3595.000 1.275
3600.000 1.321
3605.000 1.387
3610.000 1.413
3615.000 1.477
3620.000 1.549
3625.000 1.633
3630.000 1.724
3635.000 1.826
3640.000 1.952
3645.000 2.096
3650.000 2.252
3655.000 2.452
3660.000 2.709
3665.000 3.057
3670.000 3.518
3675.000 4.167
3680.000 4.587
3685.000 5.784
3690.000 7.549
3695.000 10.256
3700.000 14.377
3705.000 20.521
3710.000 29.971
3715.000 37.847
3720.000 34.303
3725.000 21.067
3730.000 13.174
3735.000 10.679
3740.000 7.486
3745.000 4.943
3750.000 4.407
3755.000 3.577
3760.000 2.966
3765.000 2.519
3770.000 2.178
3775.000 1.913
3780.000 1.690
3785.000 1.524
3790.000 1.454
3795.000 1.329
3800.000 1.222
3805.000 1.095
3810.000 1.059
3815.000 0.996
3820.000 0.941
3825.000 0.892
3830.000 0.847
3835.000 0.807
3840.000 0.774
3845.000 0.746
3850.000 0.714
3855.000 0.690
3860.000 0.675
3865.000 0.641
3870.000 0.631
3875.000 0.614
3880.000 0.595
3885.000 0.577
3890.000 0.562
3895.000 0.547
3900.000 0.532
3905.000 0.523
3910.000 0.511
3915.000 0.504
3920.000 0.490
3925.000 0.483
3930.000 0.472
3935.000 0.464
3940.000 0.453
3945.000 0.445
3950.000 0.438
3955.000 0.435
3960.000 0.425
3965.000 0.419
3970.000 0.412
3975.000 0.412
3980.000 0.408
3985.000 0.399
3990.000 0.391
3995.000 0.382
4000.000 0.385
4005.000 0.375
4010.000 0.374
4015.000 0.368
4020.000 0.370
4025.000 0.362
4030.000 0.363
4035.000 0.353
4040.000 0.349
4045.000 0.345
4050.000 0.340
4055.000 0.340
4060.000 0.336
4065.000 0.330
4070.000 0.332
4075.000 0.330
4080.000 0.323
4085.000 0.321
4090.000 0.318
4095.000 0.315
4100.000 0.315
4105.000 0.308
4110.000 0.309
4115.000 0.305
4120.000 0.301
4125.000 0.301
4130.000 0.298
4135.000 0.294
4140.000 0.290
4145.000 0.289
4150.000 0.286
4155.000 0.285
4160.000 0.284
4165.000 0.282
4170.000 0.280
4175.000 0.276
4180.000 0.276
4185.000 0.274
4190.000 0.272
4195.000 0.271
4200.000 0.270
4205.000 0.270
4210.000 0.269
4215.000 0.271
4220.000 0.271
4225.000 0.271
4230.000 0.271
4235.000 0.274
4240.000 0.272
4245.000 0.274
4250.000 0.275
4255.000 0.274
4260.000 0.275
4265.000 0.274
4270.000 0.274
4275.000 0.274
4280.000 0.275
4285.000 0.275
4290.000 0.275
4295.000 0.276
4300.000 0.272
4305.000 0.275
4310.000 0.274
4315.000 0.276
4320.000 0.273
4325.000 0.274
4330.000 0.274
4335.000 0.275
4340.000 0.273
4345.000 0.273
4350.000 0.273
4355.000 0.273
4360.000 0.274
4365.000 0.272
4370.000 0.272
4375.000 0.273
4380.000 0.273
4385.000 0.273
4390.000 0.273
4395.000 0.273
4400.000 0.273
4405.000 0.273
4410.000 0.273
4415.000 0.273
4420.000 0.275
4425.000 0.275
4430.000 0.275
4435.000 0.274
4440.000 0.272
4445.000 0.271
4450.000 0.273
4455.000 0.272
4460.000 0.271
4465.000 0.271
4470.000 0.272
4475.000 0.272
4480.000 0.272
4485.000 0.272
4490.000 0.272
4495.000 0.273
4500.000 0.273
4505.000 0.272
4510.000 0.272
4515.000 0.272
4520.000 0.274
4525.000 0.272
4530.000 0.274
4535.000 0.272
4540.000 0.274
4545.000 0.275
4550.000 0.274
4555.000 0.273
4560.000 0.275
4565.000 0.275
4570.000 0.274
4575.000 0.275
4580.000 0.275
4585.000 0.273
4590.000 0.275
4595.000 0.273
4600.000 0.275
4605.000 0.276
4610.000 0.277
4615.000 0.277
4620.000 0.276
4625.000 0.276
4630.000 0.277
4635.000 0.279
4640.000 0.277
4645.000 0.277
4650.000 0.279
4655.000 0.281
4660.000 0.282
4665.000 0.281
4670.000 0.279
4675.000 0.281
4680.000 0.282
4685.000 0.281
4690.000 0.283
4695.000 0.282
4700.000 0.283
4705.000 0.283
4710.000 0.285
4715.000 0.286
4720.000 0.287
4725.000 0.287
4730.000 0.288
4735.000 0.288
4740.000 0.290
4745.000 0.288
4750.000 0.290
4755.000 0.292
4760.000 0.291
4765.000 0.292
4770.000 0.294
4775.000 0.293
4780.000 0.296
4785.000 0.296
4790.000 0.296
4795.000 0.298
4800.000 0.299
4805.000 0.299
4810.000 0.300
4815.000 0.302
4820.000 0.303
4825.000 0.303
4830.000 0.304
4835.000 0.305
4840.000 0.307
4845.000 0.308
4850.000 0.308
4855.000 0.308
4860.000 0.310
4865.000 0.311
4870.000 0.313
4875.000 0.316
4880.000 0.317
4885.000 0.318
4890.000 0.319
4895.000 0.322
4900.000 0.324
4905.000 0.329
4910.000 0.329
4915.000 0.336
4920.000 0.336
4925.000 0.337
4930.000 0.337
4935.000 0.335
4940.000 0.338
4945.000 0.332
4950.000 0.328
4955.000 0.319
4960.000 0.297
4965.000 0.265
4970.000 0.223
4975.000 0.282
4980.000 1.150
4985.000 5.664
4990.000 14.442
4995.000 12.056
5000.000 10.841
5005.000 13.246
5010.000 13.854
5015.000 12.281
5020.000 5.975
5025.000 2.333
5030.000 1.959
5035.000 1.298
5040.000 0.966
5045.000 0.731
5050.000 0.591
5055.000 0.494
5060.000 0.431
5065.000 0.388
5070.000 0.364
5075.000 0.340
5080.000 0.316
5085.000 0.304
5090.000 0.293
5095.000 0.280
5100.000 0.273
5105.000 0.266
5110.000 0.264
5115.000 0.259
5120.000 0.257
5125.000 0.254
5130.000 0.253
5135.000 0.253
5140.000 0.252
5145.000 0.251
5150.000 0.254
5155.000 0.257
5160.000 0.256
5165.000 0.257
5170.000 0.257
5175.000 0.255
5180.000 0.257
5185.000 0.256
5190.000 0.256
5195.000 0.256
5200.000 0.258
5205.000 0.257
5210.000 0.257
5215.000 0.257
5220.000 0.259
5225.000 0.258
5230.000 0.260
5235.000 0.261
5240.000 0.259
5245.000 0.261
5250.000 0.261
5255.000 0.263
5260.000 0.263
5265.000 0.262
5270.000 0.263
5275.000 0.265
5280.000 0.265
5285.000 0.266
5290.000 0.269
5295.000 0.269
5300.000 0.269
5305.000 0.271
5310.000 0.271
5315.000 0.271
5320.000 0.272
5325.000 0.271
5330.000 0.272
5335.000 0.272
5340.000 0.274
5345.000 0.275
5350.000 0.275
5355.000 0.277
5360.000 0.276
5365.000 0.277
5370.000 0.277
5375.000 0.277
5380.000 0.278
5385.000 0.278
5390.000 0.278
5395.000 0.277
5400.000 0.279
5405.000 0.280
5410.000 0.280
5415.000 0.280
5420.000 0.283
5425.000 0.281
5430.000 0.281
5435.000 0.281
5440.000 0.279
5445.000 0.282
5450.000 0.280
5455.000 0.282
5460.000 0.280
5465.000 0.281
5470.000 0.282
5475.000 0.284
5480.000 0.283
5485.000 0.285
5490.000 0.284
5495.000 0.284
5500.000 0.284
5505.000 0.284
5510.000 0.286
5515.000 0.284
5520.000 0.288
5525.000 0.288
5530.000 0.287
5535.000 0.286
5540.000 0.285
5545.000 0.286
5550.000 0.286
5555.000 0.286
5560.000 0.286
5565.000 0.288
5570.000 0.287
5575.000 0.287
5580.000 0.286
5585.000 0.286
5590.000 0.287
5595.000 0.288
5600.000 0.288
5605.000 0.287
5610.000 0.287
5615.000 0.288
5620.000 0.288
5625.000 0.286
5630.000 0.289
5635.000 0.287
5640.000 0.290
5645.000 0.290
5650.000 0.290
5655.000 0.291
5660.000 0.290
5665.000 0.291
5670.000 0.292
5675.000 0.292
5680.000 0.290
5685.000 0.291
5690.000 0.292
5695.000 0.291
5700.000 0.291
5705.000 0.293
5710.000 0.292
5715.000 0.294
5720.000 0.291
5725.000 0.293
5730.000 0.294
5735.000 0.294
5740.000 0.293
5745.000 0.295
5750.000 0.296
5755.000 0.296
5760.000 0.297
5765.000 0.296
5770.000 0.297
5775.000 0.299
5780.000 0.298
5785.000 0.298
5790.000 0.297
5795.000 0.299
5800.000 0.300
5805.000 0.300
5810.000 0.299
5815.000 0.302
5820.000 0.302
5825.000 0.302
5830.000 0.303
5835.000 0.304
5840.000 0.303
5845.000 0.305
5850.000 0.307
5855.000 0.307
5860.000 0.307
5865.000 0.328
5870.000 0.350
5875.000 0.346
5880.000 0.337
5885.000 0.330
5890.000 0.327
5895.000 0.327
5900.000 0.325
5905.000 0.323
5910.000 0.323
5915.000 0.325
5920.000 0.325
5925.000 0.325
5930.000 0.326
5935.000 0.329
5940.000 0.330
5945.000 0.333
5950.000 0.333
5955.000 0.335
5960.000 0.336
5965.000 0.336
5970.000 0.346
5975.000 0.346
5980.000 0.348
5985.000 0.360
5990.000 0.353
5995.000 0.360
6000.000 0.361
6005.000 0.367
6010.000 0.369
6015.000 0.382
6020.000 0.377
6025.000 0.392
6030.000 0.386
6035.000 0.395
6040.000 0.386
6045.000 0.391
6050.000 0.401
6055.000 0.409
6060.000 0.402
6065.000 0.412
6070.000 0.414
6075.000 0.423
6080.000 0.421
6085.000 0.434
6090.000 0.441
6095.000 0.448
6100.000 0.456
6105.000 0.460
6110.000 0.467
6115.000 0.481
6120.000 0.493
6125.000 0.509
6130.000 0.523
6135.000 0.538
6140.000 0.564
6145.000 0.591
6150.000 0.616
6155.000 0.651
6160.000 0.688
6165.000 0.736
6170.000 0.761
6175.000 0.819
6180.000 0.888
6185.000 1.029
6190.000 1.092
6195.000 1.248
6200.000 1.450
6205.000 1.739
6210.000 2.173
6215.000 2.813
6220.000 3.774
6225.000 5.191
6230.000 6.123
6235.000 8.506
6240.000 11.692
6245.000 15.635
6250.000 19.543
6255.000 20.473
6260.000 15.635
6265.000 10.298
6270.000 5.743
6275.000 4.598
6280.000 3.661
6285.000 2.997
6290.000 2.737
6295.000 2.292
6300.000 1.950
6305.000 1.669
6310.000 1.422
6315.000 1.228
6320.000 1.049
6325.000 0.908
6330.000 0.797
6335.000 0.711
6340.000 0.643
6345.000 0.590
6350.000 0.566
6355.000 0.529
6360.000 0.500
6365.000 0.476
6370.000 0.454
6375.000 0.437
6380.000 0.420
6385.000 0.410
6390.000 0.400
6395.000 0.388
6400.000 0.379
6405.000 0.370
6410.000 0.367
6415.000 0.361
6420.000 0.353
6425.000 0.344
6430.000 0.342
6435.000 0.333
6440.000 0.328
6445.000 0.323
6450.000 0.319
6455.000 0.312
6460.000 0.306
6465.000 0.302
6470.000 0.297
6475.000 0.290
6480.000 0.288
6485.000 0.282
6490.000 0.278
6495.000 0.271
6500.000 0.268
6505.000 0.263
6510.000 0.260
6515.000 0.257
6520.000 0.258
6525.000 0.260
6530.000 0.263
6535.000 0.275
6540.000 0.295
6545.000 0.330
6550.000 0.380
6555.000 0.461
6560.000 0.587
6565.000 0.810
6570.000 1.346
6575.000 3.098
6580.000 7.254
6585.000 13.510
6590.000 17.280
6595.000 19.632
6600.000 2.759
6605.000 3.368
6610.000 3.135
6615.000 2.273
6620.000 1.801
6625.000 1.454
6630.000 1.265
6635.000 1.105
6640.000 0.990
6645.000 0.909
6650.000 0.841
6655.000 0.790
6660.000 0.765
6665.000 0.729
6670.000 0.696
6675.000 0.670
6680.000 0.648
6685.000 0.630
6690.000 0.614
6695.000 0.598
6700.000 0.589
6705.000 0.579
6710.000 0.571
6715.000 0.566
6720.000 0.559
6725.000 0.551
6730.000 0.546
6735.000 0.542
6740.000 0.539
6745.000 0.535
6750.000 0.530
6755.000 0.527
6760.000 0.525
6765.000 0.522
6770.000 0.522
6775.000 0.520
6780.000 0.518
6785.000 0.515
6790.000 0.514
6795.000 0.513
6800.000 0.512
6805.000 0.510
6810.000 0.510
6815.000 0.508
6820.000 0.509
6825.000 0.509
6830.000 0.508
6835.000 0.508
6840.000 0.508
6845.000 0.503
6850.000 0.504
6855.000 0.503
6860.000 0.504
6865.000 0.504
6870.000 0.500
6875.000 0.503
6880.000 0.503
6885.000 0.502
6890.000 0.502
6895.000 0.501
6900.000 0.502
6905.000 0.501
6910.000 0.499
6915.000 0.503
6920.000 0.503
6925.000 0.503
6930.000 0.503
6935.000 0.503
6940.000 0.507
6945.000 0.505
6950.000 0.508
6955.000 0.505
6960.000 0.505
6965.000 0.507
6970.000 0.516
6975.000 0.510
6980.000 0.510
6985.000 0.517
6990.000 0.509
6995.000 0.512
7000.000 0.513
7005.000 0.520
7010.000 0.525
7015.000 0.523
7020.000 0.519
7025.000 0.522
7030.000 0.522
7035.000 0.529
7040.000 0.526
7045.000 0.531
7050.000 0.537
7055.000 0.533
7060.000 0.537
7065.000 0.546
7070.000 0.545
7075.000 0.546
7080.000 0.551
7085.000 0.554
7090.000 0.557
7095.000 0.561
7100.000 0.565
7105.000 0.566
7110.000 0.572
7115.000 0.574
7120.000 0.580
7125.000 0.585
7130.000 0.589
7135.000 0.591
7140.000 0.595
7145.000 0.602
7150.000 0.605
7155.000 0.618
7160.000 0.619
7165.000 0.625
7170.000 0.631
7175.000 0.637
7180.000 0.645
7185.000 0.652
7190.000 0.663
7195.000 0.670
7200.000 0.679
7205.000 0.686
7210.000 0.695
7215.000 0.707
7220.000 0.718
7225.000 0.732
7230.000 0.745
7235.000 0.755
7240.000 0.772
7245.000 0.790
7250.000 0.808
7255.000 0.826
7260.000 0.836
7265.000 0.860
7270.000 0.885
7275.000 0.911
7280.000 0.932
7285.000 0.949
7290.000 0.967
7295.000 0.988
7300.000 1.015
7305.000 1.031
7310.000 1.055
7315.000 1.072
7320.000 1.092
7325.000 1.116
7330.000 1.142
7335.000 1.176
7340.000 1.215
7345.000 1.260
7350.000 1.307
7355.000 1.364
7360.000 1.410
7365.000 1.624
7370.000 1.661
7375.000 1.689
7380.000 1.720
7385.000 1.749
7390.000 1.803
7395.000 1.888
7400.000 1.983
7405.000 2.112
7410.000 2.275
7415.000 2.492
7420.000 2.766
7425.000 3.148
7430.000 3.660
7435.000 4.414
7440.000 5.552
7445.000 6.313
7450.000 8.388
7455.000 11.315
7460.000 14.978
7465.000 18.285
7470.000 19.530
7475.000 16.635
7480.000 11.372
7485.000 7.164
7490.000 4.176
7495.000 2.486
7500.000 2.159
7505.000 1.904
7510.000 1.733
7515.000 1.557
7520.000 1.398
7525.000 1.243
7530.000 1.108
7535.000 0.989
7540.000 0.890
7545.000 0.804
7550.000 0.736
7555.000 0.677
7560.000 0.625
7565.000 0.579
7570.000 0.560
7575.000 0.523
7580.000 0.490
7585.000 0.462
7590.000 0.437
7595.000 0.413
7600.000 0.392
7605.000 0.373
7610.000 0.357
7615.000 0.342
7620.000 0.328
7625.000 0.321
7630.000 0.307
7635.000 0.297
7640.000 0.286
7645.000 0.277
7650.000 0.269
7655.000 0.259
7660.000 0.253
7665.000 0.246
7670.000 0.241
7675.000 0.235
7680.000 0.229
7685.000 0.222
7690.000 0.222
7695.000 0.216
7700.000 0.212
7705.000 0.208
7710.000 0.207
7715.000 0.203
7720.000 0.201
7725.000 0.198
7730.000 0.196
7735.000 0.195
7740.000 0.193
7745.000 0.192
7750.000 0.191
7755.000 0.189
7760.000 0.188
7765.000 0.187
7770.000 0.188
7775.000 0.187
7780.000 0.186
7785.000 0.187
7790.000 0.185
7795.000 0.185
7800.000 0.185
7805.000 0.184
7810.000 0.186
7815.000 0.184
7820.000 0.186
7825.000 0.186
7830.000 0.187
7835.000 0.189
7840.000 0.189
7845.000 0.189
7850.000 0.190
7855.000 0.191
7860.000 0.193
7865.000 0.193
7870.000 0.193
7875.000 0.195
7880.000 0.196
7885.000 0.198
7890.000 0.201
7895.000 0.202
7900.000 0.204
7905.000 0.206
7910.000 0.207
7915.000 0.212
7920.000 0.213
7925.000 0.214
7930.000 0.219
7935.000 0.221
7940.000 0.221
7945.000 0.230
7950.000 0.234
7955.000 0.236
7960.000 0.240
7965.000 0.245
7970.000 0.251
7975.000 0.257
7980.000 0.265
7985.000 0.277
7990.000 0.285
7995.000 0.294
8000.000 0.307
8005.000 0.313
8010.000 0.333
8015.000 0.352
8020.000 0.385
8025.000 0.415
8030.000 0.461
8035.000 0.504
8040.000 0.565
8045.000 0.645
8050.000 0.696
8055.000 0.991
8060.000 1.179
8065.000 2.454
8070.000 3.340
8075.000 5.958
8080.000 8.735
8085.000 7.305
8090.000 6.541
8095.000 3.735
8100.000 1.873
8105.000 1.271
8110.000 1.072
8115.000 0.791
8120.000 0.694
8125.000 0.515
8130.000 0.475
8135.000 0.418
8140.000 0.376
8145.000 0.342
8150.000 0.314
8155.000 0.292
8160.000 0.271
8165.000 0.257
8170.000 0.245
8175.000 0.234
8180.000 0.230
8185.000 0.221
8190.000 0.217
8195.000 0.211
8200.000 0.208
8205.000 0.202
8210.000 0.197
8215.000 0.196
8220.000 0.192
8225.000 0.189
8230.000 0.188
8235.000 0.188
8240.000 0.186
8245.000 0.182
8250.000 0.181
8255.000 0.180
8260.000 0.181
8265.000 0.178
8270.000 0.177
8275.000 0.178
8280.000 0.178
8285.000 0.177
8290.000 0.176
8295.000 0.175
8300.000 0.176
8305.000 0.175
8310.000 0.175
8315.000 0.174
8320.000 0.176
8325.000 0.174
8330.000 0.175
8335.000 0.174
8340.000 0.175
8345.000 0.173
8350.000 0.174
8355.000 0.177
8360.000 0.177
8365.000 0.176
8370.000 0.177
8375.000 0.178
8380.000 0.179
8385.000 0.183
8390.000 0.182
8395.000 0.183
8400.000 0.185
8405.000 0.186
8410.000 0.189
8415.000 0.190
8420.000 0.192
8425.000 0.196
8430.000 0.197
8435.000 0.200
8440.000 0.203
8445.000 0.209
8450.000 0.211
8455.000 0.216
8460.000 0.220
8465.000 0.226
8470.000 0.235
8475.000 0.238
8480.000 0.242
8485.000 0.246
8490.000 0.254
8495.000 0.260
8500.000 0.269
8505.000 0.278
8510.000 0.283
8515.000 0.291
8520.000 0.297
8525.000 0.297
8530.000 0.296
8535.000 0.293
8540.000 0.279
8545.000 0.251
8550.000 0.207
8555.000 0.216
8560.000 0.716
8565.000 3.744
8570.000 7.528
8575.000 4.085
8580.000 4.076
8585.000 3.140
8590.000 2.946
8595.000 3.041
8600.000 3.144
8605.000 3.400
8610.000 3.671
8615.000 4.236
8620.000 4.468
8625.000 5.041
8630.000 5.745
8635.000 6.640
8640.000 7.765
8645.000 9.172
8650.000 10.902
8655.000 12.889
8660.000 14.783
8665.000 15.467
8670.000 15.884
8675.000 14.704
8680.000 12.588
8685.000 10.539
8690.000 8.720
8695.000 7.058
8700.000 5.439
8705.000 4.163
8710.000 3.443
8715.000 2.770
8720.000 2.205
8725.000 2.039
8730.000 1.838
8735.000 1.704
8740.000 1.604
8745.000 1.531
8750.000 1.480
8755.000 1.433
8760.000 1.384
8765.000 1.333
8770.000 1.277
8775.000 1.229
8780.000 1.207
8785.000 1.164
8790.000 1.126
8795.000 1.095
8800.000 1.065
8805.000 1.034
8810.000 1.011
8815.000 0.997
8820.000 0.961
8825.000 0.943
8830.000 0.909
8835.000 0.903
8840.000 0.868
8845.000 0.861
8850.000 0.849
8855.000 0.824
8860.000 0.820
8865.000 0.802
8870.000 0.790
8875.000 0.779
8880.000 0.768
8885.000 0.757
8890.000 0.751
8895.000 0.741
8900.000 0.728
8905.000 0.719
8910.000 0.715
8915.000 0.708
8920.000 0.702
8925.000 0.695
8930.000 0.687
8935.000 0.679
8940.000 0.676
8945.000 0.668
8950.000 0.664
8955.000 0.660
8960.000 0.658
8965.000 0.657
8970.000 0.651
8975.000 0.643
8980.000 0.641
8985.000 0.635
8990.000 0.636
8995.000 0.633
9000.000 0.627
9005.000 0.628
9010.000 0.628
9015.000 0.623
9020.000 0.614
9025.000 0.618
9030.000 0.620
9035.000 0.613
9040.000 0.612
9045.000 0.612
9050.000 0.604
9055.000 0.609
9060.000 0.613
9065.000 0.613
9070.000 0.618
9075.000 0.615
9080.000 0.611
9085.000 0.606
9090.000 0.603
9095.000 0.602
9100.000 0.598
9105.000 0.596
9110.000 0.591
9115.000 0.593
9120.000 0.589
9125.000 0.591
9130.000 0.589
9135.000 0.588
9140.000 0.588
9145.000 0.583
9150.000 0.587
9155.000 0.585
9160.000 0.585
9165.000 0.583
9170.000 0.582
9175.000 0.581
9180.000 0.580
9185.000 0.580
9190.000 0.580
9195.000 0.581
9200.000 0.577
9205.000 0.578
9210.000 0.579
9215.000 0.581
9220.000 0.583
9225.000 0.579
9230.000 0.577
9235.000 0.575
9240.000 0.579
9245.000 0.576
9250.000 0.578
9255.000 0.573
9260.000 0.574
9265.000 0.574
9270.000 0.572
9275.000 0.572
9280.000 0.572
9285.000 0.571
9290.000 0.574
9295.000 0.575
9300.000 0.570
9305.000 0.572
9310.000 0.571
9315.000 0.572
9320.000 0.575
9325.000 0.576
9330.000 0.574
9335.000 0.574
9340.000 0.572
9345.000 0.572
9350.000 0.573
9355.000 0.569
9360.000 0.572
9365.000 0.571
9370.000 0.571
9375.000 0.574
9380.000 0.570
9385.000 0.571
9390.000 0.570
9395.000 0.569
9400.000 0.569
9405.000 0.565
9410.000 0.566
9415.000 0.565
9420.000 0.564
9425.000 0.559
9430.000 0.559
9435.000 0.563
9440.000 0.555
9445.000 0.551
9450.000 0.549
9455.000 0.541
9460.000 0.537
9465.000 0.518
9470.000 0.514
9475.000 0.499
9480.000 0.481
9485.000 0.455
9490.000 0.422
9495.000 0.377
9500.000 0.309
9505.000 0.171
9510.000 0.166
9515.000 1.893
9520.000 4.235
9525.000 2.441
9530.000 2.009
9535.000 1.624
9540.000 1.560
9545.000 1.375
9550.000 1.265
9555.000 1.178
9560.000 1.112
9565.000 1.052
9570.000 1.003
9575.000 0.983
9580.000 0.946
9585.000 0.915
9590.000 0.909
9595.000 0.899
9600.000 0.881
9605.000 0.868
9610.000 0.848
9615.000 0.842
9620.000 0.847
9625.000 0.850
9630.000 0.855
9635.000 0.861
9640.000 0.864
9645.000 0.869
9650.000 0.870
9655.000 0.880
9660.000 0.886
9665.000 0.901
9670.000 0.909
9675.000 0.918
9680.000 0.931
9685.000 0.944
9690.000 0.956
9695.000 0.967
9700.000 0.973
9705.000 0.995
9710.000 1.013
9715.000 1.056
9720.000 1.063
9725.000 1.083
9730.000 1.110
9735.000 1.135
9740.000 1.163
9745.000 1.206
9750.000 1.240
9755.000 1.260
9760.000 1.336
9765.000 1.380
9770.000 1.427
9775.000 1.485
9780.000 1.562
9785.000 1.640
9790.000 1.744
9795.000 1.858
9800.000 2.005
9805.000 2.186
9810.000 2.390
9815.000 2.768
9820.000 2.978
9825.000 3.820
9830.000 4.182
9835.000 4.955
9840.000 5.580
9845.000 5.633
9850.000 4.945
9855.000 3.917
9860.000 2.975
9865.000 2.266
9870.000 1.759
9875.000 1.417
9880.000 1.277
9885.000 0.989
9890.000 0.924
9895.000 0.830
9900.000 0.778
9905.000 0.808
9910.000 0.855
9915.000 0.772
9920.000 0.677
9925.000 0.596
9930.000 0.525
9935.000 0.456
9940.000 0.421
9945.000 0.361
9950.000 0.311
9955.000 0.254
9960.000 0.235
9965.000 0.207
9970.000 0.185
9975.000 0.157
9980.000 0.139
9985.000 0.128
9990.000 0.107
9995.000 0.102
10000.000 0.087
10005.000 0.078
10010.000 0.066
10015.000 0.058
10020.000 0.053
10025.000 0.050
10030.000 0.044
10035.000 0.036
10040.000 0.034
10045.000 0.032
10050.000 0.036
10055.000 0.035
10060.000 0.036
10065.000 0.040
10070.000 0.040
10075.000 0.040
10080.000 0.041
10085.000 0.043
10090.000 0.040
10095.000 0.042
10100.000 0.044
10105.000 0.041
10110.000 0.040
10115.000 0.039
10120.000 0.036
10125.000 0.033
10130.000 0.029
10135.000 0.022
10140.000 0.018
10145.000 0.011
10150.000 0.011
10155.000 0.023
10160.000 0.043
10165.000 0.068
10170.000 0.102
10175.000 0.155
10180.000 0.242
10185.000 0.430
10190.000 0.638
10195.000 1.710
10200.000 3.692
10205.000 5.986
10210.000 4.294
10215.000 3.054
10220.000 1.837
10225.000 1.281
10230.000 0.950
10235.000 0.749
10240.000 0.680
10245.000 0.551
10250.000 0.522
10255.000 0.453
10260.000 0.435
10265.000 0.411
10270.000 0.388
10275.000 0.378
10280.000 0.366
10285.000 0.357
10290.000 0.351
10295.000 0.347
10300.000 0.341
10305.000 0.336
10310.000 0.331
10315.000 0.326
10320.000 0.320
10325.000 0.318
10330.000 0.316
10335.000 0.314
10340.000 0.310
10345.000 0.309
10350.000 0.307
10355.000 0.307
10360.000 0.307
10365.000 0.306
10370.000 0.304
10375.000 0.302
10380.000 0.303
10385.000 0.300
10390.000 0.305
10395.000 0.300
10400.000 0.301
10405.000 0.300
10410.000 0.299
10415.000 0.299
10420.000 0.299
10425.000 0.296
10430.000 0.297
10435.000 0.295
10440.000 0.293
10445.000 0.295
10450.000 0.295
10455.000 0.296
10460.000 0.294
10465.000 0.293
10470.000 0.293
10475.000 0.295
10480.000 0.301
10485.000 0.310
10490.000 0.318
10495.000 0.316
10500.000 0.312
10505.000 0.307
10510.000 0.302
10515.000 0.298
10520.000 0.296
10525.000 0.292
10530.000 0.294
10535.000 0.293
10540.000 0.292
10545.000 0.290
10550.000 0.288
10555.000 0.290
10560.000 0.290
10565.000 0.288
10570.000 0.287
10575.000 0.289
10580.000 0.288
10585.000 0.288
10590.000 0.288
10595.000 0.287
10600.000 0.283
10605.000 0.289
10610.000 0.287
10615.000 0.285
10620.000 0.283
10625.000 0.281
10630.000 0.280
10635.000 0.281
10640.000 0.282
10645.000 0.279
10650.000 0.277
10655.000 0.275
10660.000 0.275
10665.000 0.272
10670.000 0.271
10675.000 0.269
10680.000 0.268
10685.000 0.264
10690.000 0.259
10695.000 0.257
10700.000 0.252
10705.000 0.250
10710.000 0.248
10715.000 0.245
10720.000 0.241
10725.000 0.238
10730.000 0.237
10735.000 0.233
10740.000 0.229
10745.000 0.225
10750.000 0.220
10755.000 0.217
10760.000 0.211
10765.000 0.205
10770.000 0.198
10775.000 0.193
10780.000 0.185
10785.000 0.176
10790.000 0.176
10795.000 0.164
10800.000 0.157
10805.000 0.149
10810.000 0.138
10815.000 0.129
10820.000 0.124
10825.000 0.117
10830.000 0.114
10835.000 0.120
10840.000 0.138
10845.000 0.175
10850.000 0.207
10855.000 0.322
10860.000 0.559
10865.000 1.217
10870.000 1.515
10875.000 2.238
10880.000 3.026
10885.000 3.446
10890.000 3.082
10895.000 2.578
10900.000 2.269
10905.000 1.770
10910.000 0.699
10915.000 0.331
10920.000 0.502
10925.000 0.497
10930.000 0.472
10935.000 0.437
10940.000 0.400
10945.000 0.367
10950.000 0.343
10955.000 0.320
10960.000 0.298
10965.000 0.287
10970.000 0.275
10975.000 0.269
10980.000 0.269
10985.000 0.285
10990.000 0.306
10995.000 0.368
11000.000 0.481
11005.000 0.689
11010.000 0.973
11015.000 1.321
11020.000 1.612
11025.000 1.776
11030.000 1.791
11035.000 1.746
11040.000 1.611
11045.000 1.523
11050.000 1.425
11055.000 1.341
11060.000 1.310
11065.000 1.324
11070.000 1.388
11075.000 1.505
11080.000 1.658
11085.000 1.814
11090.000 1.884
11095.000 1.882
11100.000 1.799
11105.000 1.616
11110.000 1.411
11115.000 1.245
11120.000 1.109
11125.000 1.000
11130.000 0.928
11135.000 0.877
11140.000 0.826
11145.000 0.792
11150.000 0.761
11155.000 0.734
11160.000 0.719
11165.000 0.696
11170.000 0.679
11175.000 0.661
11180.000 0.646
11185.000 0.630
11190.000 0.614
11195.000 0.605
11200.000 0.596
11205.000 0.588
11210.000 0.584
11215.000 0.577
11220.000 0.572
11225.000 0.561
11230.000 0.555
11235.000 0.551
11240.000 0.546
11245.000 0.542
11250.000 0.539
11255.000 0.539
11260.000 0.536
11265.000 0.527
11270.000 0.524
11275.000 0.522
11280.000 0.519
11285.000 0.515
11290.000 0.513
11295.000 0.513
11300.000 0.511
11305.000 0.507
11310.000 0.502
11315.000 0.502
11320.000 0.501
11325.000 0.500
11330.000 0.497
11335.000 0.493
11340.000 0.492
11345.000 0.494
11350.000 0.492
11355.000 0.493
11360.000 0.491
11365.000 0.496
11370.000 0.494
11375.000 0.487
11380.000 0.484
11385.000 0.482
11390.000 0.478
11395.000 0.482
11400.000 0.482
11405.000 0.481
11410.000 0.482
11415.000 0.484
11420.000 0.481
11425.000 0.481
11430.000 0.484
11435.000 0.483
11440.000 0.480
11445.000 0.478
11450.000 0.479
11455.000 0.478
11460.000 0.479
11465.000 0.476
11470.000 0.476
11475.000 0.480
11480.000 0.477
11485.000 0.477
11490.000 0.478
11495.000 0.479
11500.000 0.483
11505.000 0.479
11510.000 0.483
11515.000 0.485
11520.000 0.484
11525.000 0.484
11530.000 0.483
11535.000 0.482
11540.000 0.483
11545.000 0.483
11550.000 0.484
11555.000 0.485
11560.000 0.489
11565.000 0.485
11570.000 0.486
11575.000 0.488
11580.000 0.489
11585.000 0.492
11590.000 0.493
11595.000 0.492
11600.000 0.493
11605.000 0.495
11610.000 0.497
11615.000 0.497
11620.000 0.502
11625.000 0.507
11630.000 0.508
11635.000 0.507
11640.000 0.508
11645.000 0.513
11650.000 0.518
11655.000 0.523
11660.000 0.528
11665.000 0.532
11670.000 0.536
11675.000 0.542
11680.000 0.550
11685.000 0.559
11690.000 0.570
11695.000 0.578
11700.000 0.596
11705.000 0.601
11710.000 0.617
11715.000 0.642
11720.000 0.676
11725.000 0.711
11730.000 0.765
11735.000 0.851
11740.000 1.001
11745.000 1.272
11750.000 1.695
11755.000 1.838
11760.000 1.494
11765.000 0.210
11770.000 0.553
11775.000 0.177
11780.000 0.027
11785.000 0.104
11790.000 0.168
11795.000 0.211
11800.000 0.255
11805.000 0.299
11810.000 0.326
11815.000 0.340
11820.000 0.348
11825.000 0.349
11830.000 0.354
11835.000 0.355
11840.000 0.353
11845.000 0.349
11850.000 0.345
11855.000 0.344
11860.000 0.347
11865.000 0.348
11870.000 0.358
11875.000 0.358
11880.000 0.363
11885.000 0.368
11890.000 0.367
11895.000 0.373
11900.000 0.375
11905.000 0.376
11910.000 0.377
11915.000 0.381
11920.000 0.387
11925.000 0.388
11930.000 0.386
11935.000 0.390
11940.000 0.393
11945.000 0.394
11950.000 0.397
11955.000 0.393
11960.000 0.402
11965.000 0.402
11970.000 0.404
11975.000 0.408
11980.000 0.416
11985.000 0.414
11990.000 0.423
11995.000 0.423
12000.000 0.425
