105.000 0.037
110.000 1.619
115.000 2.561
120.000 3.032
125.000 3.385
130.000 3.545
135.000 3.556
140.000 3.756
145.000 3.688
150.000 3.676
155.000 3.669
160.000 3.621
165.000 3.579
170.000 3.496
175.000 3.561
180.000 3.420
185.000 3.411
190.000 3.465
195.000 3.457
200.000 3.519
205.000 3.583
210.000 3.697
215.000 3.645
220.000 3.769
225.000 3.869
230.000 3.854
235.000 3.925
240.000 3.968
245.000 4.067
250.000 4.138
255.000 4.198
260.000 4.332
265.000 4.257
270.000 4.324
275.000 4.300
280.000 4.389
285.000 4.342
290.000 4.302
295.000 4.294
300.000 4.264
305.000 4.278
310.000 4.323
315.000 4.381
320.000 4.406
325.000 4.576
330.000 4.731
335.000 4.912
340.000 5.104
345.000 5.241
350.000 5.503
355.000 5.756
360.000 5.972
365.000 6.419
370.000 6.672
375.000 7.067
380.000 7.227
385.000 7.570
390.000 7.910
395.000 8.319
400.000 8.545
405.000 8.827
410.000 8.909
415.000 8.891
420.000 8.790
425.000 8.421
430.000 7.893
435.000 7.510
440.000 6.707
445.000 5.859
450.000 5.048
455.000 4.356
460.000 3.723
465.000 3.235
470.000 2.868
475.000 2.591
480.000 2.375
485.000 2.202
490.000 2.059
495.000 1.947
500.000 1.890
505.000 1.778
510.000 1.675
515.000 1.616
520.000 1.535
525.000 1.452
530.000 1.379
535.000 1.320
540.000 1.261
545.000 1.187
550.000 1.147
555.000 1.097
560.000 1.060
565.000 1.022
570.000 0.974
575.000 0.916
580.000 0.872
585.000 0.833
590.000 0.793
595.000 0.762
600.000 0.735
605.000 0.706
610.000 0.686
615.000 0.665
620.000 0.644
625.000 0.637
630.000 0.622
635.000 0.595
640.000 0.585
645.000 0.571
650.000 0.566
655.000 0.544
660.000 0.542
665.000 0.524
670.000 0.510
675.000 0.499
680.000 0.491
685.000 0.481
690.000 0.479
695.000 0.464
700.000 0.462
705.000 0.452
710.000 0.449
715.000 0.440
720.000 0.433
725.000 0.428
730.000 0.422
735.000 0.414
740.000 0.415
745.000 0.413
750.000 0.406
755.000 0.398
760.000 0.393
765.000 0.399
770.000 0.393
775.000 0.381
780.000 0.384
785.000 0.391
790.000 0.380
795.000 0.375
800.000 0.374
805.000 0.373
810.000 0.373
815.000 0.372
820.000 0.371
825.000 0.363
830.000 0.363
835.000 0.357
840.000 0.355
845.000 0.348
850.000 0.355
855.000 0.349
860.000 0.347
865.000 0.347
870.000 0.349
875.000 0.341
880.000 0.344
885.000 0.344
890.000 0.344
895.000 0.340
900.000 0.340
905.000 0.342
910.000 0.337
915.000 0.334
920.000 0.334
925.000 0.333
930.000 0.333
935.000 0.335
940.000 0.329
945.000 0.329
950.000 0.337
955.000 0.336
960.000 0.341
965.000 0.334
970.000 0.328
975.000 0.333
980.000 0.336
985.000 0.323
990.000 0.341
995.000 0.337
1000.000 0.335
1005.000 0.323
1010.000 0.324
1015.000 0.332
1020.000 0.331
1025.000 0.342
1030.000 0.324
1035.000 0.337
1040.000 0.324
1045.000 0.329
1050.000 0.335
1055.000 0.323
1060.000 0.324
1065.000 0.331
1070.000 0.328
1075.000 0.324
1080.000 0.325
1085.000 0.331
1090.000 0.329
1095.000 0.331
1100.000 0.330
1105.000 0.335
1110.000 0.330
1115.000 0.329
1120.000 0.334
1125.000 0.337
1130.000 0.329
1135.000 0.329
1140.000 0.336
1145.000 0.338
1150.000 0.392
1155.000 0.383
1160.000 0.403
1165.000 0.391
1170.000 0.363
1175.000 0.346
1180.000 0.337
1185.000 0.338
1190.000 0.337
1195.000 0.338
1200.000 0.340
1205.000 0.337
1210.000 0.340
1215.000 0.336
1220.000 0.337
1225.000 0.337
1230.000 0.341
1235.000 0.342
1240.000 0.342
1245.000 0.342
1250.000 0.345
1255.000 0.349
1260.000 0.347
1265.000 0.348
1270.000 0.349
1275.000 0.353
1280.000 0.352
1285.000 0.353
1290.000 0.353
1295.000 0.353
1300.000 0.359
1305.000 0.353
1310.000 0.355
1315.000 0.360
1320.000 0.363
1325.000 0.359
1330.000 0.357
1335.000 0.367
1340.000 0.367
1345.000 0.369
1350.000 0.370
1355.000 0.369
1360.000 0.376
1365.000 0.374
1370.000 0.375
1375.000 0.379
1380.000 0.378
1385.000 0.373
1390.000 0.380
1395.000 0.377
1400.000 0.379
1405.000 0.374
1410.000 0.383
1415.000 0.376
1420.000 0.375
1425.000 0.368
1430.000 0.370
1435.000 0.378
1440.000 0.371
1445.000 0.371
1450.000 0.383
1455.000 0.384
1460.000 0.384
1465.000 0.397
1470.000 0.402
1475.000 0.403
1480.000 0.411
1485.000 0.416
1490.000 0.425
1495.000 0.434
1500.000 0.437
1505.000 0.445
1510.000 0.451
1515.000 0.456
1520.000 0.460
1525.000 0.472
1530.000 0.476
1535.000 0.478
1540.000 0.487
1545.000 0.491
1550.000 0.498
1555.000 0.504
1560.000 0.512
1565.000 0.527
1570.000 0.529
1575.000 0.537
1580.000 0.548
1585.000 0.553
1590.000 0.563
1595.000 0.565
1600.000 0.572
1605.000 0.584
1610.000 0.596
1615.000 0.601
1620.000 0.619
1625.000 0.628
1630.000 0.638
1635.000 0.647
1640.000 0.663
1645.000 0.673
1650.000 0.678
1655.000 0.694
1660.000 0.705
1665.000 0.723
1670.000 0.724
1675.000 0.746
1680.000 0.764
1685.000 0.786
1690.000 0.799
1695.000 0.818
1700.000 0.833
1705.000 0.853
1710.000 0.872
1715.000 0.890
1720.000 0.901
1725.000 0.928
1730.000 0.945
1735.000 0.966
1740.000 0.994
1745.000 1.012
1750.000 1.037
1755.000 1.062
1760.000 1.084
1765.000 1.107
1770.000 1.131
1775.000 1.150
1780.000 1.170
1785.000 1.198
1790.000 1.219
1795.000 1.241
1800.000 1.267
1805.000 1.292
1810.000 1.318
1815.000 1.341
1820.000 1.367
1825.000 1.383
1830.000 1.405
1835.000 1.416
1840.000 1.432
1845.000 1.452
1850.000 1.468
1855.000 1.487
1860.000 1.494
1865.000 1.504
1870.000 1.520
1875.000 1.529
1880.000 1.531
1885.000 1.538
1890.000 1.543
1895.000 1.545
1900.000 1.540
1905.000 1.544
1910.000 1.548
1915.000 1.541
1920.000 1.541
1925.000 1.533
1930.000 1.533
1935.000 1.528
1940.000 1.524
1945.000 1.519
1950.000 1.509
1955.000 1.503
1960.000 1.495
1965.000 1.490
1970.000 1.480
1975.000 1.481
1980.000 1.468
1985.000 1.463
1990.000 1.463
1995.000 1.455
2000.000 1.450
2005.000 1.445
2010.000 1.442
2015.000 1.425
2020.000 1.421
2025.000 1.416
2030.000 1.412
2035.000 1.424
2040.000 1.405
2045.000 1.403
2050.000 1.408
2055.000 1.404
2060.000 1.406
2065.000 1.400
2070.000 1.407
2075.000 1.405
2080.000 1.410
2085.000 1.405
2090.000 1.416
2095.000 1.419
2100.000 1.431
2105.000 1.435
2110.000 1.441
2115.000 1.446
2120.000 1.448
2125.000 1.460
2130.000 1.464
2135.000 1.483
2140.000 1.496
2145.000 1.502
2150.000 1.521
2155.000 1.536
2160.000 1.556
2165.000 1.576
2170.000 1.605
2175.000 1.636
2180.000 1.659
2185.000 1.695
2190.000 1.731
2195.000 1.765
2200.000 1.787
2205.000 1.829
2210.000 1.885
2215.000 1.943
2220.000 2.006
2225.000 2.072
2230.000 2.152
2235.000 2.235
2240.000 2.334
2245.000 2.454
2250.000 2.584
2255.000 2.750
2260.000 2.943
2265.000 3.059
2270.000 3.353
2275.000 3.768
2280.000 4.348
2285.000 5.248
2290.000 6.700
2295.000 9.122
2300.000 13.160
2305.000 19.274
2310.000 26.875
2315.000 33.158
2320.000 29.878
2325.000 25.263
2330.000 17.547
2335.000 9.927
2340.000 6.441
2345.000 4.689
2350.000 3.598
2355.000 2.844
2360.000 2.298
2365.000 1.900
2370.000 1.593
2375.000 1.359
2380.000 1.171
2385.000 1.022
2390.000 0.952
2395.000 0.845
2400.000 0.760
2405.000 0.682
2410.000 0.617
2415.000 0.563
2420.000 0.513
2425.000 0.472
2430.000 0.435
2435.000 0.403
2440.000 0.370
2445.000 0.359
2450.000 0.333
2455.000 0.311
2460.000 0.289
2465.000 0.269
2470.000 0.249
2475.000 0.232
2480.000 0.220
2485.000 0.206
2490.000 0.194
2495.000 0.185
2500.000 0.175
2505.000 0.171
2510.000 0.165
2515.000 0.158
2520.000 0.153
2525.000 0.147
2530.000 0.143
2535.000 0.141
2540.000 0.141
2545.000 0.137
2550.000 0.137
2555.000 0.137
2560.000 0.136
2565.000 0.138
2570.000 0.137
2575.000 0.139
2580.000 0.141
2585.000 0.144
2590.000 0.147
2595.000 0.151
2600.000 0.152
2605.000 0.157
2610.000 0.160
2615.000 0.165
2620.000 0.168
2625.000 0.172
2630.000 0.173
2635.000 0.179
2640.000 0.182
2645.000 0.188
2650.000 0.195
2655.000 0.196
2660.000 0.201
2665.000 0.206
2670.000 0.211
2675.000 0.219
2680.000 0.224
2685.000 0.226
2690.000 0.232
2695.000 0.238
2700.000 0.242
2705.000 0.250
2710.000 0.257
2715.000 0.261
2720.000 0.269
2725.000 0.275
2730.000 0.281
2735.000 0.288
2740.000 0.294
2745.000 0.302
2750.000 0.306
2755.000 0.313
2760.000 0.319
2765.000 0.327
2770.000 0.332
2775.000 0.341
2780.000 0.349
2785.000 0.357
2790.000 0.364
2795.000 0.372
2800.000 0.380
2805.000 0.385
2810.000 0.389
2815.000 0.401
2820.000 0.407
2825.000 0.415
2830.000 0.424
2835.000 0.431
2840.000 0.440
2845.000 0.449
2850.000 0.459
2855.000 0.469
2860.000 0.478
2865.000 0.490
2870.000 0.499
2875.000 0.504
2880.000 0.510
2885.000 0.515
2890.000 0.521
2895.000 0.527
2900.000 0.535
2905.000 0.539
2910.000 0.546
2915.000 0.552
2920.000 0.556
2925.000 0.563
2930.000 0.562
2935.000 0.567
2940.000 0.574
2945.000 0.581
2950.000 0.584
2955.000 0.586
2960.000 0.591
2965.000 0.593
2970.000 0.591
2975.000 0.590
2980.000 0.591
2985.000 0.605
2990.000 0.607
2995.000 0.610
3000.000 0.607
3005.000 0.610
3010.000 0.606
3015.000 0.613
3020.000 0.611
3025.000 0.619
3030.000 0.614
3035.000 0.617
3040.000 0.612
3045.000 0.615
3050.000 0.623
3055.000 0.615
3060.000 0.614
3065.000 0.617
3070.000 0.619
3075.000 0.623
3080.000 0.616
3085.000 0.625
3090.000 0.625
3095.000 0.623
3100.000 0.625
3105.000 0.626
3110.000 0.627
3115.000 0.626
3120.000 0.627
3125.000 0.627
3130.000 0.628
3135.000 0.628
3140.000 0.630
3145.000 0.629
3150.000 0.634
3155.000 0.635
3160.000 0.639
3165.000 0.640
3170.000 0.640
3175.000 0.640
3180.000 0.640
3185.000 0.644
3190.000 0.643
3195.000 0.641
3200.000 0.644
3205.000 0.649
3210.000 0.651
3215.000 0.652
3220.000 0.652
3225.000 0.655
3230.000 0.657
3235.000 0.660
3240.000 0.663
3245.000 0.663
3250.000 0.667
3255.000 0.672
3260.000 0.675
3265.000 0.675
3270.000 0.679
3275.000 0.685
3280.000 0.688
3285.000 0.694
3290.000 0.697
3295.000 0.701
3300.000 0.703
3305.000 0.707
3310.000 0.708
3315.000 0.718
3320.000 0.723
3325.000 0.729
3330.000 0.734
3335.000 0.738
3340.000 0.745
3345.000 0.753
3350.000 0.760
3355.000 0.768
3360.000 0.772
3365.000 0.779
3370.000 0.785
3375.000 0.794
3380.000 0.804
3385.000 0.815
3390.000 0.825
3395.000 0.837
3400.000 0.851
3405.000 0.866
3410.000 0.876
3415.000 0.883
3420.000 0.888
3425.000 0.905
3430.000 0.917
3435.000 0.930
3440.000 0.951
3445.000 0.965
3450.000 0.982
3455.000 1.000
3460.000 1.020
3465.000 1.039
3470.000 1.065
3475.000 1.091
3480.000 1.103
3485.000 1.130
3490.000 1.159
3495.000 1.189
3500.000 1.229
3505.000 1.265
3510.000 1.300
3515.000 1.334
3520.000 1.364
3525.000 1.395
3530.000 1.428
3535.000 1.464
3540.000 1.483
3545.000 1.526
3550.000 1.567
3555.000 1.612
3560.000 1.661
3565.000 1.711
3570.000 1.772
3575.000 1.833
3580.000 1.890
3585.000 1.972
3590.000 2.051
3595.000 2.126
3600.000 2.224
3605.000 2.269
3610.000 2.376
3615.000 2.491
3620.000 2.630
3625.000 2.774
3630.000 2.952
3635.000 3.143
3640.000 3.352
3645.000 3.606
3650.000 3.922
3655.000 4.318
3660.000 4.569
3665.000 5.166
3670.000 5.993
3675.000 7.144
3680.000 8.838
3685.000 11.382
3690.000 15.325
3695.000 21.032
3700.000 28.399
3705.000 36.628
3710.000 44.038
3715.000 49.762
3720.000 50.359
3725.000 35.358
3730.000 21.418
3735.000 14.668
3740.000 10.693
3745.000 8.281
3750.000 6.691
3755.000 5.569
3760.000 4.718
3765.000 4.065
3770.000 3.555
3775.000 3.152
3780.000 2.825
3785.000 2.686
3790.000 2.440
3795.000 2.233
3800.000 2.062
3805.000 1.914
3810.000 1.790
3815.000 1.679
3820.000 1.585
3825.000 1.502
3830.000 1.428
3835.000 1.361
3840.000 1.304
3845.000 1.277
3850.000 1.225
3855.000 1.179
3860.000 1.133
3865.000 1.095
3870.000 1.059
3875.000 1.023
3880.000 0.995
3885.000 0.966
3890.000 0.940
3895.000 0.914
3900.000 0.900
3905.000 0.879
3910.000 0.857
3915.000 0.837
3920.000 0.819
3925.000 0.803
3930.000 0.788
3935.000 0.767
3940.000 0.753
3945.000 0.736
3950.000 0.726
3955.000 0.710
3960.000 0.701
3965.000 0.691
3970.000 0.687
3975.000 0.667
3980.000 0.657
3985.000 0.653
3990.000 0.636
3995.000 0.629
4000.000 0.619
4005.000 0.613
4010.000 0.605
4015.000 0.592
4020.000 0.599
4025.000 0.589
4030.000 0.574
4035.000 0.577
4040.000 0.562
4045.000 0.555
4050.000 0.557
4055.000 0.545
4060.000 0.539
4065.000 0.536
4070.000 0.524
4075.000 0.521
4080.000 0.517
4085.000 0.507
4090.000 0.507
4095.000 0.499
4100.000 0.493
4105.000 0.486
4110.000 0.479
4115.000 0.475
4120.000 0.469
4125.000 0.462
4130.000 0.456
4135.000 0.452
4140.000 0.446
4145.000 0.443
4150.000 0.439
4155.000 0.430
4160.000 0.428
4165.000 0.421
4170.000 0.416
4175.000 0.412
4180.000 0.406
4185.000 0.402
4190.000 0.398
4195.000 0.394
4200.000 0.392
4205.000 0.391
4210.000 0.390
4215.000 0.389
4220.000 0.387
4225.000 0.389
4230.000 0.389
4235.000 0.390
4240.000 0.388
4245.000 0.389
4250.000 0.391
4255.000 0.390
4260.000 0.393
4265.000 0.392
4270.000 0.393
4275.000 0.393
4280.000 0.393
4285.000 0.394
4290.000 0.394
4295.000 0.393
4300.000 0.393
4305.000 0.395
4310.000 0.392
4315.000 0.394
4320.000 0.394
4325.000 0.397
4330.000 0.395
4335.000 0.395
4340.000 0.396
4345.000 0.396
4350.000 0.395
4355.000 0.397
4360.000 0.396
4365.000 0.397
4370.000 0.398
4375.000 0.396
4380.000 0.399
4385.000 0.398
4390.000 0.398
4395.000 0.399
4400.000 0.398
4405.000 0.399
4410.000 0.400
4415.000 0.399
4420.000 0.402
4425.000 0.404
4430.000 0.404
4435.000 0.403
4440.000 0.404
4445.000 0.405
4450.000 0.404
4455.000 0.403
4460.000 0.406
4465.000 0.406
4470.000 0.407
4475.000 0.407
4480.000 0.408
4485.000 0.409
4490.000 0.409
4495.000 0.411
4500.000 0.412
4505.000 0.414
4510.000 0.413
4515.000 0.415
4520.000 0.415
4525.000 0.417
4530.000 0.419
4535.000 0.420
4540.000 0.422
4545.000 0.423
4550.000 0.422
4555.000 0.427
4560.000 0.429
4565.000 0.432
4570.000 0.433
4575.000 0.434
4580.000 0.437
4585.000 0.438
4590.000 0.441
4595.000 0.442
4600.000 0.447
4605.000 0.447
4610.000 0.451
4615.000 0.454
4620.000 0.456
4625.000 0.459
4630.000 0.463
4635.000 0.463
4640.000 0.470
4645.000 0.472
4650.000 0.477
4655.000 0.481
4660.000 0.486
4665.000 0.491
4670.000 0.491
4675.000 0.498
4680.000 0.506
4685.000 0.510
4690.000 0.516
4695.000 0.519
4700.000 0.526
4705.000 0.531
4710.000 0.536
4715.000 0.545
4720.000 0.554
4725.000 0.560
4730.000 0.568
4735.000 0.579
4740.000 0.587
4745.000 0.597
4750.000 0.607
4755.000 0.614
4760.000 0.624
4765.000 0.638
4770.000 0.650
4775.000 0.663
4780.000 0.679
4785.000 0.695
4790.000 0.711
4795.000 0.727
4800.000 0.749
4805.000 0.772
4810.000 0.793
4815.000 0.817
4820.000 0.831
4825.000 0.856
4830.000 0.887
4835.000 0.920
4840.000 0.955
4845.000 0.998
4850.000 1.040
4855.000 1.089
4860.000 1.143
4865.000 1.183
4870.000 1.220
4875.000 1.241
4880.000 1.283
4885.000 1.329
4890.000 1.383
4895.000 1.435
4900.000 1.506
4905.000 1.591
4910.000 1.710
4915.000 1.815
4920.000 1.892
4925.000 1.978
4930.000 2.086
4935.000 2.227
4940.000 2.313
4945.000 2.509
4950.000 2.758
4955.000 3.083
4960.000 3.508
4965.000 4.041
4970.000 4.652
4975.000 5.331
4980.000 5.838
4985.000 7.394
4990.000 23.550
4995.000 30.612
5000.000 27.109
5005.000 33.197
5010.000 34.028
5015.000 27.274
5020.000 16.935
5025.000 11.229
5030.000 8.127
5035.000 6.149
5040.000 4.871
5045.000 4.002
5050.000 3.392
5055.000 2.941
5060.000 2.574
5065.000 2.425
5070.000 2.163
5075.000 1.953
5080.000 1.779
5085.000 1.643
5090.000 1.522
5095.000 1.422
5100.000 1.332
5105.000 1.258
5110.000 1.193
5115.000 1.131
5120.000 1.108
5125.000 1.063
5130.000 1.021
5135.000 0.983
5140.000 0.951
5145.000 0.921
5150.000 0.895
5155.000 0.872
5160.000 0.847
5165.000 0.828
5170.000 0.811
5175.000 0.796
5180.000 0.786
5185.000 0.773
5190.000 0.760
5195.000 0.749
5200.000 0.738
5205.000 0.728
5210.000 0.719
5215.000 0.709
5220.000 0.702
5225.000 0.697
5230.000 0.689
5235.000 0.683
5240.000 0.677
5245.000 0.674
5250.000 0.671
5255.000 0.665
5260.000 0.662
5265.000 0.658
5270.000 0.654
5275.000 0.653
5280.000 0.650
5285.000 0.648
5290.000 0.645
5295.000 0.644
5300.000 0.641
5305.000 0.640
5310.000 0.638
5315.000 0.637
5320.000 0.635
5325.000 0.635
5330.000 0.633
5335.000 0.633
5340.000 0.632
5345.000 0.632
5350.000 0.632
5355.000 0.629
5360.000 0.628
5365.000 0.627
5370.000 0.628
5375.000 0.627
5380.000 0.625
5385.000 0.626
5390.000 0.625
5395.000 0.623
5400.000 0.626
5405.000 0.622
5410.000 0.621
5415.000 0.621
5420.000 0.620
5425.000 0.621
5430.000 0.620
5435.000 0.620
5440.000 0.622
5445.000 0.620
5450.000 0.617
5455.000 0.619
5460.000 0.619
5465.000 0.618
5470.000 0.617
5475.000 0.617
5480.000 0.615
5485.000 0.618
5490.000 0.617
5495.000 0.618
5500.000 0.617
5505.000 0.614
5510.000 0.616
5515.000 0.618
5520.000 0.624
5525.000 0.627
5530.000 0.624
5535.000 0.620
5540.000 0.616
5545.000 0.616
5550.000 0.614
5555.000 0.615
5560.000 0.613
5565.000 0.613
5570.000 0.614
5575.000 0.615
5580.000 0.617
5585.000 0.616
5590.000 0.616
5595.000 0.616
5600.000 0.619
5605.000 0.618
5610.000 0.618
5615.000 0.617
5620.000 0.619
5625.000 0.618
5630.000 0.618
5635.000 0.621
5640.000 0.623
5645.000 0.623
5650.000 0.626
5655.000 0.631
5660.000 0.628
5665.000 0.628
5670.000 0.631
5675.000 0.633
5680.000 0.635
5685.000 0.636
5690.000 0.638
5695.000 0.638
5700.000 0.643
5705.000 0.643
5710.000 0.645
5715.000 0.649
5720.000 0.652
5725.000 0.652
5730.000 0.654
5735.000 0.657
5740.000 0.659
5745.000 0.663
5750.000 0.664
5755.000 0.669
5760.000 0.673
5765.000 0.677
5770.000 0.681
5775.000 0.684
5780.000 0.691
5785.000 0.694
5790.000 0.698
5795.000 0.700
5800.000 0.706
5805.000 0.710
5810.000 0.714
5815.000 0.723
5820.000 0.726
5825.000 0.733
5830.000 0.736
5835.000 0.745
5840.000 0.752
5845.000 0.758
5850.000 0.769
5855.000 0.770
5860.000 0.780
5865.000 0.788
5870.000 0.797
5875.000 0.808
5880.000 0.817
5885.000 0.827
5890.000 0.840
5895.000 0.853
5900.000 0.864
5905.000 0.873
5910.000 0.882
5915.000 0.895
5920.000 0.910
5925.000 0.926
5930.000 0.945
5935.000 0.960
5940.000 0.977
5945.000 0.996
5950.000 1.018
5955.000 1.040
5960.000 1.070
5965.000 1.096
5970.000 1.118
5975.000 1.132
5980.000 1.159
5985.000 1.185
5990.000 1.199
5995.000 1.220
6000.000 1.231
6005.000 1.264
6010.000 1.286
6015.000 1.305
6020.000 1.321
6025.000 1.340
6030.000 1.371
6035.000 1.376
6040.000 1.409
6045.000 1.434
6050.000 1.457
6055.000 1.492
6060.000 1.525
6065.000 1.554
6070.000 1.593
6075.000 1.628
6080.000 1.667
6085.000 1.717
6090.000 1.758
6095.000 1.813
6100.000 1.838
6105.000 1.899
6110.000 1.959
6115.000 2.016
6120.000 2.082
6125.000 2.147
6130.000 2.228
6135.000 2.307
6140.000 2.397
6145.000 2.496
6150.000 2.608
6155.000 2.670
6160.000 2.795
6165.000 2.931
6170.000 3.085
6175.000 3.266
6180.000 3.469
6185.000 3.713
6190.000 4.007
6195.000 4.367
6200.000 4.842
6205.000 5.456
6210.000 6.313
6215.000 6.867
6220.000 8.309
6225.000 10.418
6230.000 13.577
6235.000 18.094
6240.000 23.800
6245.000 29.871
6250.000 34.168
6255.000 33.033
6260.000 23.531
6265.000 16.682
6270.000 12.346
6275.000 9.093
6280.000 7.983
6285.000 6.391
6290.000 5.346
6295.000 4.651
6300.000 4.230
6305.000 3.997
6310.000 3.793
6315.000 3.631
6320.000 3.391
6325.000 3.104
6330.000 2.854
6335.000 2.631
6340.000 2.533
6345.000 2.344
6350.000 2.175
6355.000 2.014
6360.000 1.884
6365.000 1.769
6370.000 1.670
6375.000 1.583
6380.000 1.507
6385.000 1.439
6390.000 1.380
6395.000 1.350
6400.000 1.299
6405.000 1.253
6410.000 1.219
6415.000 1.175
6420.000 1.142
6425.000 1.113
6430.000 1.087
6435.000 1.062
6440.000 1.039
6445.000 1.020
6450.000 1.003
6455.000 0.987
6460.000 0.979
6465.000 0.968
6470.000 0.958
6475.000 0.948
6480.000 0.941
6485.000 0.936
6490.000 0.934
6495.000 0.936
6500.000 0.939
6505.000 0.947
6510.000 0.957
6515.000 0.969
6520.000 0.980
6525.000 1.002
6530.000 1.033
6535.000 1.075
6540.000 1.130
6545.000 1.206
6550.000 1.316
6555.000 1.464
6560.000 1.679
6565.000 2.056
6570.000 2.836
6575.000 4.868
6580.000 9.906
6585.000 13.491
6590.000 21.210
6595.000 21.715
6600.000 3.553
6605.000 1.521
6610.000 2.017
6615.000 1.032
6620.000 0.762
6625.000 0.625
6630.000 0.484
6635.000 0.415
6640.000 0.387
6645.000 0.339
6650.000 0.309
6655.000 0.287
6660.000 0.272
6665.000 0.261
6670.000 0.256
6675.000 0.250
6680.000 0.249
6685.000 0.245
6690.000 0.247
6695.000 0.246
6700.000 0.247
6705.000 0.248
6710.000 0.247
6715.000 0.247
6720.000 0.247
6725.000 0.250
6730.000 0.250
6735.000 0.250
6740.000 0.251
6745.000 0.252
6750.000 0.254
6755.000 0.254
6760.000 0.256
6765.000 0.255
6770.000 0.257
6775.000 0.256
6780.000 0.259
6785.000 0.259
6790.000 0.258
6795.000 0.258
6800.000 0.259
6805.000 0.260
6810.000 0.260
6815.000 0.260
6820.000 0.261
6825.000 0.262
6830.000 0.262
6835.000 0.263
6840.000 0.264
6845.000 0.266
6850.000 0.264
6855.000 0.265
6860.000 0.265
6865.000 0.263
6870.000 0.266
6875.000 0.267
6880.000 0.268
6885.000 0.268
6890.000 0.268
6895.000 0.269
6900.000 0.271
6905.000 0.271
6910.000 0.271
6915.000 0.274
6920.000 0.272
6925.000 0.275
6930.000 0.274
6935.000 0.275
6940.000 0.276
6945.000 0.276
6950.000 0.276
6955.000 0.282
6960.000 0.280
6965.000 0.279
6970.000 0.283
6975.000 0.287
6980.000 0.287
6985.000 0.286
6990.000 0.290
6995.000 0.293
7000.000 0.291
7005.000 0.294
7010.000 0.291
7015.000 0.297
7020.000 0.292
7025.000 0.297
7030.000 0.296
7035.000 0.296
7040.000 0.294
7045.000 0.296
7050.000 0.304
7055.000 0.301
7060.000 0.306
7065.000 0.307
7070.000 0.309
7075.000 0.309
7080.000 0.312
7085.000 0.311
7090.000 0.316
7095.000 0.318
7100.000 0.320
7105.000 0.321
7110.000 0.324
7115.000 0.329
7120.000 0.333
7125.000 0.335
7130.000 0.336
7135.000 0.340
7140.000 0.343
7145.000 0.347
7150.000 0.351
7155.000 0.354
7160.000 0.360
7165.000 0.365
7170.000 0.369
7175.000 0.377
7180.000 0.382
7185.000 0.387
7190.000 0.390
7195.000 0.396
7200.000 0.404
7205.000 0.410
7210.000 0.419
7215.000 0.430
7220.000 0.437
7225.000 0.448
7230.000 0.460
7235.000 0.473
7240.000 0.485
7245.000 0.497
7250.000 0.501
7255.000 0.516
7260.000 0.531
7265.000 0.547
7270.000 0.562
7275.000 0.583
7280.000 0.603
7285.000 0.625
7290.000 0.649
7295.000 0.675
7300.000 0.704
7305.000 0.736
7310.000 0.769
7315.000 0.790
7320.000 0.832
7325.000 0.882
7330.000 0.942
7335.000 1.005
7340.000 1.081
7345.000 1.182
7350.000 1.285
7355.000 1.398
7360.000 1.470
7365.000 1.672
7370.000 1.708
7375.000 1.815
7380.000 1.912
7385.000 2.036
7390.000 2.187
7395.000 2.363
7400.000 2.591
7405.000 2.860
7410.000 3.207
7415.000 3.682
7420.000 4.250
7425.000 5.043
7430.000 5.541
7435.000 6.820
7440.000 8.593
7445.000 10.968
7450.000 14.063
7455.000 17.802
7460.000 21.680
7465.000 24.719
7470.000 24.900
7475.000 20.191
7480.000 13.907
7485.000 9.975
7490.000 8.004
7495.000 7.431
7500.000 6.596
7505.000 5.597
7510.000 4.721
7515.000 4.086
7520.000 3.668
7525.000 3.396
7530.000 3.170
7535.000 2.975
7540.000 2.812
7545.000 2.661
7550.000 2.524
7555.000 2.467
7560.000 2.361
7565.000 2.223
7570.000 2.093
7575.000 1.983
7580.000 1.880
7585.000 1.794
7590.000 1.712
7595.000 1.645
7600.000 1.591
7605.000 1.540
7610.000 1.497
7615.000 1.474
7620.000 1.430
7625.000 1.382
7630.000 1.337
7635.000 1.297
7640.000 1.258
7645.000 1.229
7650.000 1.196
7655.000 1.169
7660.000 1.144
7665.000 1.121
7670.000 1.101
7675.000 1.090
7680.000 1.074
7685.000 1.055
7690.000 1.041
7695.000 1.028
7700.000 1.012
7705.000 1.000
7710.000 0.987
7715.000 0.975
7720.000 0.966
7725.000 0.956
7730.000 0.947
7735.000 0.937
7740.000 0.937
7745.000 0.928
7750.000 0.924
7755.000 0.917
7760.000 0.911
7765.000 0.906
7770.000 0.902
7775.000 0.897
7780.000 0.891
7785.000 0.891
7790.000 0.887
7795.000 0.885
7800.000 0.882
7805.000 0.884
7810.000 0.881
7815.000 0.880
7820.000 0.879
7825.000 0.879
7830.000 0.879
7835.000 0.879
7840.000 0.880
7845.000 0.880
7850.000 0.883
7855.000 0.885
7860.000 0.887
7865.000 0.889
7870.000 0.891
7875.000 0.892
7880.000 0.895
7885.000 0.894
7890.000 0.902
7895.000 0.902
7900.000 0.908
7905.000 0.914
7910.000 0.920
7915.000 0.924
7920.000 0.925
7925.000 0.934
7930.000 0.942
7935.000 0.952
7940.000 0.959
7945.000 0.971
7950.000 0.979
7955.000 0.996
7960.000 1.011
7965.000 1.031
7970.000 1.049
7975.000 1.073
7980.000 1.085
7985.000 1.109
7990.000 1.140
7995.000 1.175
8000.000 1.225
8005.000 1.258
8010.000 1.317
8015.000 1.387
8020.000 1.491
8025.000 1.601
8030.000 1.688
8035.000 1.803
8040.000 1.930
8045.000 2.022
8050.000 2.282
8055.000 2.695
8060.000 3.425
8065.000 4.881
8070.000 7.833
8075.000 12.945
8080.000 18.094
8085.000 13.573
8090.000 7.454
8095.000 2.589
8100.000 2.267
8105.000 1.324
8110.000 0.901
8115.000 0.626
8120.000 0.441
8125.000 0.319
8130.000 0.251
8135.000 0.216
8140.000 0.204
8145.000 0.208
8150.000 0.219
8155.000 0.233
8160.000 0.239
8165.000 0.254
8170.000 0.268
8175.000 0.282
8180.000 0.295
8185.000 0.310
8190.000 0.320
8195.000 0.333
8200.000 0.344
8205.000 0.354
8210.000 0.368
8215.000 0.375
8220.000 0.385
8225.000 0.390
8230.000 0.400
8235.000 0.410
8240.000 0.419
8245.000 0.428
8250.000 0.437
8255.000 0.446
8260.000 0.454
8265.000 0.462
8270.000 0.473
8275.000 0.480
8280.000 0.488
8285.000 0.492
8290.000 0.500
8295.000 0.510
8300.000 0.519
8305.000 0.527
8310.000 0.539
8315.000 0.545
8320.000 0.557
8325.000 0.565
8330.000 0.576
8335.000 0.588
8340.000 0.591
8345.000 0.605
8350.000 0.616
8355.000 0.626
8360.000 0.640
8365.000 0.652
8370.000 0.667
8375.000 0.685
8380.000 0.694
8385.000 0.713
8390.000 0.729
8395.000 0.744
8400.000 0.763
8405.000 0.772
8410.000 0.789
8415.000 0.806
8420.000 0.821
8425.000 0.836
8430.000 0.856
8435.000 0.875
8440.000 0.895
8445.000 0.915
8450.000 0.939
8455.000 0.961
8460.000 0.988
8465.000 1.005
8470.000 1.033
8475.000 1.067
8480.000 1.105
8485.000 1.142
8490.000 1.182
8495.000 1.233
8500.000 1.282
8505.000 1.325
8510.000 1.369
8515.000 1.429
8520.000 1.481
8525.000 1.551
8530.000 1.583
8535.000 1.677
8540.000 1.794
8545.000 1.955
8550.000 2.229
8555.000 2.772
8560.000 4.034
8565.000 6.448
8570.000 6.189
8575.000 1.925
8580.000 0.898
8585.000 1.936
8590.000 1.561
8595.000 1.976
8600.000 2.172
8605.000 2.422
8610.000 2.755
8615.000 3.109
8620.000 3.548
8625.000 4.102
8630.000 4.829
8635.000 5.778
8640.000 7.017
8645.000 8.587
8650.000 9.482
8655.000 11.424
8660.000 13.213
8665.000 14.162
8670.000 13.379
8675.000 10.599
8680.000 7.720
8685.000 5.569
8690.000 4.241
8695.000 3.510
8700.000 3.164
8705.000 3.097
8710.000 3.135
8715.000 3.182
8720.000 2.893
8725.000 2.519
8730.000 2.222
8735.000 1.994
8740.000 1.811
8745.000 1.646
8750.000 1.512
8755.000 1.398
8760.000 1.295
8765.000 1.188
8770.000 1.092
8775.000 1.048
8780.000 0.970
8785.000 0.898
8790.000 0.838
8795.000 0.777
8800.000 0.719
8805.000 0.671
8810.000 0.626
8815.000 0.594
8820.000 0.541
8825.000 0.509
8830.000 0.515
8835.000 0.490
8840.000 0.466
8845.000 0.438
8850.000 0.412
8855.000 0.394
8860.000 0.376
8865.000 0.360
8870.000 0.342
8875.000 0.329
8880.000 0.318
8885.000 0.306
8890.000 0.300
8895.000 0.288
8900.000 0.279
8905.000 0.270
8910.000 0.261
8915.000 0.251
8920.000 0.241
8925.000 0.234
8930.000 0.226
8935.000 0.220
8940.000 0.210
8945.000 0.202
8950.000 0.198
8955.000 0.198
8960.000 0.190
8965.000 0.184
8970.000 0.183
8975.000 0.171
8980.000 0.166
8985.000 0.168
8990.000 0.157
8995.000 0.155
9000.000 0.156
9005.000 0.147
9010.000 0.143
9015.000 0.141
9020.000 0.144
9025.000 0.137
9030.000 0.138
9035.000 0.134
9040.000 0.133
9045.000 0.130
9050.000 0.123
9055.000 0.124
9060.000 0.122
9065.000 0.115
9070.000 0.115
9075.000 0.115
9080.000 0.111
9085.000 0.112
9090.000 0.110
9095.000 0.111
9100.000 0.106
9105.000 0.104
9110.000 0.104
9115.000 0.102
9120.000 0.101
9125.000 0.101
9130.000 0.099
9135.000 0.098
9140.000 0.097
9145.000 0.098
9150.000 0.095
9155.000 0.094
9160.000 0.094
9165.000 0.093
9170.000 0.091
9175.000 0.092
9180.000 0.092
9185.000 0.092
9190.000 0.090
9195.000 0.092
9200.000 0.091
9205.000 0.090
9210.000 0.091
9215.000 0.091
9220.000 0.091
9225.000 0.090
9230.000 0.092
9235.000 0.091
9240.000 0.094
9245.000 0.092
9250.000 0.093
9255.000 0.095
9260.000 0.095
9265.000 0.096
9270.000 0.097
9275.000 0.100
9280.000 0.100
9285.000 0.103
9290.000 0.106
9295.000 0.108
9300.000 0.111
9305.000 0.114
9310.000 0.120
9315.000 0.122
9320.000 0.124
9325.000 0.128
9330.000 0.136
9335.000 0.143
9340.000 0.146
9345.000 0.153
9350.000 0.164
9355.000 0.169
9360.000 0.180
9365.000 0.193
9370.000 0.203
9375.000 0.215
9380.000 0.225
9385.000 0.240
9390.000 0.258
9395.000 0.274
9400.000 0.292
9405.000 0.315
9410.000 0.336
9415.000 0.364
9420.000 0.394
9425.000 0.429
9430.000 0.470
9435.000 0.518
9440.000 0.547
9445.000 0.621
9450.000 0.711
9455.000 0.826
9460.000 0.969
9465.000 1.155
9470.000 1.429
9475.000 1.838
9480.000 2.500
9485.000 3.555
9490.000 5.162
9495.000 7.541
9500.000 11.198
9505.000 13.497
9510.000 16.791
9515.000 10.457
9520.000 6.950
9525.000 4.279
9530.000 3.363
9535.000 2.296
9540.000 1.801
9545.000 1.414
9550.000 1.173
9555.000 0.992
9560.000 0.853
9565.000 0.796
9570.000 0.701
9575.000 0.623
9580.000 0.561
9585.000 0.512
9590.000 0.469
9595.000 0.430
9600.000 0.399
9605.000 0.371
9610.000 0.344
9615.000 0.322
9620.000 0.311
9625.000 0.291
9630.000 0.269
9635.000 0.251
9640.000 0.233
9645.000 0.218
9650.000 0.201
9655.000 0.185
9660.000 0.169
9665.000 0.154
9670.000 0.138
9675.000 0.121
9680.000 0.106
9685.000 0.098
9690.000 0.083
9695.000 0.065
9700.000 0.049
9705.000 0.036
9710.000 0.024
9715.000 0.028
9720.000 0.042
9725.000 0.061
9730.000 0.083
9735.000 0.108
9740.000 0.134
9745.000 0.151
9750.000 0.181
9755.000 0.213
9760.000 0.254
9765.000 0.296
9770.000 0.344
9775.000 0.401
9780.000 0.468
9785.000 0.550
9790.000 0.657
9795.000 0.803
9800.000 1.016
9805.000 1.335
9810.000 1.549
9815.000 2.149
9820.000 3.054
9825.000 4.090
9830.000 5.177
9835.000 6.259
9840.000 7.185
9845.000 7.688
9850.000 7.448
9855.000 6.515
9860.000 5.345
9865.000 4.760
9870.000 3.726
9875.000 2.898
9880.000 2.271
9885.000 1.828
9890.000 1.590
9895.000 1.565
9900.000 1.752
9905.000 2.143
9910.000 2.500
9915.000 2.577
9920.000 2.343
9925.000 2.202
9930.000 1.935
9935.000 1.752
9940.000 1.628
9945.000 1.541
9950.000 1.467
9955.000 1.399
9960.000 1.346
9965.000 1.293
9970.000 1.254
9975.000 1.208
9980.000 1.173
9985.000 1.142
9990.000 1.118
9995.000 1.098
10000.000 1.070
10005.000 1.058
10010.000 1.028
10015.000 1.006
10020.000 0.972
10025.000 0.948
10030.000 0.932
10035.000 0.919
10040.000 0.899
10045.000 0.885
10050.000 0.871
10055.000 0.858
10060.000 0.841
10065.000 0.829
10070.000 0.812
10075.000 0.800
10080.000 0.784
10085.000 0.767
10090.000 0.755
10095.000 0.744
10100.000 0.728
10105.000 0.721
10110.000 0.712
10115.000 0.695
10120.000 0.687
10125.000 0.668
10130.000 0.656
10135.000 0.643
10140.000 0.632
10145.000 0.614
10150.000 0.591
10155.000 0.558
10160.000 0.520
10165.000 0.468
10170.000 0.437
10175.000 0.367
10180.000 0.279
10185.000 0.172
10190.000 0.151
10195.000 0.550
10200.000 2.873
10205.000 6.378
10210.000 5.121
10215.000 3.764
10220.000 2.769
10225.000 2.219
10230.000 1.945
10235.000 1.772
10240.000 1.590
10245.000 1.473
10250.000 1.401
10255.000 1.337
10260.000 1.268
10265.000 1.177
10270.000 1.090
10275.000 1.019
10280.000 0.961
10285.000 0.911
10290.000 0.871
10295.000 0.855
10300.000 0.836
10305.000 0.826
10310.000 0.821
10315.000 0.815
10320.000 0.805
10325.000 0.803
10330.000 0.795
10335.000 0.797
10340.000 0.790
10345.000 0.790
10350.000 0.788
10355.000 0.780
10360.000 0.772
10365.000 0.776
10370.000 0.775
10375.000 0.770
10380.000 0.770
10385.000 0.764
10390.000 0.778
10395.000 0.765
10400.000 0.766
10405.000 0.758
10410.000 0.760
10415.000 0.761
10420.000 0.761
10425.000 0.758
10430.000 0.754
10435.000 0.759
10440.000 0.755
10445.000 0.757
10450.000 0.751
10455.000 0.752
10460.000 0.752
10465.000 0.749
10470.000 0.749
10475.000 0.750
10480.000 0.752
10485.000 0.754
10490.000 0.761
10495.000 0.765
10500.000 0.755
10505.000 0.758
10510.000 0.757
10515.000 0.759
10520.000 0.758
10525.000 0.758
10530.000 0.759
10535.000 0.768
10540.000 0.767
10545.000 0.768
10550.000 0.770
10555.000 0.770
10560.000 0.774
10565.000 0.773
10570.000 0.772
10575.000 0.776
10580.000 0.776
10585.000 0.781
10590.000 0.781
10595.000 0.779
10600.000 0.783
10605.000 0.792
10610.000 0.794
10615.000 0.791
10620.000 0.800
10625.000 0.804
10630.000 0.809
10635.000 0.807
10640.000 0.815
10645.000 0.814
10650.000 0.822
10655.000 0.828
10660.000 0.832
10665.000 0.836
10670.000 0.845
10675.000 0.854
10680.000 0.846
10685.000 0.861
10690.000 0.868
10695.000 0.869
10700.000 0.877
10705.000 0.887
10710.000 0.897
10715.000 0.905
10720.000 0.908
10725.000 0.916
10730.000 0.933
10735.000 0.941
10740.000 0.957
10745.000 0.969
10750.000 0.988
10755.000 1.004
10760.000 1.022
10765.000 1.039
10770.000 1.060
10775.000 1.083
10780.000 1.095
10785.000 1.127
10790.000 1.157
10795.000 1.181
10800.000 1.216
10805.000 1.251
10810.000 1.296
10815.000 1.352
10820.000 1.405
10825.000 1.472
10830.000 1.559
10835.000 1.608
10840.000 1.722
10845.000 1.860
10850.000 2.127
10855.000 2.406
10860.000 2.838
10865.000 3.519
10870.000 4.541
10875.000 5.844
10880.000 6.771
10885.000 6.033
10890.000 3.922
10895.000 2.309
10900.000 1.838
10905.000 1.373
10910.000 1.314
10915.000 1.059
10920.000 0.577
10925.000 0.372
10930.000 0.226
10935.000 0.134
10940.000 0.091
10945.000 0.106
10950.000 0.146
10955.000 0.191
10960.000 0.215
10965.000 0.259
10970.000 0.310
10975.000 0.357
10980.000 0.421
10985.000 0.507
10990.000 0.607
10995.000 0.752
11000.000 0.956
11005.000 1.204
11010.000 1.503
11015.000 1.760
11020.000 1.878
11025.000 1.858
11030.000 1.767
11035.000 1.570
11040.000 1.378
11045.000 1.257
11050.000 1.215
11055.000 1.229
11060.000 1.300
11065.000 1.412
11070.000 1.515
11075.000 1.660
11080.000 1.727
11085.000 1.863
11090.000 2.000
11095.000 2.044
11100.000 1.906
11105.000 1.654
11110.000 1.364
11115.000 1.115
11120.000 0.930
11125.000 0.765
11130.000 0.644
11135.000 0.560
11140.000 0.521
11145.000 0.452
11150.000 0.398
11155.000 0.356
11160.000 0.323
11165.000 0.300
11170.000 0.301
11175.000 0.285
11180.000 0.272
11185.000 0.262
11190.000 0.253
11195.000 0.245
11200.000 0.239
11205.000 0.238
11210.000 0.236
11215.000 0.235
11220.000 0.237
11225.000 0.244
11230.000 0.246
11235.000 0.248
11240.000 0.248
11245.000 0.249
11250.000 0.251
11255.000 0.252
11260.000 0.263
11265.000 0.265
11270.000 0.267
11275.000 0.268
11280.000 0.269
11285.000 0.270
11290.000 0.274
11295.000 0.278
11300.000 0.279
11305.000 0.285
11310.000 0.289
11315.000 0.293
11320.000 0.294
11325.000 0.297
11330.000 0.299
11335.000 0.303
11340.000 0.306
11345.000 0.312
11350.000 0.315
11355.000 0.323
11360.000 0.330
11365.000 0.340
11370.000 0.345
11375.000 0.342
11380.000 0.339
11385.000 0.340
11390.000 0.337
11395.000 0.338
11400.000 0.340
11405.000 0.340
11410.000 0.342
11415.000 0.343
11420.000 0.345
11425.000 0.347
11430.000 0.350
11435.000 0.352
11440.000 0.356
11445.000 0.358
11450.000 0.360
11455.000 0.364
11460.000 0.365
11465.000 0.367
11470.000 0.370
11475.000 0.373
11480.000 0.375
11485.000 0.376
11490.000 0.377
11495.000 0.381
11500.000 0.383
11505.000 0.382
11510.000 0.385
11515.000 0.391
11520.000 0.391
11525.000 0.392
11530.000 0.387
11535.000 0.388
11540.000 0.386
11545.000 0.386
11550.000 0.389
11555.000 0.391
11560.000 0.395
11565.000 0.393
11570.000 0.397
11575.000 0.398
11580.000 0.399
11585.000 0.403
11590.000 0.406
11595.000 0.407
11600.000 0.413
11605.000 0.413
11610.000 0.415
11615.000 0.416
11620.000 0.422
11625.000 0.427
11630.000 0.422
11635.000 0.426
11640.000 0.437
11645.000 0.440
11650.000 0.445
11655.000 0.449
11660.000 0.457
11665.000 0.465
11670.000 0.473
11675.000 0.485
11680.000 0.493
11685.000 0.508
11690.000 0.521
11695.000 0.533
11700.000 0.552
11705.000 0.576
11710.000 0.603
11715.000 0.638
11720.000 0.688
11725.000 0.755
11730.000 0.863
11735.000 1.036
11740.000 1.359
11745.000 1.981
11750.000 3.064
11755.000 3.654
11760.000 3.830
11765.000 1.340
11770.000 0.818
11775.000 0.660
11780.000 0.291
11785.000 0.178
11790.000 0.115
11795.000 0.083
11800.000 0.080
11805.000 0.087
11810.000 0.091
11815.000 0.098
11820.000 0.109
11825.000 0.118
11830.000 0.126
11835.000 0.131
11840.000 0.139
11845.000 0.146
11850.000 0.154
11855.000 0.161
11860.000 0.168
11865.000 0.170
11870.000 0.173
11875.000 0.176
11880.000 0.183
11885.000 0.185
11890.000 0.188
11895.000 0.193
11900.000 0.194
11905.000 0.196
11910.000 0.200
11915.000 0.201
11920.000 0.202
11925.000 0.206
11930.000 0.208
11935.000 0.208
11940.000 0.211
11945.000 0.214
11950.000 0.212
11955.000 0.211
11960.000 0.214
11965.000 0.211
11970.000 0.211
11975.000 0.213
11980.000 0.217
11985.000 0.219
11990.000 0.214
11995.000 0.217
12000.000 0.214
