105.000 0.060
110.000 1.898
115.000 2.608
120.000 3.009
125.000 3.230
130.000 3.442
135.000 3.558
140.000 3.687
145.000 3.718
150.000 3.574
155.000 3.635
160.000 3.440
165.000 3.477
170.000 3.328
175.000 3.347
180.000 3.358
185.000 3.362
190.000 3.308
195.000 3.371
200.000 3.353
205.000 3.359
210.000 3.446
215.000 3.391
220.000 3.519
225.000 3.557
230.000 3.757
235.000 3.857
240.000 3.968
245.000 3.971
250.000 4.041
255.000 4.066
260.000 4.139
265.000 4.146
270.000 4.139
275.000 4.256
280.000 4.170
285.000 4.098
290.000 4.109
295.000 4.094
300.000 4.122
305.000 4.105
310.000 4.153
315.000 4.163
320.000 4.278
325.000 4.429
330.000 4.561
335.000 4.734
340.000 4.908
345.000 5.068
350.000 5.270
355.000 5.489
360.000 5.774
365.000 6.018
370.000 6.367
375.000 6.518
380.000 6.886
385.000 7.194
390.000 7.538
395.000 7.851
400.000 8.146
405.000 8.301
410.000 8.451
415.000 8.408
420.000 8.270
425.000 7.938
430.000 7.423
435.000 7.095
440.000 6.352
445.000 5.533
450.000 4.772
455.000 4.074
460.000 3.507
465.000 3.013
470.000 2.680
475.000 2.425
480.000 2.191
485.000 2.046
490.000 1.918
495.000 1.804
500.000 1.755
505.000 1.637
510.000 1.564
515.000 1.475
520.000 1.398
525.000 1.326
530.000 1.264
535.000 1.205
540.000 1.146
545.000 1.098
550.000 1.046
555.000 1.022
560.000 0.970
565.000 0.909
570.000 0.861
575.000 0.815
580.000 0.779
585.000 0.748
590.000 0.715
595.000 0.690
600.000 0.665
605.000 0.642
610.000 0.617
615.000 0.608
620.000 0.587
625.000 0.575
630.000 0.556
635.000 0.546
640.000 0.526
645.000 0.517
650.000 0.499
655.000 0.490
660.000 0.480
665.000 0.476
670.000 0.464
675.000 0.448
680.000 0.454
685.000 0.447
690.000 0.432
695.000 0.428
700.000 0.424
705.000 0.418
710.000 0.411
715.000 0.407
720.000 0.400
725.000 0.392
730.000 0.392
735.000 0.390
740.000 0.384
745.000 0.385
750.000 0.379
755.000 0.371
760.000 0.365
765.000 0.368
770.000 0.368
775.000 0.361
780.000 0.352
785.000 0.358
790.000 0.359
795.000 0.349
800.000 0.353
805.000 0.349
810.000 0.346
815.000 0.345
820.000 0.347
825.000 0.341
830.000 0.334
835.000 0.332
840.000 0.335
845.000 0.323
850.000 0.336
855.000 0.327
860.000 0.324
865.000 0.326
870.000 0.324
875.000 0.324
880.000 0.325
885.000 0.315
890.000 0.329
895.000 0.329
900.000 0.320
905.000 0.319
910.000 0.319
915.000 0.315
920.000 0.321
925.000 0.321
930.000 0.315
935.000 0.321
940.000 0.314
945.000 0.313
950.000 0.309
955.000 0.316
960.000 0.319
965.000 0.318
970.000 0.312
975.000 0.322
980.000 0.316
985.000 0.318
990.000 0.320
995.000 0.328
1000.000 0.324
1005.000 0.306
1010.000 0.306
1015.000 0.306
1020.000 0.318
1025.000 0.323
1030.000 0.322
1035.000 0.322
1040.000 0.310
1045.000 0.317
1050.000 0.321
1055.000 0.313
1060.000 0.313
1065.000 0.316
1070.000 0.311
1075.000 0.310
1080.000 0.307
1085.000 0.312
1090.000 0.310
1095.000 0.311
1100.000 0.315
1105.000 0.308
1110.000 0.314
1115.000 0.309
1120.000 0.313
1125.000 0.311
1130.000 0.311
1135.000 0.313
1140.000 0.308
1145.000 0.314
1150.000 0.311
1155.000 0.318
1160.000 0.313
1165.000 0.317
1170.000 0.316
1175.000 0.317
1180.000 0.317
1185.000 0.313
1190.000 0.319
1195.000 0.315
1200.000 0.319
1205.000 0.317
1210.000 0.319
1215.000 0.320
1220.000 0.315
1225.000 0.321
1230.000 0.321
1235.000 0.320
1240.000 0.323
1245.000 0.322
1250.000 0.324
1255.000 0.324
1260.000 0.325
1265.000 0.326
1270.000 0.327
1275.000 0.327
1280.000 0.332
1285.000 0.331
1290.000 0.332
1295.000 0.331
1300.000 0.330
1305.000 0.333
1310.000 0.329
1315.000 0.329
1320.000 0.330
1325.000 0.333
1330.000 0.332
1335.000 0.335
1340.000 0.338
1345.000 0.336
1350.000 0.338
1355.000 0.337
1360.000 0.340
1365.000 0.335
1370.000 0.340
1375.000 0.338
1380.000 0.337
1385.000 0.339
1390.000 0.336
1395.000 0.338
1400.000 0.339
1405.000 0.334
1410.000 0.339
1415.000 0.338
1420.000 0.330
1425.000 0.333
1430.000 0.328
1435.000 0.328
1440.000 0.326
1445.000 0.327
1450.000 0.334
1455.000 0.334
1460.000 0.338
1465.000 0.339
1470.000 0.345
1475.000 0.342
1480.000 0.345
1485.000 0.349
1490.000 0.356
1495.000 0.358
1500.000 0.362
1505.000 0.356
1510.000 0.366
1515.000 0.369
1520.000 0.372
1525.000 0.374
1530.000 0.380
1535.000 0.382
1540.000 0.381
1545.000 0.382
1550.000 0.394
1555.000 0.391
1560.000 0.390
1565.000 0.396
1570.000 0.396
1575.000 0.396
1580.000 0.408
1585.000 0.410
1590.000 0.415
1595.000 0.416
1600.000 0.424
1605.000 0.423
1610.000 0.427
1615.000 0.430
1620.000 0.431
1625.000 0.440
1630.000 0.446
1635.000 0.447
1640.000 0.455
1645.000 0.461
1650.000 0.459
1655.000 0.468
1660.000 0.475
1665.000 0.484
1670.000 0.484
1675.000 0.497
1680.000 0.502
1685.000 0.509
1690.000 0.516
1695.000 0.525
1700.000 0.531
1705.000 0.548
1710.000 0.546
1715.000 0.548
1720.000 0.557
1725.000 0.565
1730.000 0.574
1735.000 0.581
1740.000 0.594
1745.000 0.598
1750.000 0.609
1755.000 0.620
1760.000 0.627
1765.000 0.633
1770.000 0.648
1775.000 0.657
1780.000 0.661
1785.000 0.674
1790.000 0.683
1795.000 0.690
1800.000 0.706
1805.000 0.707
1810.000 0.715
1815.000 0.722
1820.000 0.729
1825.000 0.734
1830.000 0.745
1835.000 0.746
1840.000 0.749
1845.000 0.760
1850.000 0.759
1855.000 0.760
1860.000 0.767
1865.000 0.768
1870.000 0.770
1875.000 0.766
1880.000 0.766
1885.000 0.762
1890.000 0.762
1895.000 0.760
1900.000 0.758
1905.000 0.753
1910.000 0.750
1915.000 0.740
1920.000 0.739
1925.000 0.726
1930.000 0.722
1935.000 0.720
1940.000 0.716
1945.000 0.708
1950.000 0.699
1955.000 0.697
1960.000 0.686
1965.000 0.683
1970.000 0.682
1975.000 0.670
1980.000 0.662
1985.000 0.661
1990.000 0.647
1995.000 0.642
2000.000 0.631
2005.000 0.639
2010.000 0.631
2015.000 0.613
2020.000 0.617
2025.000 0.604
2030.000 0.597
2035.000 0.607
2040.000 0.593
2045.000 0.592
2050.000 0.582
2055.000 0.586
2060.000 0.585
2065.000 0.570
2070.000 0.572
2075.000 0.573
2080.000 0.567
2085.000 0.563
2090.000 0.557
2095.000 0.560
2100.000 0.554
2105.000 0.546
2110.000 0.541
2115.000 0.544
2120.000 0.541
2125.000 0.538
2130.000 0.536
2135.000 0.533
2140.000 0.532
2145.000 0.533
2150.000 0.533
2155.000 0.530
2160.000 0.530
2165.000 0.528
2170.000 0.524
2175.000 0.528
2180.000 0.527
2185.000 0.528
2190.000 0.527
2195.000 0.532
2200.000 0.526
2205.000 0.529
2210.000 0.533
2215.000 0.537
2220.000 0.536
2225.000 0.537
2230.000 0.540
2235.000 0.543
2240.000 0.546
2245.000 0.554
2250.000 0.562
2255.000 0.570
2260.000 0.586
2265.000 0.579
2270.000 0.592
2275.000 0.605
2280.000 0.612
2285.000 0.612
2290.000 0.602
2295.000 0.560
2300.000 0.434
2305.000 0.435
2310.000 3.878
2315.000 12.581
2320.000 18.003
2325.000 18.482
2330.000 3.296
2335.000 1.901
2340.000 0.795
2345.000 0.475
2350.000 0.278
2355.000 0.175
2360.000 0.128
2365.000 0.111
2370.000 0.113
2375.000 0.117
2380.000 0.122
2385.000 0.130
2390.000 0.138
2395.000 0.145
2400.000 0.151
2405.000 0.157
2410.000 0.160
2415.000 0.167
2420.000 0.171
2425.000 0.174
2430.000 0.179
2435.000 0.182
2440.000 0.184
2445.000 0.186
2450.000 0.189
2455.000 0.193
2460.000 0.196
2465.000 0.198
2470.000 0.200
2475.000 0.201
2480.000 0.205
2485.000 0.208
2490.000 0.210
2495.000 0.213
2500.000 0.212
2505.000 0.214
2510.000 0.215
2515.000 0.217
2520.000 0.218
2525.000 0.220
2530.000 0.222
2535.000 0.222
2540.000 0.226
2545.000 0.229
2550.000 0.230
2555.000 0.231
2560.000 0.231
2565.000 0.234
2570.000 0.236
2575.000 0.237
2580.000 0.238
2585.000 0.240
2590.000 0.244
2595.000 0.244
2600.000 0.247
2605.000 0.249
2610.000 0.251
2615.000 0.253
2620.000 0.255
2625.000 0.256
2630.000 0.256
2635.000 0.260
2640.000 0.263
2645.000 0.266
2650.000 0.265
2655.000 0.265
2660.000 0.269
2665.000 0.273
2670.000 0.276
2675.000 0.276
2680.000 0.278
2685.000 0.281
2690.000 0.279
2695.000 0.284
2700.000 0.285
2705.000 0.288
2710.000 0.290
2715.000 0.292
2720.000 0.293
2725.000 0.299
2730.000 0.297
2735.000 0.303
2740.000 0.307
2745.000 0.308
2750.000 0.311
2755.000 0.313
2760.000 0.319
2765.000 0.321
2770.000 0.324
2775.000 0.327
2780.000 0.329
2785.000 0.332
2790.000 0.336
2795.000 0.339
2800.000 0.349
2805.000 0.347
2810.000 0.349
2815.000 0.354
2820.000 0.359
2825.000 0.358
2830.000 0.364
2835.000 0.370
2840.000 0.371
2845.000 0.377
2850.000 0.378
2855.000 0.381
2860.000 0.383
2865.000 0.391
2870.000 0.394
2875.000 0.395
2880.000 0.399
2885.000 0.402
2890.000 0.406
2895.000 0.408
2900.000 0.412
2905.000 0.414
2910.000 0.416
2915.000 0.421
2920.000 0.427
2925.000 0.427
2930.000 0.431
2935.000 0.435
2940.000 0.433
2945.000 0.439
2950.000 0.442
2955.000 0.445
2960.000 0.442
2965.000 0.443
2970.000 0.452
2975.000 0.452
2980.000 0.456
2985.000 0.450
2990.000 0.463
2995.000 0.449
3000.000 0.461
3005.000 0.454
3010.000 0.460
3015.000 0.455
3020.000 0.464
3025.000 0.458
3030.000 0.465
3035.000 0.452
3040.000 0.463
3045.000 0.459
3050.000 0.453
3055.000 0.460
3060.000 0.465
3065.000 0.460
3070.000 0.463
3075.000 0.465
3080.000 0.459
3085.000 0.462
3090.000 0.461
3095.000 0.463
3100.000 0.461
3105.000 0.459
3110.000 0.460
3115.000 0.457
3120.000 0.459
3125.000 0.462
3130.000 0.457
3135.000 0.457
3140.000 0.459
3145.000 0.460
3150.000 0.461
3155.000 0.463
3160.000 0.463
3165.000 0.464
3170.000 0.461
3175.000 0.462
3180.000 0.460
3185.000 0.464
3190.000 0.464
3195.000 0.466
3200.000 0.464
3205.000 0.463
3210.000 0.465
3215.000 0.468
3220.000 0.466
3225.000 0.471
3230.000 0.476
3235.000 0.473
3240.000 0.476
3245.000 0.476
3250.000 0.475
3255.000 0.478
3260.000 0.475
3265.000 0.478
3270.000 0.480
3275.000 0.480
3280.000 0.481
3285.000 0.484
3290.000 0.486
3295.000 0.487
3300.000 0.489
3305.000 0.490
3310.000 0.491
3315.000 0.492
3320.000 0.494
3325.000 0.499
3330.000 0.498
3335.000 0.501
3340.000 0.504
3345.000 0.509
3350.000 0.514
3355.000 0.516
3360.000 0.518
3365.000 0.521
3370.000 0.527
3375.000 0.531
3380.000 0.534
3385.000 0.538
3390.000 0.546
3395.000 0.557
3400.000 0.562
3405.000 0.571
3410.000 0.573
3415.000 0.576
3420.000 0.587
3425.000 0.590
3430.000 0.593
3435.000 0.606
3440.000 0.620
3445.000 0.627
3450.000 0.634
3455.000 0.647
3460.000 0.652
3465.000 0.665
3470.000 0.674
3475.000 0.684
3480.000 0.686
3485.000 0.698
3490.000 0.705
3495.000 0.716
3500.000 0.725
3505.000 0.739
3510.000 0.756
3515.000 0.767
3520.000 0.784
3525.000 0.796
3530.000 0.814
3535.000 0.821
3540.000 0.840
3545.000 0.861
3550.000 0.873
3555.000 0.899
3560.000 0.926
3565.000 0.952
3570.000 0.978
3575.000 1.005
3580.000 1.040
3585.000 1.076
3590.000 1.119
3595.000 1.165
3600.000 1.182
3605.000 1.223
3610.000 1.281
3615.000 1.345
3620.000 1.410
3625.000 1.477
3630.000 1.559
3635.000 1.652
3640.000 1.761
3645.000 1.879
3650.000 2.039
3655.000 2.227
3660.000 2.355
3665.000 2.656
3670.000 3.065
3675.000 3.634
3680.000 4.496
3685.000 5.836
3690.000 7.886
3695.000 11.098
3700.000 15.825
3705.000 21.877
3710.000 26.516
3715.000 27.592
3720.000 27.938
3725.000 21.736
3730.000 12.708
3735.000 8.367
3740.000 5.934
3745.000 4.488
3750.000 3.551
3755.000 2.911
3760.000 2.452
3765.000 2.088
3770.000 1.815
3775.000 1.601
3780.000 1.512
3785.000 1.355
3790.000 1.227
3795.000 1.125
3800.000 1.038
3805.000 0.964
3810.000 0.900
3815.000 0.846
3820.000 0.799
3825.000 0.754
3830.000 0.721
3835.000 0.690
3840.000 0.676
3845.000 0.648
3850.000 0.624
3855.000 0.600
3860.000 0.582
3865.000 0.563
3870.000 0.548
3875.000 0.532
3880.000 0.514
3885.000 0.503
3890.000 0.491
3895.000 0.479
3900.000 0.468
3905.000 0.464
3910.000 0.454
3915.000 0.444
3920.000 0.437
3925.000 0.429
3930.000 0.421
3935.000 0.412
3940.000 0.408
3945.000 0.400
3950.000 0.395
3955.000 0.386
3960.000 0.384
3965.000 0.381
3970.000 0.380
3975.000 0.373
3980.000 0.366
3985.000 0.368
3990.000 0.357
3995.000 0.351
4000.000 0.360
4005.000 0.344
4010.000 0.341
4015.000 0.343
4020.000 0.349
4025.000 0.342
4030.000 0.340
4035.000 0.336
4040.000 0.337
4045.000 0.334
4050.000 0.322
4055.000 0.328
4060.000 0.327
4065.000 0.322
4070.000 0.324
4075.000 0.320
4080.000 0.317
4085.000 0.319
4090.000 0.318
4095.000 0.317
4100.000 0.313
4105.000 0.313
4110.000 0.311
4115.000 0.311
4120.000 0.309
4125.000 0.308
4130.000 0.306
4135.000 0.305
4140.000 0.304
4145.000 0.302
4150.000 0.300
4155.000 0.300
4160.000 0.295
4165.000 0.296
4170.000 0.294
4175.000 0.292
4180.000 0.291
4185.000 0.288
4190.000 0.287
4195.000 0.283
4200.000 0.280
4205.000 0.277
4210.000 0.276
4215.000 0.273
4220.000 0.272
4225.000 0.271
4230.000 0.267
4235.000 0.267
4240.000 0.265
4245.000 0.262
4250.000 0.262
4255.000 0.263
4260.000 0.261
4265.000 0.261
4270.000 0.261
4275.000 0.263
4280.000 0.259
4285.000 0.259
4290.000 0.259
4295.000 0.259
4300.000 0.260
4305.000 0.259
4310.000 0.259
4315.000 0.259
4320.000 0.259
4325.000 0.259
4330.000 0.259
4335.000 0.260
4340.000 0.260
4345.000 0.259
4350.000 0.258
4355.000 0.260
4360.000 0.260
4365.000 0.259
4370.000 0.261
4375.000 0.260
4380.000 0.261
4385.000 0.261
4390.000 0.260
4395.000 0.261
4400.000 0.260
4405.000 0.261
4410.000 0.262
4415.000 0.260
4420.000 0.264
4425.000 0.263
4430.000 0.263
4435.000 0.261
4440.000 0.262
4445.000 0.262
4450.000 0.262
4455.000 0.262
4460.000 0.265
4465.000 0.266
4470.000 0.264
4475.000 0.264
4480.000 0.265
4485.000 0.265
4490.000 0.265
4495.000 0.263
4500.000 0.262
4505.000 0.266
4510.000 0.265
4515.000 0.268
4520.000 0.265
4525.000 0.266
4530.000 0.268
4535.000 0.267
4540.000 0.268
4545.000 0.267
4550.000 0.269
4555.000 0.267
4560.000 0.269
4565.000 0.269
4570.000 0.271
4575.000 0.269
4580.000 0.270
4585.000 0.272
4590.000 0.271
4595.000 0.273
4600.000 0.273
4605.000 0.275
4610.000 0.275
4615.000 0.275
4620.000 0.275
4625.000 0.278
4630.000 0.276
4635.000 0.278
4640.000 0.278
4645.000 0.279
4650.000 0.281
4655.000 0.280
4660.000 0.282
4665.000 0.284
4670.000 0.284
4675.000 0.284
4680.000 0.286
4685.000 0.287
4690.000 0.289
4695.000 0.289
4700.000 0.290
4705.000 0.292
4710.000 0.293
4715.000 0.295
4720.000 0.297
4725.000 0.301
4730.000 0.301
4735.000 0.303
4740.000 0.307
4745.000 0.308
4750.000 0.313
4755.000 0.314
4760.000 0.315
4765.000 0.320
4770.000 0.324
4775.000 0.326
4780.000 0.330
4785.000 0.334
4790.000 0.339
4795.000 0.345
4800.000 0.353
4805.000 0.353
4810.000 0.361
4815.000 0.362
4820.000 0.370
4825.000 0.376
4830.000 0.383
4835.000 0.391
4840.000 0.401
4845.000 0.410
4850.000 0.416
4855.000 0.434
4860.000 0.444
4865.000 0.455
4870.000 0.473
4875.000 0.477
4880.000 0.500
4885.000 0.513
4890.000 0.526
4895.000 0.542
4900.000 0.559
4905.000 0.579
4910.000 0.607
4915.000 0.635
4920.000 0.655
4925.000 0.686
4930.000 0.728
4935.000 0.772
4940.000 0.797
4945.000 0.868
4950.000 0.962
4955.000 1.077
4960.000 1.268
4965.000 1.572
4970.000 2.152
4975.000 3.337
4980.000 5.850
4985.000 9.890
4990.000 10.777
4995.000 4.785
5000.000 5.676
5005.000 9.016
5010.000 16.078
5015.000 14.374
5020.000 6.434
5025.000 4.060
5030.000 2.908
5035.000 2.143
5040.000 1.682
5045.000 1.370
5050.000 1.159
5055.000 1.073
5060.000 0.937
5065.000 0.829
5070.000 0.754
5075.000 0.690
5080.000 0.637
5085.000 0.596
5090.000 0.562
5095.000 0.532
5100.000 0.508
5105.000 0.486
5110.000 0.468
5115.000 0.452
5120.000 0.445
5125.000 0.431
5130.000 0.421
5135.000 0.412
5140.000 0.401
5145.000 0.391
5150.000 0.384
5155.000 0.376
5160.000 0.372
5165.000 0.364
5170.000 0.361
5175.000 0.354
5180.000 0.353
5185.000 0.348
5190.000 0.345
5195.000 0.340
5200.000 0.339
5205.000 0.336
5210.000 0.329
5215.000 0.326
5220.000 0.323
5225.000 0.319
5230.000 0.317
5235.000 0.315
5240.000 0.311
5245.000 0.311
5250.000 0.309
5255.000 0.306
5260.000 0.306
5265.000 0.303
5270.000 0.299
5275.000 0.298
5280.000 0.296
5285.000 0.293
5290.000 0.290
5295.000 0.288
5300.000 0.291
5305.000 0.287
5310.000 0.285
5315.000 0.285
5320.000 0.282
5325.000 0.280
5330.000 0.278
5335.000 0.280
5340.000 0.279
5345.000 0.278
5350.000 0.277
5355.000 0.275
5360.000 0.273
5365.000 0.272
5370.000 0.269
5375.000 0.270
5380.000 0.270
5385.000 0.268
5390.000 0.269
5395.000 0.268
5400.000 0.269
5405.000 0.267
5410.000 0.266
5415.000 0.267
5420.000 0.267
5425.000 0.267
5430.000 0.267
5435.000 0.268
5440.000 0.268
5445.000 0.267
5450.000 0.267
5455.000 0.267
5460.000 0.266
5465.000 0.267
5470.000 0.267
5475.000 0.269
5480.000 0.269
5485.000 0.271
5490.000 0.270
5495.000 0.270
5500.000 0.271
5505.000 0.271
5510.000 0.273
5515.000 0.275
5520.000 0.277
5525.000 0.282
5530.000 0.280
5535.000 0.280
5540.000 0.278
5545.000 0.277
5550.000 0.278
5555.000 0.278
5560.000 0.280
5565.000 0.280
5570.000 0.282
5575.000 0.284
5580.000 0.286
5585.000 0.288
5590.000 0.287
5595.000 0.290
5600.000 0.289
5605.000 0.293
5610.000 0.294
5615.000 0.293
5620.000 0.295
5625.000 0.296
5630.000 0.296
5635.000 0.300
5640.000 0.301
5645.000 0.303
5650.000 0.303
5655.000 0.306
5660.000 0.311
5665.000 0.312
5670.000 0.312
5675.000 0.312
5680.000 0.315
5685.000 0.316
5690.000 0.318
5695.000 0.319
5700.000 0.321
5705.000 0.324
5710.000 0.325
5715.000 0.326
5720.000 0.330
5725.000 0.334
5730.000 0.335
5735.000 0.335
5740.000 0.339
5745.000 0.342
5750.000 0.343
5755.000 0.345
5760.000 0.350
5765.000 0.352
5770.000 0.356
5775.000 0.359
5780.000 0.361
5785.000 0.364
5790.000 0.366
5795.000 0.369
5800.000 0.373
5805.000 0.376
5810.000 0.380
5815.000 0.383
5820.000 0.387
5825.000 0.392
5830.000 0.396
5835.000 0.402
5840.000 0.406
5845.000 0.410
5850.000 0.416
5855.000 0.418
5860.000 0.425
5865.000 0.429
5870.000 0.436
5875.000 0.442
5880.000 0.451
5885.000 0.457
5890.000 0.465
5895.000 0.471
5900.000 0.478
5905.000 0.487
5910.000 0.492
5915.000 0.502
5920.000 0.508
5925.000 0.518
5930.000 0.522
5935.000 0.528
5940.000 0.526
5945.000 0.537
5950.000 0.537
5955.000 0.550
5960.000 0.554
5965.000 0.561
5970.000 0.562
5975.000 0.569
5980.000 0.580
5985.000 0.578
5990.000 0.599
5995.000 0.609
6000.000 0.608
6005.000 0.620
6010.000 0.630
6015.000 0.648
6020.000 0.645
6025.000 0.649
6030.000 0.671
6035.000 0.668
6040.000 0.690
6045.000 0.703
6050.000 0.709
6055.000 0.725
6060.000 0.743
6065.000 0.756
6070.000 0.780
6075.000 0.790
6080.000 0.808
6085.000 0.829
6090.000 0.839
6095.000 0.861
6100.000 0.885
6105.000 0.900
6110.000 0.931
6115.000 0.960
6120.000 0.994
6125.000 1.027
6130.000 1.063
6135.000 1.099
6140.000 1.152
6145.000 1.199
6150.000 1.255
6155.000 1.279
6160.000 1.343
6165.000 1.450
6170.000 1.539
6175.000 1.638
6180.000 1.758
6185.000 1.861
6190.000 1.989
6195.000 2.151
6200.000 2.378
6205.000 2.687
6210.000 3.118
6215.000 3.402
6220.000 4.165
6225.000 5.295
6230.000 6.987
6235.000 9.458
6240.000 12.594
6245.000 15.862
6250.000 17.192
6255.000 15.433
6260.000 12.899
6265.000 9.317
6270.000 6.758
6275.000 5.718
6280.000 4.288
6285.000 3.372
6290.000 2.774
6295.000 2.363
6300.000 2.079
6305.000 1.900
6310.000 1.770
6315.000 1.650
6320.000 1.527
6325.000 1.388
6330.000 1.266
6335.000 1.209
6340.000 1.112
6345.000 1.031
6350.000 0.962
6355.000 0.899
6360.000 0.846
6365.000 0.798
6370.000 0.756
6375.000 0.721
6380.000 0.690
6385.000 0.660
6390.000 0.634
6395.000 0.611
6400.000 0.600
6405.000 0.578
6410.000 0.568
6415.000 0.545
6420.000 0.530
6425.000 0.516
6430.000 0.503
6435.000 0.492
6440.000 0.482
6445.000 0.471
6450.000 0.460
6455.000 0.453
6460.000 0.449
6465.000 0.440
6470.000 0.435
6475.000 0.427
6480.000 0.423
6485.000 0.417
6490.000 0.411
6495.000 0.406
6500.000 0.403
6505.000 0.400
6510.000 0.397
6515.000 0.395
6520.000 0.393
6525.000 0.390
6530.000 0.389
6535.000 0.386
6540.000 0.390
6545.000 0.390
6550.000 0.395
6555.000 0.401
6560.000 0.411
6565.000 0.427
6570.000 0.454
6575.000 0.504
6580.000 0.544
6585.000 0.636
6590.000 0.393
6595.000 2.451
6600.000 9.431
6605.000 1.235
6610.000 1.595
6615.000 0.264
6620.000 0.343
6625.000 0.377
6630.000 0.335
6635.000 0.316
6640.000 0.318
6645.000 0.299
6650.000 0.294
6655.000 0.287
6660.000 0.281
6665.000 0.278
6670.000 0.273
6675.000 0.271
6680.000 0.266
6685.000 0.267
6690.000 0.264
6695.000 0.263
6700.000 0.260
6705.000 0.259
6710.000 0.260
6715.000 0.257
6720.000 0.255
6725.000 0.257
6730.000 0.258
6735.000 0.256
6740.000 0.254
6745.000 0.254
6750.000 0.253
6755.000 0.252
6760.000 0.252
6765.000 0.253
6770.000 0.253
6775.000 0.253
6780.000 0.252
6785.000 0.252
6790.000 0.252
6795.000 0.253
6800.000 0.254
6805.000 0.254
6810.000 0.252
6815.000 0.251
6820.000 0.252
6825.000 0.250
6830.000 0.253
6835.000 0.252
6840.000 0.252
6845.000 0.251
6850.000 0.249
6855.000 0.249
6860.000 0.251
6865.000 0.250
6870.000 0.249
6875.000 0.249
6880.000 0.251
6885.000 0.250
6890.000 0.249
6895.000 0.250
6900.000 0.250
6905.000 0.248
6910.000 0.249
6915.000 0.249
6920.000 0.251
6925.000 0.250
6930.000 0.248
6935.000 0.250
6940.000 0.248
6945.000 0.246
6950.000 0.247
6955.000 0.251
6960.000 0.247
6965.000 0.247
6970.000 0.248
6975.000 0.248
6980.000 0.249
6985.000 0.250
6990.000 0.248
6995.000 0.249
7000.000 0.240
7005.000 0.252
7010.000 0.249
7015.000 0.253
7020.000 0.242
7025.000 0.244
7030.000 0.243
7035.000 0.246
7040.000 0.243
7045.000 0.245
7050.000 0.247
7055.000 0.247
7060.000 0.248
7065.000 0.243
7070.000 0.246
7075.000 0.245
7080.000 0.242
7085.000 0.245
7090.000 0.244
7095.000 0.244
7100.000 0.244
7105.000 0.244
7110.000 0.244
7115.000 0.245
7120.000 0.244
7125.000 0.244
7130.000 0.244
7135.000 0.243
7140.000 0.245
7145.000 0.244
7150.000 0.243
7155.000 0.245
7160.000 0.244
7165.000 0.245
7170.000 0.246
7175.000 0.247
7180.000 0.245
7185.000 0.245
7190.000 0.246
7195.000 0.247
7200.000 0.246
7205.000 0.247
7210.000 0.250
7215.000 0.248
7220.000 0.249
7225.000 0.250
7230.000 0.253
7235.000 0.255
7240.000 0.255
7245.000 0.256
7250.000 0.257
7255.000 0.259
7260.000 0.262
7265.000 0.265
7270.000 0.266
7275.000 0.270
7280.000 0.273
7285.000 0.276
7290.000 0.279
7295.000 0.284
7300.000 0.290
7305.000 0.296
7310.000 0.298
7315.000 0.308
7320.000 0.314
7325.000 0.326
7330.000 0.336
7335.000 0.347
7340.000 0.362
7345.000 0.378
7350.000 0.401
7355.000 0.427
7360.000 0.461
7365.000 0.495
7370.000 0.517
7375.000 0.552
7380.000 0.579
7385.000 0.616
7390.000 0.652
7395.000 0.692
7400.000 0.760
7405.000 0.831
7410.000 0.925
7415.000 1.043
7420.000 1.191
7425.000 1.408
7430.000 1.710
7435.000 1.909
7440.000 2.469
7445.000 3.205
7450.000 4.267
7455.000 5.727
7460.000 7.650
7465.000 9.449
7470.000 9.757
7475.000 7.757
7480.000 4.944
7485.000 2.954
7490.000 2.194
7495.000 1.639
7500.000 1.898
7505.000 1.779
7510.000 1.604
7515.000 1.420
7520.000 1.274
7525.000 1.180
7530.000 1.098
7535.000 1.029
7540.000 0.978
7545.000 0.926
7550.000 0.905
7555.000 0.868
7560.000 0.830
7565.000 0.793
7570.000 0.755
7575.000 0.723
7580.000 0.686
7585.000 0.661
7590.000 0.636
7595.000 0.613
7600.000 0.598
7605.000 0.580
7610.000 0.567
7615.000 0.563
7620.000 0.549
7625.000 0.534
7630.000 0.519
7635.000 0.507
7640.000 0.495
7645.000 0.486
7650.000 0.477
7655.000 0.468
7660.000 0.461
7665.000 0.454
7670.000 0.452
7675.000 0.445
7680.000 0.439
7685.000 0.432
7690.000 0.429
7695.000 0.421
7700.000 0.414
7705.000 0.412
7710.000 0.407
7715.000 0.402
7720.000 0.397
7725.000 0.393
7730.000 0.391
7735.000 0.389
7740.000 0.384
7745.000 0.381
7750.000 0.377
7755.000 0.371
7760.000 0.372
7765.000 0.368
7770.000 0.363
7775.000 0.359
7780.000 0.355
7785.000 0.353
7790.000 0.351
7795.000 0.350
7800.000 0.345
7805.000 0.340
7810.000 0.338
7815.000 0.336
7820.000 0.331
7825.000 0.331
7830.000 0.329
7835.000 0.327
7840.000 0.321
7845.000 0.316
7850.000 0.315
7855.000 0.315
7860.000 0.310
7865.000 0.308
7870.000 0.303
7875.000 0.301
7880.000 0.298
7885.000 0.295
7890.000 0.290
7895.000 0.286
7900.000 0.284
7905.000 0.279
7910.000 0.278
7915.000 0.274
7920.000 0.271
7925.000 0.268
7930.000 0.262
7935.000 0.257
7940.000 0.255
7945.000 0.251
7950.000 0.246
7955.000 0.237
7960.000 0.232
7965.000 0.225
7970.000 0.226
7975.000 0.217
7980.000 0.211
7985.000 0.209
7990.000 0.194
7995.000 0.190
8000.000 0.184
8005.000 0.180
8010.000 0.178
8015.000 0.170
8020.000 0.171
8025.000 0.172
8030.000 0.188
8035.000 0.204
8040.000 0.224
8045.000 0.280
8050.000 0.374
8055.000 0.580
8060.000 1.064
8065.000 2.041
8070.000 3.756
8075.000 6.798
8080.000 10.654
8085.000 8.965
8090.000 4.327
8095.000 4.126
8100.000 2.004
8105.000 1.822
8110.000 1.476
8115.000 1.269
8120.000 1.061
8125.000 0.900
8130.000 0.802
8135.000 0.730
8140.000 0.680
8145.000 0.639
8150.000 0.610
8155.000 0.579
8160.000 0.558
8165.000 0.545
8170.000 0.529
8175.000 0.516
8180.000 0.501
8185.000 0.490
8190.000 0.478
8195.000 0.469
8200.000 0.461
8205.000 0.453
8210.000 0.447
8215.000 0.441
8220.000 0.434
8225.000 0.432
8230.000 0.430
8235.000 0.425
8240.000 0.419
8245.000 0.419
8250.000 0.414
8255.000 0.410
8260.000 0.405
8265.000 0.403
8270.000 0.399
8275.000 0.396
8280.000 0.395
8285.000 0.393
8290.000 0.391
8295.000 0.386
8300.000 0.384
8305.000 0.383
8310.000 0.377
8315.000 0.377
8320.000 0.372
8325.000 0.371
8330.000 0.368
8335.000 0.365
8340.000 0.364
8345.000 0.361
8350.000 0.359
8355.000 0.356
8360.000 0.353
8365.000 0.351
8370.000 0.347
8375.000 0.346
8380.000 0.343
8385.000 0.342
8390.000 0.342
8395.000 0.337
8400.000 0.333
8405.000 0.332
8410.000 0.331
8415.000 0.328
8420.000 0.327
8425.000 0.321
8430.000 0.322
8435.000 0.319
8440.000 0.315
8445.000 0.314
8450.000 0.311
8455.000 0.309
8460.000 0.304
8465.000 0.305
8470.000 0.300
8475.000 0.300
8480.000 0.298
8485.000 0.294
8490.000 0.293
8495.000 0.293
8500.000 0.291
8505.000 0.293
8510.000 0.292
8515.000 0.300
8520.000 0.304
8525.000 0.310
8530.000 0.324
8535.000 0.346
8540.000 0.383
8545.000 0.461
8550.000 0.636
8555.000 1.174
8560.000 2.877
8565.000 5.739
8570.000 7.429
8575.000 0.762
8580.000 1.201
8585.000 1.634
8590.000 0.981
8595.000 0.957
8600.000 0.864
8605.000 0.822
8610.000 0.857
8615.000 0.933
8620.000 1.076
8625.000 1.291
8630.000 1.599
8635.000 2.052
8640.000 2.763
8645.000 3.803
8650.000 4.466
8655.000 5.967
8660.000 7.552
8665.000 8.787
8670.000 9.171
8675.000 8.387
8680.000 6.867
8685.000 5.393
8690.000 4.248
8695.000 3.326
8700.000 2.435
8705.000 1.632
8710.000 1.352
8715.000 0.938
8720.000 0.780
8725.000 0.948
8730.000 1.074
8735.000 1.113
8740.000 1.087
8745.000 1.052
8750.000 1.048
8755.000 1.029
8760.000 1.013
8765.000 1.006
8770.000 0.990
8775.000 0.969
8780.000 0.953
8785.000 0.943
8790.000 0.934
8795.000 0.917
8800.000 0.909
8805.000 0.899
8810.000 0.888
8815.000 0.890
8820.000 0.873
8825.000 0.893
8830.000 0.865
8835.000 0.875
8840.000 0.878
8845.000 0.846
8850.000 0.831
8855.000 0.810
8860.000 0.804
8865.000 0.796
8870.000 0.787
8875.000 0.783
8880.000 0.775
8885.000 0.771
8890.000 0.767
8895.000 0.763
8900.000 0.756
8905.000 0.753
8910.000 0.749
8915.000 0.741
8920.000 0.740
8925.000 0.735
8930.000 0.732
8935.000 0.725
8940.000 0.719
8945.000 0.720
8950.000 0.717
8955.000 0.718
8960.000 0.710
8965.000 0.705
8970.000 0.710
8975.000 0.705
8980.000 0.704
8985.000 0.703
8990.000 0.694
8995.000 0.692
9000.000 0.699
9005.000 0.688
9010.000 0.687
9015.000 0.694
9020.000 0.694
9025.000 0.691
9030.000 0.693
9035.000 0.680
9040.000 0.685
9045.000 0.680
9050.000 0.681
9055.000 0.672
9060.000 0.674
9065.000 0.677
9070.000 0.669
9075.000 0.671
9080.000 0.674
9085.000 0.667
9090.000 0.668
9095.000 0.671
9100.000 0.666
9105.000 0.663
9110.000 0.664
9115.000 0.667
9120.000 0.663
9125.000 0.663
9130.000 0.663
9135.000 0.663
9140.000 0.665
9145.000 0.662
9150.000 0.660
9155.000 0.662
9160.000 0.659
9165.000 0.661
9170.000 0.661
9175.000 0.657
9180.000 0.661
9185.000 0.658
9190.000 0.661
9195.000 0.661
9200.000 0.663
9205.000 0.663
9210.000 0.662
9215.000 0.658
9220.000 0.664
9225.000 0.661
9230.000 0.662
9235.000 0.664
9240.000 0.666
9245.000 0.664
9250.000 0.664
9255.000 0.662
9260.000 0.665
9265.000 0.667
9270.000 0.665
9275.000 0.668
9280.000 0.668
9285.000 0.670
9290.000 0.669
9295.000 0.671
9300.000 0.676
9305.000 0.681
9310.000 0.676
9315.000 0.677
9320.000 0.681
9325.000 0.685
9330.000 0.686
9335.000 0.690
9340.000 0.688
9345.000 0.688
9350.000 0.690
9355.000 0.698
9360.000 0.694
9365.000 0.699
9370.000 0.707
9375.000 0.708
9380.000 0.709
9385.000 0.713
9390.000 0.719
9395.000 0.721
9400.000 0.727
9405.000 0.739
9410.000 0.740
9415.000 0.744
9420.000 0.758
9425.000 0.763
9430.000 0.775
9435.000 0.786
9440.000 0.795
9445.000 0.804
9450.000 0.821
9455.000 0.838
9460.000 0.862
9465.000 0.892
9470.000 0.927
9475.000 0.974
9480.000 1.028
9485.000 1.130
9490.000 1.280
9495.000 1.399
9500.000 1.774
9505.000 2.233
9510.000 2.037
9515.000 2.470
9520.000 2.998
9525.000 1.117
9530.000 0.366
9535.000 0.385
9540.000 0.377
9545.000 0.418
9550.000 0.452
9555.000 0.476
9560.000 0.486
9565.000 0.503
9570.000 0.519
9575.000 0.532
9580.000 0.547
9585.000 0.562
9590.000 0.572
9595.000 0.582
9600.000 0.596
9605.000 0.605
9610.000 0.610
9615.000 0.624
9620.000 0.626
9625.000 0.635
9630.000 0.644
9635.000 0.653
9640.000 0.664
9645.000 0.670
9650.000 0.679
9655.000 0.689
9660.000 0.695
9665.000 0.705
9670.000 0.714
9675.000 0.727
9680.000 0.737
9685.000 0.741
9690.000 0.749
9695.000 0.758
9700.000 0.771
9705.000 0.788
9710.000 0.805
9715.000 0.817
9720.000 0.833
9725.000 0.852
9730.000 0.872
9735.000 0.889
9740.000 0.899
9745.000 0.921
9750.000 0.948
9755.000 0.983
9760.000 1.008
9765.000 1.042
9770.000 1.085
9775.000 1.125
9780.000 1.180
9785.000 1.239
9790.000 1.310
9795.000 1.385
9800.000 1.485
9805.000 1.542
9810.000 1.682
9815.000 1.856
9820.000 2.093
9825.000 2.410
9830.000 2.820
9835.000 3.285
9840.000 3.583
9845.000 3.489
9850.000 2.992
9855.000 2.338
9860.000 1.755
9865.000 1.519
9870.000 1.158
9875.000 0.906
9880.000 0.719
9885.000 0.596
9890.000 0.509
9895.000 0.471
9900.000 0.441
9905.000 0.375
9910.000 0.321
9915.000 0.287
9920.000 0.244
9925.000 0.202
9930.000 0.184
9935.000 0.151
9940.000 0.124
9945.000 0.103
9950.000 0.090
9955.000 0.082
9960.000 0.081
9965.000 0.081
9970.000 0.084
9975.000 0.089
9980.000 0.096
9985.000 0.102
9990.000 0.111
9995.000 0.119
10000.000 0.124
10005.000 0.139
10010.000 0.144
10015.000 0.155
10020.000 0.157
10025.000 0.164
10030.000 0.174
10035.000 0.185
10040.000 0.192
10045.000 0.193
10050.000 0.199
10055.000 0.207
10060.000 0.215
10065.000 0.219
10070.000 0.226
10075.000 0.234
10080.000 0.240
10085.000 0.246
10090.000 0.252
10095.000 0.257
10100.000 0.260
10105.000 0.265
10110.000 0.267
10115.000 0.267
10120.000 0.274
10125.000 0.277
10130.000 0.283
10135.000 0.287
10140.000 0.289
10145.000 0.290
10150.000 0.290
10155.000 0.289
10160.000 0.284
10165.000 0.286
10170.000 0.284
10175.000 0.279
10180.000 0.278
10185.000 0.277
10190.000 0.272
10195.000 0.270
10200.000 0.265
10205.000 0.183
10210.000 1.187
10215.000 2.784
10220.000 0.709
10225.000 1.080
10230.000 0.864
10235.000 0.629
10240.000 0.571
10245.000 0.504
10250.000 0.455
10255.000 0.426
10260.000 0.408
10265.000 0.395
10270.000 0.391
10275.000 0.391
10280.000 0.391
10285.000 0.389
10290.000 0.391
10295.000 0.393
10300.000 0.393
10305.000 0.394
10310.000 0.395
10315.000 0.393
10320.000 0.393
10325.000 0.395
10330.000 0.398
10335.000 0.396
10340.000 0.399
10345.000 0.397
10350.000 0.399
10355.000 0.396
10360.000 0.395
10365.000 0.401
10370.000 0.402
10375.000 0.403
10380.000 0.405
10385.000 0.404
10390.000 0.417
10395.000 0.404
10400.000 0.408
10405.000 0.410
10410.000 0.415
10415.000 0.414
10420.000 0.416
10425.000 0.417
10430.000 0.418
10435.000 0.418
10440.000 0.418
10445.000 0.420
10450.000 0.423
10455.000 0.424
10460.000 0.426
10465.000 0.426
10470.000 0.427
10475.000 0.422
10480.000 0.425
10485.000 0.424
10490.000 0.425
10495.000 0.430
10500.000 0.437
10505.000 0.433
10510.000 0.433
10515.000 0.434
10520.000 0.435
10525.000 0.441
10530.000 0.443
10535.000 0.440
10540.000 0.447
10545.000 0.444
10550.000 0.450
10555.000 0.447
10560.000 0.451
10565.000 0.452
10570.000 0.454
10575.000 0.455
10580.000 0.453
10585.000 0.455
10590.000 0.457
10595.000 0.462
10600.000 0.461
10605.000 0.459
10610.000 0.463
10615.000 0.462
10620.000 0.464
10625.000 0.468
10630.000 0.474
10635.000 0.477
10640.000 0.482
10645.000 0.486
10650.000 0.485
10655.000 0.486
10660.000 0.489
10665.000 0.495
10670.000 0.502
10675.000 0.503
10680.000 0.498
10685.000 0.505
10690.000 0.508
10695.000 0.512
10700.000 0.516
10705.000 0.519
10710.000 0.522
10715.000 0.525
10720.000 0.529
10725.000 0.536
10730.000 0.537
10735.000 0.544
10740.000 0.550
10745.000 0.554
10750.000 0.567
10755.000 0.575
10760.000 0.585
10765.000 0.595
10770.000 0.600
10775.000 0.606
10780.000 0.617
10785.000 0.629
10790.000 0.653
10795.000 0.666
10800.000 0.677
10805.000 0.694
10810.000 0.716
10815.000 0.736
10820.000 0.759
10825.000 0.790
10830.000 0.829
10835.000 0.870
10840.000 0.898
10845.000 0.962
10850.000 1.047
10855.000 1.163
10860.000 1.336
10865.000 1.604
10870.000 1.994
10875.000 2.428
10880.000 2.560
10885.000 1.978
10890.000 1.093
10895.000 0.562
10900.000 0.432
10905.000 0.431
10910.000 0.332
10915.000 0.176
10920.000 0.036
10925.000 0.041
10930.000 0.088
10935.000 0.127
10940.000 0.163
10945.000 0.201
10950.000 0.246
10955.000 0.270
10960.000 0.328
10965.000 0.389
10970.000 0.459
10975.000 0.531
10980.000 0.621
10985.000 0.725
10990.000 0.827
10995.000 0.946
11000.000 1.065
11005.000 1.179
11010.000 1.265
11015.000 1.286
11020.000 1.272
11025.000 1.151
11030.000 0.952
11035.000 0.722
11040.000 0.516
11045.000 0.366
11050.000 0.266
11055.000 0.185
11060.000 0.126
11065.000 0.082
11070.000 0.049
11075.000 0.030
11080.000 0.032
11085.000 0.091
11090.000 0.194
11095.000 0.351
11100.000 0.450
11105.000 0.426
11110.000 0.371
11115.000 0.326
11120.000 0.290
11125.000 0.264
11130.000 0.242
11135.000 0.226
11140.000 0.216
11145.000 0.210
11150.000 0.206
11155.000 0.202
11160.000 0.204
11165.000 0.201
11170.000 0.200
11175.000 0.201
11180.000 0.200
11185.000 0.203
11190.000 0.203
11195.000 0.203
11200.000 0.204
11205.000 0.206
11210.000 0.207
11215.000 0.210
11220.000 0.211
11225.000 0.212
11230.000 0.215
11235.000 0.215
11240.000 0.218
11245.000 0.219
11250.000 0.217
11255.000 0.220
11260.000 0.220
11265.000 0.223
11270.000 0.221
11275.000 0.223
11280.000 0.222
11285.000 0.226
11290.000 0.224
11295.000 0.226
11300.000 0.226
11305.000 0.226
11310.000 0.226
11315.000 0.227
11320.000 0.229
11325.000 0.228
11330.000 0.232
11335.000 0.231
11340.000 0.235
11345.000 0.233
11350.000 0.231
11355.000 0.232
11360.000 0.234
11365.000 0.262
11370.000 0.272
11375.000 0.264
11380.000 0.264
11385.000 0.347
11390.000 0.360
11395.000 0.349
11400.000 0.316
11405.000 0.286
11410.000 0.268
11415.000 0.253
11420.000 0.243
11425.000 0.240
11430.000 0.234
11435.000 0.230
11440.000 0.230
11445.000 0.229
11450.000 0.228
11455.000 0.226
11460.000 0.227
11465.000 0.228
11470.000 0.229
11475.000 0.226
11480.000 0.228
11485.000 0.227
11490.000 0.227
11495.000 0.225
11500.000 0.228
11505.000 0.226
11510.000 0.227
11515.000 0.230
11520.000 0.231
11525.000 0.231
11530.000 0.233
11535.000 0.229
11540.000 0.228
11545.000 0.227
11550.000 0.223
11555.000 0.225
11560.000 0.222
11565.000 0.218
11570.000 0.219
11575.000 0.218
11580.000 0.219
11585.000 0.215
11590.000 0.214
11595.000 0.215
11600.000 0.209
11605.000 0.209
11610.000 0.206
11615.000 0.205
11620.000 0.201
11625.000 0.199
11630.000 0.194
11635.000 0.195
11640.000 0.196
11645.000 0.190
11650.000 0.185
11655.000 0.179
11660.000 0.178
11665.000 0.175
11670.000 0.166
11675.000 0.164
11680.000 0.159
11685.000 0.156
11690.000 0.146
11695.000 0.143
11700.000 0.135
11705.000 0.129
11710.000 0.125
11715.000 0.142
11720.000 0.151
11725.000 0.181
11730.000 0.270
11735.000 0.624
11740.000 0.974
11745.000 1.591
11750.000 2.054
11755.000 3.252
11760.000 3.769
11765.000 1.755
11770.000 1.012
11775.000 1.315
11780.000 0.958
11785.000 0.812
11790.000 0.670
11795.000 0.585
11800.000 0.512
11805.000 0.463
11810.000 0.441
11815.000 0.410
11820.000 0.386
11825.000 0.372
11830.000 0.357
11835.000 0.349
11840.000 0.340
11845.000 0.333
11850.000 0.326
11855.000 0.325
11860.000 0.316
11865.000 0.311
11870.000 0.308
11875.000 0.305
11880.000 0.298
11885.000 0.293
11890.000 0.288
11895.000 0.284
11900.000 0.283
11905.000 0.279
11910.000 0.276
11915.000 0.271
11920.000 0.268
11925.000 0.263
11930.000 0.260
11935.000 0.257
11940.000 0.255
11945.000 0.250
11950.000 0.249
11955.000 0.242
11960.000 0.242
11965.000 0.237
11970.000 0.236
11975.000 0.234
11980.000 0.236
11985.000 0.239
11990.000 0.233
11995.000 0.232
12000.000 0.223
