105.000 0.079
110.000 0.439
115.000 2.634
120.000 2.903
125.000 3.261
130.000 3.469
135.000 3.682
140.000 3.740
145.000 3.678
150.000 3.782
155.000 3.652
160.000 3.640
165.000 3.584
170.000 3.524
175.000 3.441
180.000 3.343
185.000 3.406
190.000 3.517
195.000 3.498
200.000 3.438
205.000 3.504
210.000 3.543
215.000 3.679
220.000 3.634
225.000 3.796
230.000 3.773
235.000 3.874
240.000 3.933
245.000 4.025
250.000 3.984
255.000 4.073
260.000 4.210
265.000 4.256
270.000 4.274
275.000 4.267
280.000 4.285
285.000 4.265
290.000 4.288
295.000 4.250
300.000 4.243
305.000 4.266
310.000 4.295
315.000 4.326
320.000 4.380
325.000 4.534
330.000 4.625
335.000 4.783
340.000 4.936
345.000 5.104
350.000 5.331
355.000 5.584
360.000 5.840
365.000 6.123
370.000 6.438
375.000 6.762
380.000 7.097
385.000 7.473
390.000 7.657
395.000 7.972
400.000 8.247
405.000 8.484
410.000 8.616
415.000 8.674
420.000 8.532
425.000 8.307
430.000 7.812
435.000 7.161
440.000 6.389
445.000 5.534
450.000 4.742
455.000 4.399
460.000 3.762
465.000 3.232
470.000 2.832
475.000 2.542
480.000 2.306
485.000 2.118
490.000 1.985
495.000 1.860
500.000 1.755
505.000 1.673
510.000 1.575
515.000 1.532
520.000 1.444
525.000 1.386
530.000 1.310
535.000 1.246
540.000 1.183
545.000 1.140
550.000 1.083
555.000 1.028
560.000 0.976
565.000 0.921
570.000 0.895
575.000 0.852
580.000 0.815
585.000 0.776
590.000 0.733
595.000 0.720
600.000 0.690
605.000 0.671
610.000 0.640
615.000 0.618
620.000 0.597
625.000 0.589
630.000 0.566
635.000 0.557
640.000 0.546
645.000 0.533
650.000 0.528
655.000 0.509
660.000 0.496
665.000 0.487
670.000 0.474
675.000 0.468
680.000 0.460
685.000 0.451
690.000 0.441
695.000 0.430
700.000 0.425
705.000 0.425
710.000 0.415
715.000 0.412
720.000 0.400
725.000 0.401
730.000 0.399
735.000 0.392
740.000 0.382
745.000 0.377
750.000 0.378
755.000 0.368
760.000 0.368
765.000 0.372
770.000 0.369
775.000 0.366
780.000 0.361
785.000 0.364
790.000 0.357
795.000 0.355
800.000 0.354
805.000 0.347
810.000 0.350
815.000 0.350
820.000 0.342
825.000 0.333
830.000 0.343
835.000 0.335
840.000 0.335
845.000 0.328
850.000 0.332
855.000 0.332
860.000 0.328
865.000 0.327
870.000 0.326
875.000 0.330
880.000 0.329
885.000 0.329
890.000 0.333
895.000 0.321
900.000 0.322
905.000 0.321
910.000 0.323
915.000 0.325
920.000 0.319
925.000 0.323
930.000 0.316
935.000 0.317
940.000 0.318
945.000 0.315
950.000 0.322
955.000 0.318
960.000 0.308
965.000 0.315
970.000 0.318
975.000 0.314
980.000 0.314
985.000 0.321
990.000 0.313
995.000 0.312
1000.000 0.321
1005.000 0.308
1010.000 0.306
1015.000 0.314
1020.000 0.322
1025.000 0.322
1030.000 0.320
1035.000 0.308
1040.000 0.315
1045.000 0.310
1050.000 0.321
1055.000 0.312
1060.000 0.319
1065.000 0.309
1070.000 0.318
1075.000 0.319
1080.000 0.319
1085.000 0.314
1090.000 0.306
1095.000 0.316
1100.000 0.313
1105.000 0.312
1110.000 0.312
1115.000 0.325
1120.000 0.322
1125.000 0.320
1130.000 0.321
1135.000 0.318
1140.000 0.321
1145.000 0.320
1150.000 0.318
1155.000 0.320
1160.000 0.323
1165.000 0.318
1170.000 0.324
1175.000 0.323
1180.000 0.318
1185.000 0.321
1190.000 0.321
1195.000 0.320
1200.000 0.325
1205.000 0.325
1210.000 0.330
1215.000 0.336
1220.000 0.323
1225.000 0.329
1230.000 0.320
1235.000 0.327
1240.000 0.330
1245.000 0.328
1250.000 0.323
1255.000 0.330
1260.000 0.330
1265.000 0.335
1270.000 0.333
1275.000 0.338
1280.000 0.334
1285.000 0.331
1290.000 0.334
1295.000 0.337
1300.000 0.332
1305.000 0.334
1310.000 0.334
1315.000 0.335
1320.000 0.335
1325.000 0.337
1330.000 0.337
1335.000 0.340
1340.000 0.340
1345.000 0.338
1350.000 0.339
1355.000 0.338
1360.000 0.342
1365.000 0.340
1370.000 0.337
1375.000 0.343
1380.000 0.340
1385.000 0.340
1390.000 0.349
1395.000 0.347
1400.000 0.343
1405.000 0.344
1410.000 0.343
1415.000 0.341
1420.000 0.331
1425.000 0.333
1430.000 0.338
1435.000 0.336
1440.000 0.335
1445.000 0.336
1450.000 0.343
1455.000 0.339
1460.000 0.347
1465.000 0.347
1470.000 0.350
1475.000 0.354
1480.000 0.351
1485.000 0.362
1490.000 0.364
1495.000 0.363
1500.000 0.373
1505.000 0.372
1510.000 0.374
1515.000 0.379
1520.000 0.378
1525.000 0.389
1530.000 0.386
1535.000 0.391
1540.000 0.394
1545.000 0.396
1550.000 0.397
1555.000 0.405
1560.000 0.401
1565.000 0.409
1570.000 0.412
1575.000 0.413
1580.000 0.415
1585.000 0.423
1590.000 0.427
1595.000 0.429
1600.000 0.434
1605.000 0.444
1610.000 0.440
1615.000 0.447
1620.000 0.448
1625.000 0.456
1630.000 0.460
1635.000 0.465
1640.000 0.477
1645.000 0.479
1650.000 0.486
1655.000 0.492
1660.000 0.496
1665.000 0.505
1670.000 0.512
1675.000 0.518
1680.000 0.521
1685.000 0.530
1690.000 0.542
1695.000 0.546
1700.000 0.550
1705.000 0.566
1710.000 0.570
1715.000 0.575
1720.000 0.590
1725.000 0.599
1730.000 0.608
1735.000 0.620
1740.000 0.623
1745.000 0.634
1750.000 0.648
1755.000 0.656
1760.000 0.667
1765.000 0.679
1770.000 0.689
1775.000 0.701
1780.000 0.712
1785.000 0.748
1790.000 0.779
1795.000 0.775
1800.000 0.815
1805.000 0.788
1810.000 0.787
1815.000 0.788
1820.000 0.787
1825.000 0.799
1830.000 0.798
1835.000 0.807
1840.000 0.815
1845.000 0.817
1850.000 0.817
1855.000 0.823
1860.000 0.830
1865.000 0.830
1870.000 0.827
1875.000 0.832
1880.000 0.832
1885.000 0.830
1890.000 0.831
1895.000 0.824
1900.000 0.822
1905.000 0.815
1910.000 0.814
1915.000 0.814
1920.000 0.802
1925.000 0.799
1930.000 0.787
1935.000 0.785
1940.000 0.786
1945.000 0.781
1950.000 0.769
1955.000 0.757
1960.000 0.746
1965.000 0.742
1970.000 0.741
1975.000 0.739
1980.000 0.728
1985.000 0.733
1990.000 0.712
1995.000 0.702
2000.000 0.699
2005.000 0.699
2010.000 0.697
2015.000 0.682
2020.000 0.690
2025.000 0.678
2030.000 0.669
2035.000 0.658
2040.000 0.653
2045.000 0.648
2050.000 0.651
2055.000 0.641
2060.000 0.638
2065.000 0.647
2070.000 0.637
2075.000 0.634
2080.000 0.626
2085.000 0.624
2090.000 0.624
2095.000 0.620
2100.000 0.619
2105.000 0.618
2110.000 0.611
2115.000 0.607
2120.000 0.610
2125.000 0.603
2130.000 0.601
2135.000 0.602
2140.000 0.599
2145.000 0.604
2150.000 0.605
2155.000 0.601
2160.000 0.604
2165.000 0.606
2170.000 0.606
2175.000 0.609
2180.000 0.613
2185.000 0.614
2190.000 0.617
2195.000 0.620
2200.000 0.620
2205.000 0.623
2210.000 0.632
2215.000 0.642
2220.000 0.647
2225.000 0.646
2230.000 0.659
2235.000 0.665
2240.000 0.680
2245.000 0.687
2250.000 0.701
2255.000 0.727
2260.000 0.740
2265.000 0.771
2270.000 0.800
2275.000 0.818
2280.000 0.855
2285.000 0.894
2290.000 0.943
2295.000 0.988
2300.000 1.000
2305.000 0.910
2310.000 0.961
2315.000 7.359
2320.000 18.231
2325.000 14.542
2330.000 4.647
2335.000 2.158
2340.000 1.563
2345.000 0.852
2350.000 0.549
2355.000 0.370
2360.000 0.261
2365.000 0.186
2370.000 0.143
2375.000 0.122
2380.000 0.105
2385.000 0.106
2390.000 0.104
2395.000 0.110
2400.000 0.113
2405.000 0.118
2410.000 0.122
2415.000 0.129
2420.000 0.135
2425.000 0.140
2430.000 0.147
2435.000 0.151
2440.000 0.154
2445.000 0.154
2450.000 0.160
2455.000 0.165
2460.000 0.167
2465.000 0.171
2470.000 0.174
2475.000 0.176
2480.000 0.178
2485.000 0.182
2490.000 0.183
2495.000 0.187
2500.000 0.188
2505.000 0.190
2510.000 0.193
2515.000 0.194
2520.000 0.197
2525.000 0.196
2530.000 0.197
2535.000 0.199
2540.000 0.202
2545.000 0.204
2550.000 0.206
2555.000 0.208
2560.000 0.211
2565.000 0.213
2570.000 0.215
2575.000 0.216
2580.000 0.214
2585.000 0.217
2590.000 0.218
2595.000 0.218
2600.000 0.220
2605.000 0.223
2610.000 0.227
2615.000 0.228
2620.000 0.230
2625.000 0.230
2630.000 0.231
2635.000 0.235
2640.000 0.239
2645.000 0.240
2650.000 0.241
2655.000 0.239
2660.000 0.241
2665.000 0.244
2670.000 0.246
2675.000 0.246
2680.000 0.248
2685.000 0.250
2690.000 0.256
2695.000 0.254
2700.000 0.255
2705.000 0.256
2710.000 0.260
2715.000 0.260
2720.000 0.263
2725.000 0.264
2730.000 0.268
2735.000 0.267
2740.000 0.270
2745.000 0.272
2750.000 0.274
2755.000 0.275
2760.000 0.278
2765.000 0.282
2770.000 0.284
2775.000 0.283
2780.000 0.288
2785.000 0.292
2790.000 0.295
2795.000 0.297
2800.000 0.298
2805.000 0.302
2810.000 0.304
2815.000 0.309
2820.000 0.314
2825.000 0.312
2830.000 0.317
2835.000 0.321
2840.000 0.322
2845.000 0.324
2850.000 0.328
2855.000 0.331
2860.000 0.337
2865.000 0.340
2870.000 0.342
2875.000 0.344
2880.000 0.347
2885.000 0.348
2890.000 0.351
2895.000 0.352
2900.000 0.358
2905.000 0.359
2910.000 0.361
2915.000 0.364
2920.000 0.368
2925.000 0.368
2930.000 0.372
2935.000 0.373
2940.000 0.379
2945.000 0.382
2950.000 0.381
2955.000 0.381
2960.000 0.386
2965.000 0.387
2970.000 0.389
2975.000 0.386
2980.000 0.387
2985.000 0.390
2990.000 0.392
2995.000 0.395
3000.000 0.393
3005.000 0.402
3010.000 0.405
3015.000 0.400
3020.000 0.402
3025.000 0.397
3030.000 0.400
3035.000 0.413
3040.000 0.408
3045.000 0.413
3050.000 0.407
3055.000 0.411
3060.000 0.414
3065.000 0.409
3070.000 0.408
3075.000 0.412
3080.000 0.411
3085.000 0.418
3090.000 0.415
3095.000 0.414
3100.000 0.411
3105.000 0.413
3110.000 0.414
3115.000 0.415
3120.000 0.414
3125.000 0.416
3130.000 0.420
3135.000 0.417
3140.000 0.416
3145.000 0.420
3150.000 0.423
3155.000 0.421
3160.000 0.423
3165.000 0.427
3170.000 0.422
3175.000 0.422
3180.000 0.425
3185.000 0.424
3190.000 0.425
3195.000 0.424
3200.000 0.426
3205.000 0.427
3210.000 0.430
3215.000 0.429
3220.000 0.430
3225.000 0.432
3230.000 0.432
3235.000 0.434
3240.000 0.435
3245.000 0.437
3250.000 0.440
3255.000 0.439
3260.000 0.440
3265.000 0.441
3270.000 0.442
3275.000 0.445
3280.000 0.448
3285.000 0.450
3290.000 0.453
3295.000 0.456
3300.000 0.455
3305.000 0.460
3310.000 0.460
3315.000 0.464
3320.000 0.466
3325.000 0.467
3330.000 0.472
3335.000 0.474
3340.000 0.480
3345.000 0.483
3350.000 0.486
3355.000 0.494
3360.000 0.493
3365.000 0.495
3370.000 0.500
3375.000 0.503
3380.000 0.509
3385.000 0.515
3390.000 0.518
3395.000 0.526
3400.000 0.531
3405.000 0.538
3410.000 0.542
3415.000 0.550
3420.000 0.555
3425.000 0.561
3430.000 0.569
3435.000 0.571
3440.000 0.581
3445.000 0.585
3450.000 0.594
3455.000 0.605
3460.000 0.613
3465.000 0.621
3470.000 0.633
3475.000 0.644
3480.000 0.645
3485.000 0.656
3490.000 0.659
3495.000 0.667
3500.000 0.677
3505.000 0.682
3510.000 0.692
3515.000 0.703
3520.000 0.717
3525.000 0.726
3530.000 0.740
3535.000 0.754
3540.000 0.766
3545.000 0.782
3550.000 0.799
3555.000 0.806
3560.000 0.829
3565.000 0.849
3570.000 0.874
3575.000 0.900
3580.000 0.928
3585.000 0.963
3590.000 0.998
3595.000 1.034
3600.000 1.077
3605.000 1.119
3610.000 1.174
3615.000 1.205
3620.000 1.263
3625.000 1.326
3630.000 1.397
3635.000 1.476
3640.000 1.569
3645.000 1.679
3650.000 1.811
3655.000 1.979
3660.000 2.202
3665.000 2.489
3670.000 2.900
3675.000 3.472
3680.000 3.850
3685.000 4.918
3690.000 6.573
3695.000 9.190
3700.000 13.128
3705.000 17.844
3710.000 19.653
3715.000 16.199
3720.000 26.991
3725.000 17.978
3730.000 10.994
3735.000 7.381
3740.000 6.176
3745.000 4.584
3750.000 3.577
3755.000 2.865
3760.000 2.399
3765.000 2.056
3770.000 1.785
3775.000 1.566
3780.000 1.396
3785.000 1.253
3790.000 1.142
3795.000 1.092
3800.000 1.006
3805.000 0.933
3810.000 0.871
3815.000 0.818
3820.000 0.772
3825.000 0.731
3830.000 0.697
3835.000 0.665
3840.000 0.641
3845.000 0.616
3850.000 0.594
3855.000 0.574
3860.000 0.565
3865.000 0.547
3870.000 0.530
3875.000 0.517
3880.000 0.507
3885.000 0.490
3890.000 0.479
3895.000 0.469
3900.000 0.458
3905.000 0.448
3910.000 0.441
3915.000 0.432
3920.000 0.430
3925.000 0.420
3930.000 0.414
3935.000 0.406
3940.000 0.402
3945.000 0.393
3950.000 0.389
3955.000 0.388
3960.000 0.387
3965.000 0.380
3970.000 0.370
3975.000 0.368
3980.000 0.364
3985.000 0.359
3990.000 0.363
3995.000 0.357
4000.000 0.358
4005.000 0.344
4010.000 0.342
4015.000 0.342
4020.000 0.345
4025.000 0.345
4030.000 0.337
4035.000 0.335
4040.000 0.332
4045.000 0.330
4050.000 0.336
4055.000 0.324
4060.000 0.327
4065.000 0.328
4070.000 0.323
4075.000 0.323
4080.000 0.321
4085.000 0.320
4090.000 0.321
4095.000 0.319
4100.000 0.317
4105.000 0.319
4110.000 0.317
4115.000 0.316
4120.000 0.314
4125.000 0.313
4130.000 0.312
4135.000 0.309
4140.000 0.308
4145.000 0.307
4150.000 0.305
4155.000 0.304
4160.000 0.302
4165.000 0.302
4170.000 0.301
4175.000 0.298
4180.000 0.296
4185.000 0.293
4190.000 0.291
4195.000 0.287
4200.000 0.284
4205.000 0.283
4210.000 0.281
4215.000 0.281
4220.000 0.276
4225.000 0.275
4230.000 0.273
4235.000 0.271
4240.000 0.269
4245.000 0.270
4250.000 0.267
4255.000 0.267
4260.000 0.267
4265.000 0.265
4270.000 0.265
4275.000 0.264
4280.000 0.266
4285.000 0.265
4290.000 0.264
4295.000 0.263
4300.000 0.264
4305.000 0.265
4310.000 0.265
4315.000 0.264
4320.000 0.266
4325.000 0.266
4330.000 0.265
4335.000 0.265
4340.000 0.266
4345.000 0.266
4350.000 0.266
4355.000 0.267
4360.000 0.266
4365.000 0.265
4370.000 0.268
4375.000 0.267
4380.000 0.267
4385.000 0.267
4390.000 0.267
4395.000 0.269
4400.000 0.268
4405.000 0.267
4410.000 0.268
4415.000 0.270
4420.000 0.271
4425.000 0.273
4430.000 0.273
4435.000 0.270
4440.000 0.270
4445.000 0.270
4450.000 0.272
4455.000 0.273
4460.000 0.272
4465.000 0.272
4470.000 0.272
4475.000 0.275
4480.000 0.274
4485.000 0.274
4490.000 0.274
4495.000 0.275
4500.000 0.277
4505.000 0.276
4510.000 0.276
4515.000 0.276
4520.000 0.279
4525.000 0.280
4530.000 0.281
4535.000 0.279
4540.000 0.279
4545.000 0.281
4550.000 0.282
4555.000 0.283
4560.000 0.284
4565.000 0.283
4570.000 0.284
4575.000 0.284
4580.000 0.284
4585.000 0.287
4590.000 0.288
4595.000 0.289
4600.000 0.289
4605.000 0.290
4610.000 0.291
4615.000 0.291
4620.000 0.294
4625.000 0.295
4630.000 0.295
4635.000 0.296
4640.000 0.297
4645.000 0.300
4650.000 0.301
4655.000 0.302
4660.000 0.302
4665.000 0.303
4670.000 0.306
4675.000 0.308
4680.000 0.311
4685.000 0.312
4690.000 0.314
4695.000 0.317
4700.000 0.319
4705.000 0.323
4710.000 0.326
4715.000 0.325
4720.000 0.328
4725.000 0.331
4730.000 0.337
4735.000 0.338
4740.000 0.344
4745.000 0.349
4750.000 0.353
4755.000 0.358
4760.000 0.367
4765.000 0.371
4770.000 0.373
4775.000 0.381
4780.000 0.389
4785.000 0.395
4790.000 0.407
4795.000 0.418
4800.000 0.424
4805.000 0.436
4810.000 0.445
4815.000 0.458
4820.000 0.472
4825.000 0.481
4830.000 0.486
4835.000 0.493
4840.000 0.502
4845.000 0.510
4850.000 0.522
4855.000 0.531
4860.000 0.544
4865.000 0.554
4870.000 0.569
4875.000 0.584
4880.000 0.600
4885.000 0.617
4890.000 0.640
4895.000 0.652
4900.000 0.676
4905.000 0.709
4910.000 0.742
4915.000 0.791
4920.000 0.830
4925.000 0.864
4930.000 0.922
4935.000 0.989
4940.000 1.082
4945.000 1.202
4950.000 1.363
4955.000 1.465
4960.000 1.734
4965.000 2.138
4970.000 2.799
4975.000 4.085
4980.000 6.559
4985.000 10.599
4990.000 12.201
4995.000 4.012
5000.000 4.852
5005.000 13.114
5010.000 19.682
5015.000 16.940
5020.000 7.902
5025.000 5.544
5030.000 3.851
5035.000 2.913
5040.000 2.284
5045.000 1.896
5050.000 1.589
5055.000 1.380
5060.000 1.214
5065.000 1.079
5070.000 0.983
5075.000 0.940
5080.000 0.864
5085.000 0.806
5090.000 0.753
5095.000 0.716
5100.000 0.678
5105.000 0.645
5110.000 0.618
5115.000 0.596
5120.000 0.574
5125.000 0.557
5130.000 0.541
5135.000 0.532
5140.000 0.521
5145.000 0.509
5150.000 0.497
5155.000 0.487
5160.000 0.477
5165.000 0.471
5170.000 0.460
5175.000 0.456
5180.000 0.450
5185.000 0.442
5190.000 0.438
5195.000 0.433
5200.000 0.429
5205.000 0.424
5210.000 0.419
5215.000 0.413
5220.000 0.409
5225.000 0.405
5230.000 0.401
5235.000 0.395
5240.000 0.389
5245.000 0.386
5250.000 0.384
5255.000 0.381
5260.000 0.377
5265.000 0.374
5270.000 0.370
5275.000 0.366
5280.000 0.363
5285.000 0.361
5290.000 0.356
5295.000 0.354
5300.000 0.351
5305.000 0.350
5310.000 0.345
5315.000 0.341
5320.000 0.341
5325.000 0.337
5330.000 0.336
5335.000 0.332
5340.000 0.334
5345.000 0.329
5350.000 0.326
5355.000 0.322
5360.000 0.320
5365.000 0.317
5370.000 0.314
5375.000 0.313
5380.000 0.311
5385.000 0.309
5390.000 0.309
5395.000 0.303
5400.000 0.305
5405.000 0.301
5410.000 0.301
5415.000 0.296
5420.000 0.296
5425.000 0.294
5430.000 0.292
5435.000 0.291
5440.000 0.290
5445.000 0.289
5450.000 0.287
5455.000 0.287
5460.000 0.286
5465.000 0.285
5470.000 0.283
5475.000 0.282
5480.000 0.281
5485.000 0.282
5490.000 0.281
5495.000 0.280
5500.000 0.279
5505.000 0.278
5510.000 0.277
5515.000 0.277
5520.000 0.277
5525.000 0.277
5530.000 0.279
5535.000 0.277
5540.000 0.276
5545.000 0.276
5550.000 0.276
5555.000 0.275
5560.000 0.275
5565.000 0.276
5570.000 0.274
5575.000 0.274
5580.000 0.274
5585.000 0.272
5590.000 0.273
5595.000 0.275
5600.000 0.274
5605.000 0.277
5610.000 0.275
5615.000 0.276
5620.000 0.276
5625.000 0.274
5630.000 0.277
5635.000 0.279
5640.000 0.277
5645.000 0.277
5650.000 0.279
5655.000 0.279
5660.000 0.281
5665.000 0.280
5670.000 0.281
5675.000 0.280
5680.000 0.281
5685.000 0.286
5690.000 0.283
5695.000 0.285
5700.000 0.285
5705.000 0.286
5710.000 0.286
5715.000 0.288
5720.000 0.288
5725.000 0.289
5730.000 0.290
5735.000 0.291
5740.000 0.293
5745.000 0.292
5750.000 0.294
5755.000 0.295
5760.000 0.296
5765.000 0.296
5770.000 0.298
5775.000 0.302
5780.000 0.301
5785.000 0.303
5790.000 0.305
5795.000 0.306
5800.000 0.308
5805.000 0.306
5810.000 0.310
5815.000 0.312
5820.000 0.314
5825.000 0.315
5830.000 0.317
5835.000 0.319
5840.000 0.321
5845.000 0.322
5850.000 0.324
5855.000 0.327
5860.000 0.330
5865.000 0.330
5870.000 0.333
5875.000 0.332
5880.000 0.336
5885.000 0.340
5890.000 0.343
5895.000 0.347
5900.000 0.350
5905.000 0.351
5910.000 0.357
5915.000 0.360
5920.000 0.361
5925.000 0.364
5930.000 0.370
5935.000 0.374
5940.000 0.376
5945.000 0.382
5950.000 0.384
5955.000 0.391
5960.000 0.394
5965.000 0.399
5970.000 0.413
5975.000 0.413
5980.000 0.419
5985.000 0.427
5990.000 0.432
5995.000 0.444
6000.000 0.444
6005.000 0.469
6010.000 0.473
6015.000 0.493
6020.000 0.491
6025.000 0.512
6030.000 0.517
6035.000 0.542
6040.000 0.545
6045.000 0.548
6050.000 0.562
6055.000 0.566
6060.000 0.575
6065.000 0.595
6070.000 0.606
6075.000 0.620
6080.000 0.635
6085.000 0.650
6090.000 0.671
6095.000 0.689
6100.000 0.714
6105.000 0.737
6110.000 0.745
6115.000 0.772
6120.000 0.801
6125.000 0.832
6130.000 0.869
6135.000 0.904
6140.000 0.948
6145.000 1.013
6150.000 1.051
6155.000 1.101
6160.000 1.157
6165.000 1.226
6170.000 1.263
6175.000 1.346
6180.000 1.451
6185.000 1.569
6190.000 1.714
6195.000 1.900
6200.000 2.145
6205.000 2.466
6210.000 2.918
6215.000 3.576
6220.000 4.539
6225.000 5.995
6230.000 7.072
6235.000 9.608
6240.000 12.869
6245.000 16.424
6250.000 19.074
6255.000 18.821
6260.000 15.566
6265.000 12.092
6270.000 8.359
6275.000 6.090
6280.000 4.563
6285.000 3.562
6290.000 3.177
6295.000 2.568
6300.000 2.122
6305.000 1.784
6310.000 1.526
6315.000 1.308
6320.000 1.121
6325.000 0.988
6330.000 0.881
6335.000 0.803
6340.000 0.744
6345.000 0.694
6350.000 0.657
6355.000 0.638
6360.000 0.607
6365.000 0.582
6370.000 0.559
6375.000 0.538
6380.000 0.526
6385.000 0.506
6390.000 0.493
6395.000 0.480
6400.000 0.471
6405.000 0.462
6410.000 0.452
6415.000 0.444
6420.000 0.438
6425.000 0.429
6430.000 0.424
6435.000 0.416
6440.000 0.410
6445.000 0.405
6450.000 0.399
6455.000 0.395
6460.000 0.390
6465.000 0.384
6470.000 0.382
6475.000 0.379
6480.000 0.377
6485.000 0.375
6490.000 0.372
6495.000 0.372
6500.000 0.369
6505.000 0.368
6510.000 0.367
6515.000 0.366
6520.000 0.368
6525.000 0.370
6530.000 0.372
6535.000 0.374
6540.000 0.378
6545.000 0.383
6550.000 0.391
6555.000 0.403
6560.000 0.420
6565.000 0.444
6570.000 0.487
6575.000 0.562
6580.000 0.718
6585.000 1.013
6590.000 0.666
6595.000 0.366
6600.000 8.731
6605.000 1.535
6610.000 1.434
6615.000 0.952
6620.000 0.581
6625.000 0.392
6630.000 0.359
6635.000 0.323
6640.000 0.309
6645.000 0.291
6650.000 0.283
6655.000 0.276
6660.000 0.277
6665.000 0.271
6670.000 0.266
6675.000 0.264
6680.000 0.262
6685.000 0.260
6690.000 0.260
6695.000 0.257
6700.000 0.256
6705.000 0.256
6710.000 0.253
6715.000 0.255
6720.000 0.253
6725.000 0.253
6730.000 0.255
6735.000 0.253
6740.000 0.252
6745.000 0.251
6750.000 0.252
6755.000 0.253
6760.000 0.252
6765.000 0.251
6770.000 0.250
6775.000 0.251
6780.000 0.250
6785.000 0.251
6790.000 0.251
6795.000 0.255
6800.000 0.254
6805.000 0.253
6810.000 0.253
6815.000 0.251
6820.000 0.251
6825.000 0.250
6830.000 0.249
6835.000 0.250
6840.000 0.250
6845.000 0.251
6850.000 0.249
6855.000 0.248
6860.000 0.249
6865.000 0.248
6870.000 0.253
6875.000 0.250
6880.000 0.247
6885.000 0.249
6890.000 0.247
6895.000 0.249
6900.000 0.248
6905.000 0.249
6910.000 0.248
6915.000 0.247
6920.000 0.247
6925.000 0.247
6930.000 0.247
6935.000 0.250
6940.000 0.246
6945.000 0.246
6950.000 0.246
6955.000 0.250
6960.000 0.248
6965.000 0.242
6970.000 0.246
6975.000 0.247
6980.000 0.248
6985.000 0.243
6990.000 0.250
6995.000 0.251
7000.000 0.244
7005.000 0.251
7010.000 0.250
7015.000 0.252
7020.000 0.242
7025.000 0.252
7030.000 0.249
7035.000 0.241
7040.000 0.246
7045.000 0.243
7050.000 0.244
7055.000 0.245
7060.000 0.242
7065.000 0.246
7070.000 0.244
7075.000 0.244
7080.000 0.247
7085.000 0.247
7090.000 0.245
7095.000 0.246
7100.000 0.246
7105.000 0.248
7110.000 0.248
7115.000 0.248
7120.000 0.247
7125.000 0.252
7130.000 0.247
7135.000 0.249
7140.000 0.252
7145.000 0.248
7150.000 0.249
7155.000 0.250
7160.000 0.253
7165.000 0.254
7170.000 0.253
7175.000 0.255
7180.000 0.253
7185.000 0.255
7190.000 0.258
7195.000 0.258
7200.000 0.260
7205.000 0.263
7210.000 0.263
7215.000 0.265
7220.000 0.267
7225.000 0.270
7230.000 0.272
7235.000 0.274
7240.000 0.278
7245.000 0.281
7250.000 0.286
7255.000 0.289
7260.000 0.292
7265.000 0.297
7270.000 0.301
7275.000 0.307
7280.000 0.317
7285.000 0.323
7290.000 0.331
7295.000 0.339
7300.000 0.350
7305.000 0.361
7310.000 0.373
7315.000 0.390
7320.000 0.408
7325.000 0.415
7330.000 0.435
7335.000 0.461
7340.000 0.490
7345.000 0.520
7350.000 0.562
7355.000 0.609
7360.000 0.665
7365.000 0.701
7370.000 0.739
7375.000 0.773
7380.000 0.809
7385.000 0.855
7390.000 0.879
7395.000 0.940
7400.000 1.034
7405.000 1.135
7410.000 1.265
7415.000 1.422
7420.000 1.636
7425.000 1.919
7430.000 2.313
7435.000 2.869
7440.000 3.653
7445.000 4.791
7450.000 5.512
7455.000 7.312
7460.000 9.670
7465.000 12.072
7470.000 13.305
7475.000 11.625
7480.000 8.092
7485.000 5.493
7490.000 3.589
7495.000 2.936
7500.000 2.784
7505.000 2.560
7510.000 2.212
7515.000 1.955
7520.000 1.750
7525.000 1.606
7530.000 1.497
7535.000 1.406
7540.000 1.329
7545.000 1.257
7550.000 1.193
7555.000 1.144
7560.000 1.084
7565.000 1.028
7570.000 0.998
7575.000 0.949
7580.000 0.903
7585.000 0.864
7590.000 0.826
7595.000 0.796
7600.000 0.769
7605.000 0.743
7610.000 0.724
7615.000 0.702
7620.000 0.682
7625.000 0.666
7630.000 0.658
7635.000 0.641
7640.000 0.629
7645.000 0.613
7650.000 0.598
7655.000 0.589
7660.000 0.577
7665.000 0.566
7670.000 0.559
7675.000 0.547
7680.000 0.541
7685.000 0.532
7690.000 0.524
7695.000 0.520
7700.000 0.513
7705.000 0.507
7710.000 0.500
7715.000 0.496
7720.000 0.487
7725.000 0.483
7730.000 0.478
7735.000 0.473
7740.000 0.466
7745.000 0.463
7750.000 0.462
7755.000 0.454
7760.000 0.451
7765.000 0.446
7770.000 0.442
7775.000 0.439
7780.000 0.434
7785.000 0.433
7790.000 0.425
7795.000 0.425
7800.000 0.420
7805.000 0.416
7810.000 0.414
7815.000 0.410
7820.000 0.406
7825.000 0.405
7830.000 0.400
7835.000 0.398
7840.000 0.394
7845.000 0.390
7850.000 0.387
7855.000 0.383
7860.000 0.379
7865.000 0.376
7870.000 0.372
7875.000 0.369
7880.000 0.366
7885.000 0.363
7890.000 0.361
7895.000 0.356
7900.000 0.352
7905.000 0.348
7910.000 0.343
7915.000 0.339
7920.000 0.335
7925.000 0.329
7930.000 0.326
7935.000 0.324
7940.000 0.317
7945.000 0.312
7950.000 0.310
7955.000 0.301
7960.000 0.297
7965.000 0.295
7970.000 0.279
7975.000 0.277
7980.000 0.267
7985.000 0.255
7990.000 0.249
7995.000 0.244
8000.000 0.237
8005.000 0.219
8010.000 0.212
8015.000 0.197
8020.000 0.190
8025.000 0.169
8030.000 0.164
8035.000 0.162
8040.000 0.171
8045.000 0.205
8050.000 0.280
8055.000 0.341
8060.000 0.573
8065.000 1.233
8070.000 3.005
8075.000 6.007
8080.000 10.404
8085.000 11.940
8090.000 1.798
8095.000 4.747
8100.000 2.243
8105.000 1.841
8110.000 1.480
8115.000 1.171
8120.000 1.088
8125.000 0.965
8130.000 0.858
8135.000 0.786
8140.000 0.736
8145.000 0.697
8150.000 0.666
8155.000 0.638
8160.000 0.616
8165.000 0.592
8170.000 0.576
8175.000 0.563
8180.000 0.555
8185.000 0.546
8190.000 0.536
8195.000 0.530
8200.000 0.523
8205.000 0.516
8210.000 0.512
8215.000 0.507
8220.000 0.502
8225.000 0.495
8230.000 0.495
8235.000 0.490
8240.000 0.492
8245.000 0.487
8250.000 0.485
8255.000 0.481
8260.000 0.480
8265.000 0.480
8270.000 0.477
8275.000 0.477
8280.000 0.473
8285.000 0.471
8290.000 0.470
8295.000 0.469
8300.000 0.467
8305.000 0.465
8310.000 0.466
8315.000 0.465
8320.000 0.463
8325.000 0.463
8330.000 0.460
8335.000 0.460
8340.000 0.458
8345.000 0.457
8350.000 0.458
8355.000 0.457
8360.000 0.457
8365.000 0.454
8370.000 0.456
8375.000 0.451
8380.000 0.452
8385.000 0.451
8390.000 0.451
8395.000 0.450
8400.000 0.450
8405.000 0.447
8410.000 0.445
8415.000 0.445
8420.000 0.444
8425.000 0.446
8430.000 0.448
8435.000 0.445
8440.000 0.444
8445.000 0.446
8450.000 0.444
8455.000 0.446
8460.000 0.449
8465.000 0.449
8470.000 0.451
8475.000 0.452
8480.000 0.455
8485.000 0.456
8490.000 0.461
8495.000 0.462
8500.000 0.470
8505.000 0.476
8510.000 0.485
8515.000 0.496
8520.000 0.509
8525.000 0.535
8530.000 0.561
8535.000 0.610
8540.000 0.650
8545.000 0.756
8550.000 0.971
8555.000 1.462
8560.000 2.788
8565.000 5.391
8570.000 7.396
8575.000 2.482
8580.000 1.651
8585.000 0.634
8590.000 0.510
8595.000 0.364
8600.000 0.354
8605.000 0.357
8610.000 0.341
8615.000 0.357
8620.000 0.389
8625.000 0.438
8630.000 0.518
8635.000 0.671
8640.000 0.943
8645.000 1.447
8650.000 2.257
8655.000 3.240
8660.000 4.255
8665.000 4.705
8670.000 5.263
8675.000 5.173
8680.000 4.515
8685.000 3.700
8690.000 2.991
8695.000 2.430
8700.000 1.900
8705.000 1.252
8710.000 0.655
8715.000 0.221
8720.000 0.251
8725.000 0.536
8730.000 0.733
8735.000 0.864
8740.000 0.948
8745.000 0.986
8750.000 0.991
8755.000 0.971
8760.000 0.948
8765.000 0.916
8770.000 0.885
8775.000 0.844
8780.000 0.802
8785.000 0.792
8790.000 0.763
8795.000 0.750
8800.000 0.737
8805.000 0.732
8810.000 0.725
8815.000 0.731
8820.000 0.719
8825.000 0.731
8830.000 0.723
8835.000 0.781
8840.000 0.743
8845.000 0.737
8850.000 0.717
8855.000 0.700
8860.000 0.695
8865.000 0.690
8870.000 0.684
8875.000 0.681
8880.000 0.676
8885.000 0.673
8890.000 0.677
8895.000 0.665
8900.000 0.670
8905.000 0.672
8910.000 0.670
8915.000 0.662
8920.000 0.662
8925.000 0.660
8930.000 0.660
8935.000 0.660
8940.000 0.650
8945.000 0.653
8950.000 0.649
8955.000 0.650
8960.000 0.652
8965.000 0.648
8970.000 0.643
8975.000 0.648
8980.000 0.649
8985.000 0.640
8990.000 0.649
8995.000 0.653
9000.000 0.648
9005.000 0.643
9010.000 0.638
9015.000 0.644
9020.000 0.634
9025.000 0.639
9030.000 0.644
9035.000 0.649
9040.000 0.650
9045.000 0.642
9050.000 0.636
9055.000 0.641
9060.000 0.637
9065.000 0.637
9070.000 0.636
9075.000 0.637
9080.000 0.638
9085.000 0.638
9090.000 0.635
9095.000 0.636
9100.000 0.635
9105.000 0.635
9110.000 0.636
9115.000 0.637
9120.000 0.635
9125.000 0.633
9130.000 0.636
9135.000 0.637
9140.000 0.639
9145.000 0.636
9150.000 0.635
9155.000 0.638
9160.000 0.636
9165.000 0.641
9170.000 0.646
9175.000 0.644
9180.000 0.645
9185.000 0.642
9190.000 0.647
9195.000 0.647
9200.000 0.643
9205.000 0.645
9210.000 0.650
9215.000 0.651
9220.000 0.651
9225.000 0.653
9230.000 0.655
9235.000 0.656
9240.000 0.656
9245.000 0.654
9250.000 0.657
9255.000 0.661
9260.000 0.661
9265.000 0.661
9270.000 0.661
9275.000 0.664
9280.000 0.665
9285.000 0.672
9290.000 0.671
9295.000 0.672
9300.000 0.678
9305.000 0.681
9310.000 0.682
9315.000 0.685
9320.000 0.685
9325.000 0.691
9330.000 0.693
9335.000 0.693
9340.000 0.696
9345.000 0.701
9350.000 0.706
9355.000 0.709
9360.000 0.713
9365.000 0.719
9370.000 0.728
9375.000 0.729
9380.000 0.734
9385.000 0.738
9390.000 0.748
9395.000 0.751
9400.000 0.758
9405.000 0.769
9410.000 0.774
9415.000 0.786
9420.000 0.799
9425.000 0.814
9430.000 0.828
9435.000 0.837
9440.000 0.860
9445.000 0.880
9450.000 0.894
9455.000 0.915
9460.000 0.955
9465.000 0.985
9470.000 1.035
9475.000 1.098
9480.000 1.188
9485.000 1.323
9490.000 1.562
9495.000 2.029
9500.000 2.910
9505.000 3.759
9510.000 2.726
9515.000 2.289
9520.000 3.490
9525.000 0.958
9530.000 0.200
9535.000 0.223
9540.000 0.243
9545.000 0.291
9550.000 0.337
9555.000 0.377
9560.000 0.422
9565.000 0.454
9570.000 0.486
9575.000 0.493
9580.000 0.514
9585.000 0.526
9590.000 0.539
9595.000 0.553
9600.000 0.564
9605.000 0.583
9610.000 0.588
9615.000 0.609
9620.000 0.623
9625.000 0.628
9630.000 0.644
9635.000 0.652
9640.000 0.659
9645.000 0.667
9650.000 0.682
9655.000 0.692
9660.000 0.705
9665.000 0.720
9670.000 0.733
9675.000 0.744
9680.000 0.759
9685.000 0.769
9690.000 0.786
9695.000 0.798
9700.000 0.809
9705.000 0.832
9710.000 0.848
9715.000 0.865
9720.000 0.885
9725.000 0.910
9730.000 0.931
9735.000 0.964
9740.000 0.986
9745.000 1.024
9750.000 1.056
9755.000 1.095
9760.000 1.111
9765.000 1.160
9770.000 1.214
9775.000 1.271
9780.000 1.338
9785.000 1.415
9790.000 1.503
9795.000 1.604
9800.000 1.731
9805.000 1.889
9810.000 2.066
9815.000 2.403
9820.000 2.592
9825.000 3.059
9830.000 3.646
9835.000 4.344
9840.000 4.934
9845.000 5.041
9850.000 4.469
9855.000 3.563
9860.000 2.720
9865.000 2.073
9870.000 1.608
9875.000 1.293
9880.000 1.055
9885.000 0.962
9890.000 0.795
9895.000 0.664
9900.000 0.566
9905.000 0.499
9910.000 0.457
9915.000 0.392
9920.000 0.348
9925.000 0.308
9930.000 0.271
9935.000 0.236
9940.000 0.202
9945.000 0.187
9950.000 0.162
9955.000 0.141
9960.000 0.118
9965.000 0.102
9970.000 0.093
9975.000 0.077
9980.000 0.069
9985.000 0.061
9990.000 0.058
9995.000 0.057
10000.000 0.053
10005.000 0.059
10010.000 0.063
10015.000 0.069
10020.000 0.066
10025.000 0.073
10030.000 0.076
10035.000 0.088
10040.000 0.088
10045.000 0.093
10050.000 0.101
10055.000 0.104
10060.000 0.108
10065.000 0.110
10070.000 0.115
10075.000 0.118
10080.000 0.121
10085.000 0.124
10090.000 0.124
10095.000 0.129
10100.000 0.134
10105.000 0.136
10110.000 0.139
10115.000 0.143
10120.000 0.145
10125.000 0.143
10130.000 0.147
10135.000 0.147
10140.000 0.149
10145.000 0.151
10150.000 0.152
10155.000 0.153
10160.000 0.152
10165.000 0.148
10170.000 0.143
10175.000 0.134
10180.000 0.121
10185.000 0.104
10190.000 0.092
10195.000 0.078
10200.000 0.161
10205.000 0.332
10210.000 0.200
10215.000 2.809
10220.000 1.091
10225.000 0.969
10230.000 0.581
10235.000 0.484
10240.000 0.425
10245.000 0.411
10250.000 0.379
10255.000 0.353
10260.000 0.337
10265.000 0.329
10270.000 0.321
10275.000 0.317
10280.000 0.313
10285.000 0.315
10290.000 0.315
10295.000 0.321
10300.000 0.320
10305.000 0.318
10310.000 0.317
10315.000 0.319
10320.000 0.318
10325.000 0.318
10330.000 0.316
10335.000 0.320
10340.000 0.324
10345.000 0.321
10350.000 0.323
10355.000 0.326
10360.000 0.325
10365.000 0.329
10370.000 0.326
10375.000 0.332
10380.000 0.332
10385.000 0.326
10390.000 0.340
10395.000 0.337
10400.000 0.335
10405.000 0.336
10410.000 0.341
10415.000 0.340
10420.000 0.340
10425.000 0.341
10430.000 0.339
10435.000 0.340
10440.000 0.342
10445.000 0.341
10450.000 0.343
10455.000 0.346
10460.000 0.344
10465.000 0.345
10470.000 0.348
10475.000 0.347
10480.000 0.346
10485.000 0.346
10490.000 0.346
10495.000 0.344
10500.000 0.351
10505.000 0.354
10510.000 0.353
10515.000 0.355
10520.000 0.353
10525.000 0.357
10530.000 0.357
10535.000 0.359
10540.000 0.362
10545.000 0.363
10550.000 0.364
10555.000 0.363
10560.000 0.362
10565.000 0.361
10570.000 0.362
10575.000 0.365
10580.000 0.369
10585.000 0.369
10590.000 0.369
10595.000 0.369
10600.000 0.364
10605.000 0.368
10610.000 0.367
10615.000 0.368
10620.000 0.371
10625.000 0.373
10630.000 0.377
10635.000 0.377
10640.000 0.378
10645.000 0.379
10650.000 0.383
10655.000 0.384
10660.000 0.384
10665.000 0.385
10670.000 0.391
10675.000 0.396
10680.000 0.395
10685.000 0.397
10690.000 0.396
10695.000 0.395
10700.000 0.398
10705.000 0.401
10710.000 0.404
10715.000 0.398
10720.000 0.398
10725.000 0.399
10730.000 0.403
10735.000 0.407
10740.000 0.416
10745.000 0.415
10750.000 0.420
10755.000 0.427
10760.000 0.431
10765.000 0.437
10770.000 0.441
10775.000 0.445
10780.000 0.452
10785.000 0.457
10790.000 0.470
10795.000 0.471
10800.000 0.477
10805.000 0.490
10810.000 0.506
10815.000 0.511
10820.000 0.531
10825.000 0.539
10830.000 0.564
10835.000 0.589
10840.000 0.622
10845.000 0.655
10850.000 0.706
10855.000 0.742
10860.000 0.832
10865.000 0.972
10870.000 1.169
10875.000 1.428
10880.000 1.569
10885.000 1.305
10890.000 0.781
10895.000 0.415
10900.000 0.241
10905.000 0.167
10910.000 0.067
10915.000 0.136
10920.000 0.035
10925.000 0.041
10930.000 0.043
10935.000 0.073
10940.000 0.085
10945.000 0.099
10950.000 0.111
10955.000 0.125
10960.000 0.137
10965.000 0.150
10970.000 0.159
10975.000 0.167
10980.000 0.178
10985.000 0.192
10990.000 0.214
10995.000 0.235
11000.000 0.272
11005.000 0.302
11010.000 0.343
11015.000 0.411
11020.000 0.475
11025.000 0.499
11030.000 0.485
11035.000 0.471
11040.000 0.440
11045.000 0.415
11050.000 0.396
11055.000 0.383
11060.000 0.385
11065.000 0.408
11070.000 0.429
11075.000 0.468
11080.000 0.532
11085.000 0.656
11090.000 0.838
11095.000 0.943
11100.000 0.915
11105.000 0.780
11110.000 0.663
11115.000 0.576
11120.000 0.518
11125.000 0.481
11130.000 0.452
11135.000 0.430
11140.000 0.414
11145.000 0.401
11150.000 0.395
11155.000 0.381
11160.000 0.378
11165.000 0.368
11170.000 0.362
11175.000 0.349
11180.000 0.350
11185.000 0.344
11190.000 0.341
11195.000 0.336
11200.000 0.335
11205.000 0.332
11210.000 0.329
11215.000 0.326
11220.000 0.327
11225.000 0.325
11230.000 0.320
11235.000 0.317
11240.000 0.320
11245.000 0.317
11250.000 0.316
11255.000 0.315
11260.000 0.314
11265.000 0.313
11270.000 0.312
11275.000 0.308
11280.000 0.309
11285.000 0.310
11290.000 0.307
11295.000 0.307
11300.000 0.306
11305.000 0.304
11310.000 0.296
11315.000 0.299
11320.000 0.299
11325.000 0.299
11330.000 0.303
11335.000 0.298
11340.000 0.300
11345.000 0.301
11350.000 0.299
11355.000 0.299
11360.000 0.301
11365.000 0.300
11370.000 0.298
11375.000 0.298
11380.000 0.293
11385.000 0.291
11390.000 0.293
11395.000 0.291
11400.000 0.292
11405.000 0.293
11410.000 0.291
11415.000 0.292
11420.000 0.293
11425.000 0.291
11430.000 0.292
11435.000 0.289
11440.000 0.287
11445.000 0.287
11450.000 0.285
11455.000 0.286
11460.000 0.286
11465.000 0.288
11470.000 0.283
11475.000 0.283
11480.000 0.282
11485.000 0.279
11490.000 0.282
11495.000 0.280
11500.000 0.278
11505.000 0.278
11510.000 0.278
11515.000 0.278
11520.000 0.275
11525.000 0.278
11530.000 0.274
11535.000 0.273
11540.000 0.270
11545.000 0.269
11550.000 0.268
11555.000 0.264
11560.000 0.267
11565.000 0.265
11570.000 0.261
11575.000 0.260
11580.000 0.258
11585.000 0.256
11590.000 0.255
11595.000 0.253
11600.000 0.253
11605.000 0.248
11610.000 0.247
11615.000 0.245
11620.000 0.239
11625.000 0.239
11630.000 0.235
11635.000 0.235
11640.000 0.229
11645.000 0.225
11650.000 0.223
11655.000 0.215
11660.000 0.218
11665.000 0.212
11670.000 0.206
11675.000 0.200
11680.000 0.192
11685.000 0.184
11690.000 0.176
11695.000 0.171
11700.000 0.160
11705.000 0.153
11710.000 0.140
11715.000 0.134
11720.000 0.134
11725.000 0.147
11730.000 0.199
11735.000 0.329
11740.000 0.639
11745.000 1.252
11750.000 2.370
11755.000 3.735
11760.000 3.688
11765.000 2.533
11770.000 1.149
11775.000 1.060
11780.000 1.012
11785.000 0.825
11790.000 0.719
11795.000 0.608
11800.000 0.538
11805.000 0.487
11810.000 0.448
11815.000 0.415
11820.000 0.398
11825.000 0.383
11830.000 0.380
11835.000 0.369
11840.000 0.363
11845.000 0.355
11850.000 0.347
11855.000 0.338
11860.000 0.334
11865.000 0.326
11870.000 0.327
11875.000 0.320
11880.000 0.315
11885.000 0.310
11890.000 0.308
11895.000 0.303
11900.000 0.300
11905.000 0.296
11910.000 0.292
11915.000 0.287
11920.000 0.283
11925.000 0.279
11930.000 0.274
11935.000 0.270
11940.000 0.266
11945.000 0.264
11950.000 0.262
11955.000 0.258
11960.000 0.254
11965.000 0.246
11970.000 0.246
11975.000 0.241
11980.000 0.242
11985.000 0.246
11990.000 0.235
11995.000 0.234
12000.000 0.227
