105.000 0.077
110.000 0.631
115.000 2.551
120.000 2.892
125.000 3.161
130.000 3.499
135.000 3.660
140.000 3.678
145.000 3.665
150.000 3.785
155.000 3.757
160.000 3.646
165.000 3.557
170.000 3.566
175.000 3.533
180.000 3.454
185.000 3.386
190.000 3.474
195.000 3.447
200.000 3.512
205.000 3.516
210.000 3.554
215.000 3.598
220.000 3.728
225.000 3.705
230.000 3.825
235.000 3.863
240.000 3.870
245.000 3.918
250.000 4.057
255.000 4.120
260.000 4.109
265.000 4.077
270.000 4.147
275.000 4.115
280.000 4.066
285.000 4.033
290.000 4.030
295.000 4.014
300.000 4.042
305.000 4.071
310.000 4.147
315.000 4.235
320.000 4.360
325.000 4.495
330.000 4.546
335.000 4.754
340.000 4.935
345.000 5.096
350.000 5.301
355.000 5.533
360.000 5.768
365.000 6.027
370.000 6.423
375.000 6.664
380.000 7.075
385.000 7.418
390.000 7.737
395.000 7.925
400.000 8.169
405.000 8.362
410.000 8.506
415.000 8.517
420.000 8.384
425.000 7.998
430.000 7.450
435.000 6.660
440.000 5.825
445.000 5.030
450.000 4.310
455.000 4.012
460.000 3.464
465.000 3.032
470.000 2.699
475.000 2.449
480.000 2.266
485.000 2.116
490.000 1.993
495.000 1.869
500.000 1.771
505.000 1.670
510.000 1.586
515.000 1.505
520.000 1.457
525.000 1.388
530.000 1.324
535.000 1.261
540.000 1.194
545.000 1.143
550.000 1.082
555.000 1.039
560.000 0.984
565.000 0.928
570.000 0.873
575.000 0.865
580.000 0.823
585.000 0.785
590.000 0.755
595.000 0.721
600.000 0.697
605.000 0.668
610.000 0.645
615.000 0.626
620.000 0.609
625.000 0.589
630.000 0.572
635.000 0.575
640.000 0.564
645.000 0.537
650.000 0.532
655.000 0.511
660.000 0.498
665.000 0.496
670.000 0.484
675.000 0.474
680.000 0.465
685.000 0.451
690.000 0.447
695.000 0.438
700.000 0.438
705.000 0.422
710.000 0.420
715.000 0.412
720.000 0.409
725.000 0.403
730.000 0.394
735.000 0.394
740.000 0.385
745.000 0.381
750.000 0.382
755.000 0.374
760.000 0.376
765.000 0.375
770.000 0.370
775.000 0.362
780.000 0.365
785.000 0.364
790.000 0.363
795.000 0.365
800.000 0.355
805.000 0.352
810.000 0.351
815.000 0.357
820.000 0.344
825.000 0.348
830.000 0.341
835.000 0.341
840.000 0.339
845.000 0.333
850.000 0.333
855.000 0.327
860.000 0.334
865.000 0.328
870.000 0.328
875.000 0.329
880.000 0.331
885.000 0.327
890.000 0.322
895.000 0.324
900.000 0.323
905.000 0.325
910.000 0.328
915.000 0.325
920.000 0.329
925.000 0.316
930.000 0.316
935.000 0.319
940.000 0.320
945.000 0.323
950.000 0.321
955.000 0.317
960.000 0.311
965.000 0.315
970.000 0.320
975.000 0.313
980.000 0.311
985.000 0.318
990.000 0.318
995.000 0.316
1000.000 0.324
1005.000 0.316
1010.000 0.309
1015.000 0.314
1020.000 0.330
1025.000 0.323
1030.000 0.324
1035.000 0.304
1040.000 0.321
1045.000 0.313
1050.000 0.323
1055.000 0.317
1060.000 0.321
1065.000 0.315
1070.000 0.318
1075.000 0.317
1080.000 0.319
1085.000 0.314
1090.000 0.315
1095.000 0.313
1100.000 0.316
1105.000 0.316
1110.000 0.321
1115.000 0.322
1120.000 0.319
1125.000 0.318
1130.000 0.318
1135.000 0.317
1140.000 0.316
1145.000 0.316
1150.000 0.322
1155.000 0.317
1160.000 0.320
1165.000 0.320
1170.000 0.315
1175.000 0.317
1180.000 0.323
1185.000 0.315
1190.000 0.321
1195.000 0.323
1200.000 0.322
1205.000 0.322
1210.000 0.329
1215.000 0.319
1220.000 0.327
1225.000 0.323
1230.000 0.327
1235.000 0.326
1240.000 0.327
1245.000 0.329
1250.000 0.330
1255.000 0.328
1260.000 0.326
1265.000 0.331
1270.000 0.335
1275.000 0.333
1280.000 0.331
1285.000 0.337
1290.000 0.329
1295.000 0.336
1300.000 0.336
1305.000 0.338
1310.000 0.339
1315.000 0.332
1320.000 0.338
1325.000 0.339
1330.000 0.336
1335.000 0.339
1340.000 0.340
1345.000 0.338
1350.000 0.347
1355.000 0.342
1360.000 0.344
1365.000 0.343
1370.000 0.340
1375.000 0.343
1380.000 0.345
1385.000 0.348
1390.000 0.351
1395.000 0.346
1400.000 0.346
1405.000 0.347
1410.000 0.346
1415.000 0.340
1420.000 0.342
1425.000 0.337
1430.000 0.339
1435.000 0.336
1440.000 0.337
1445.000 0.338
1450.000 0.344
1455.000 0.344
1460.000 0.352
1465.000 0.354
1470.000 0.359
1475.000 0.364
1480.000 0.362
1485.000 0.367
1490.000 0.370
1495.000 0.376
1500.000 0.378
1505.000 0.383
1510.000 0.383
1515.000 0.387
1520.000 0.389
1525.000 0.389
1530.000 0.399
1535.000 0.402
1540.000 0.402
1545.000 0.406
1550.000 0.409
1555.000 0.410
1560.000 0.418
1565.000 0.418
1570.000 0.425
1575.000 0.428
1580.000 0.429
1585.000 0.434
1590.000 0.442
1595.000 0.443
1600.000 0.448
1605.000 0.450
1610.000 0.456
1615.000 0.461
1620.000 0.468
1625.000 0.476
1630.000 0.483
1635.000 0.488
1640.000 0.491
1645.000 0.501
1650.000 0.511
1655.000 0.515
1660.000 0.523
1665.000 0.529
1670.000 0.542
1675.000 0.537
1680.000 0.550
1685.000 0.569
1690.000 0.575
1695.000 0.585
1700.000 0.590
1705.000 0.601
1710.000 0.608
1715.000 0.618
1720.000 0.627
1725.000 0.634
1730.000 0.645
1735.000 0.656
1740.000 0.706
1745.000 0.704
1750.000 0.705
1755.000 0.717
1760.000 0.722
1765.000 0.732
1770.000 0.828
1775.000 0.841
1780.000 0.825
1785.000 0.812
1790.000 0.808
1795.000 0.875
1800.000 0.858
1805.000 0.851
1810.000 0.840
1815.000 0.848
1820.000 0.849
1825.000 0.858
1830.000 0.866
1835.000 0.866
1840.000 0.879
1845.000 0.882
1850.000 0.884
1855.000 0.892
1860.000 0.899
1865.000 0.903
1870.000 0.903
1875.000 0.904
1880.000 0.909
1885.000 0.903
1890.000 0.902
1895.000 0.900
1900.000 0.898
1905.000 0.896
1910.000 0.896
1915.000 0.890
1920.000 0.882
1925.000 0.875
1930.000 0.867
1935.000 0.861
1940.000 0.859
1945.000 0.850
1950.000 0.845
1955.000 0.831
1960.000 0.824
1965.000 0.817
1970.000 0.826
1975.000 0.806
1980.000 0.803
1985.000 0.812
1990.000 0.786
1995.000 0.776
2000.000 0.773
2005.000 0.774
2010.000 0.773
2015.000 0.755
2020.000 0.764
2025.000 0.752
2030.000 0.757
2035.000 0.739
2040.000 0.730
2045.000 0.727
2050.000 0.729
2055.000 0.735
2060.000 0.722
2065.000 0.719
2070.000 0.712
2075.000 0.706
2080.000 0.706
2085.000 0.709
2090.000 0.706
2095.000 0.707
2100.000 0.697
2105.000 0.698
2110.000 0.692
2115.000 0.688
2120.000 0.686
2125.000 0.692
2130.000 0.691
2135.000 0.686
2140.000 0.687
2145.000 0.687
2150.000 0.692
2155.000 0.691
2160.000 0.697
2165.000 0.699
2170.000 0.703
2175.000 0.704
2180.000 0.707
2185.000 0.713
2190.000 0.717
2195.000 0.726
2200.000 0.727
2205.000 0.737
2210.000 0.755
2215.000 0.768
2220.000 0.772
2225.000 0.778
2230.000 0.788
2235.000 0.808
2240.000 0.823
2245.000 0.845
2250.000 0.874
2255.000 0.910
2260.000 0.944
2265.000 0.989
2270.000 1.051
2275.000 1.086
2280.000 1.159
2285.000 1.247
2290.000 1.384
2295.000 1.551
2300.000 1.758
2305.000 1.937
2310.000 1.971
2315.000 4.851
2320.000 16.742
2325.000 14.531
2330.000 5.129
2335.000 2.525
2340.000 2.009
2345.000 1.226
2350.000 0.835
2355.000 0.587
2360.000 0.428
2365.000 0.328
2370.000 0.252
2375.000 0.193
2380.000 0.158
2385.000 0.132
2390.000 0.111
2395.000 0.100
2400.000 0.097
2405.000 0.095
2410.000 0.093
2415.000 0.096
2420.000 0.098
2425.000 0.102
2430.000 0.107
2435.000 0.110
2440.000 0.116
2445.000 0.120
2450.000 0.123
2455.000 0.130
2460.000 0.134
2465.000 0.135
2470.000 0.136
2475.000 0.142
2480.000 0.144
2485.000 0.148
2490.000 0.149
2495.000 0.153
2500.000 0.155
2505.000 0.157
2510.000 0.159
2515.000 0.161
2520.000 0.165
2525.000 0.167
2530.000 0.167
2535.000 0.168
2540.000 0.173
2545.000 0.172
2550.000 0.176
2555.000 0.179
2560.000 0.181
2565.000 0.182
2570.000 0.181
2575.000 0.184
2580.000 0.185
2585.000 0.186
2590.000 0.188
2595.000 0.188
2600.000 0.190
2605.000 0.191
2610.000 0.193
2615.000 0.195
2620.000 0.195
2625.000 0.198
2630.000 0.201
2635.000 0.199
2640.000 0.201
2645.000 0.204
2650.000 0.204
2655.000 0.205
2660.000 0.207
2665.000 0.209
2670.000 0.210
2675.000 0.211
2680.000 0.213
2685.000 0.212
2690.000 0.212
2695.000 0.216
2700.000 0.216
2705.000 0.215
2710.000 0.217
2715.000 0.218
2720.000 0.219
2725.000 0.221
2730.000 0.221
2735.000 0.225
2740.000 0.227
2745.000 0.227
2750.000 0.228
2755.000 0.230
2760.000 0.231
2765.000 0.231
2770.000 0.233
2775.000 0.232
2780.000 0.239
2785.000 0.238
2790.000 0.240
2795.000 0.241
2800.000 0.243
2805.000 0.247
2810.000 0.248
2815.000 0.249
2820.000 0.255
2825.000 0.251
2830.000 0.257
2835.000 0.256
2840.000 0.259
2845.000 0.264
2850.000 0.265
2855.000 0.266
2860.000 0.269
2865.000 0.272
2870.000 0.276
2875.000 0.285
2880.000 0.285
2885.000 0.287
2890.000 0.286
2895.000 0.289
2900.000 0.291
2905.000 0.292
2910.000 0.294
2915.000 0.295
2920.000 0.299
2925.000 0.298
2930.000 0.301
2935.000 0.304
2940.000 0.305
2945.000 0.312
2950.000 0.311
2955.000 0.311
2960.000 0.312
2965.000 0.315
2970.000 0.314
2975.000 0.316
2980.000 0.317
2985.000 0.320
2990.000 0.322
2995.000 0.323
3000.000 0.323
3005.000 0.332
3010.000 0.332
3015.000 0.328
3020.000 0.336
3025.000 0.329
3030.000 0.334
3035.000 0.340
3040.000 0.341
3045.000 0.344
3050.000 0.335
3055.000 0.343
3060.000 0.340
3065.000 0.342
3070.000 0.348
3075.000 0.348
3080.000 0.348
3085.000 0.351
3090.000 0.458
3095.000 0.429
3100.000 0.403
3105.000 0.390
3110.000 0.383
3115.000 0.377
3120.000 0.370
3125.000 0.368
3130.000 0.366
3135.000 0.362
3140.000 0.360
3145.000 0.362
3150.000 0.360
3155.000 0.361
3160.000 0.361
3165.000 0.364
3170.000 0.363
3175.000 0.362
3180.000 0.366
3185.000 0.364
3190.000 0.366
3195.000 0.365
3200.000 0.367
3205.000 0.368
3210.000 0.371
3215.000 0.369
3220.000 0.373
3225.000 0.372
3230.000 0.375
3235.000 0.376
3240.000 0.376
3245.000 0.378
3250.000 0.381
3255.000 0.383
3260.000 0.380
3265.000 0.383
3270.000 0.386
3275.000 0.384
3280.000 0.386
3285.000 0.388
3290.000 0.390
3295.000 0.392
3300.000 0.394
3305.000 0.399
3310.000 0.397
3315.000 0.401
3320.000 0.405
3325.000 0.405
3330.000 0.408
3335.000 0.411
3340.000 0.413
3345.000 0.413
3350.000 0.418
3355.000 0.421
3360.000 0.424
3365.000 0.425
3370.000 0.429
3375.000 0.432
3380.000 0.435
3385.000 0.437
3390.000 0.445
3395.000 0.445
3400.000 0.454
3405.000 0.455
3410.000 0.463
3415.000 0.466
3420.000 0.472
3425.000 0.474
3430.000 0.478
3435.000 0.484
3440.000 0.487
3445.000 0.499
3450.000 0.503
3455.000 0.512
3460.000 0.518
3465.000 0.578
3470.000 0.609
3475.000 0.593
3480.000 0.586
3485.000 0.589
3490.000 0.595
3495.000 0.606
3500.000 0.615
3505.000 0.626
3510.000 0.637
3515.000 0.653
3520.000 0.667
3525.000 0.680
3530.000 0.689
3535.000 0.745
3540.000 0.747
3545.000 0.763
3550.000 0.778
3555.000 0.815
3560.000 0.808
3565.000 0.823
3570.000 0.838
3575.000 0.860
3580.000 0.879
3585.000 0.910
3590.000 0.939
3595.000 0.967
3600.000 1.005
3605.000 1.044
3610.000 1.093
3615.000 1.118
3620.000 1.174
3625.000 1.242
3630.000 1.318
3635.000 1.393
3640.000 1.490
3645.000 1.614
3650.000 1.764
3655.000 1.973
3660.000 2.233
3665.000 2.594
3670.000 3.114
3675.000 3.875
3680.000 4.406
3685.000 5.877
3690.000 8.229
3695.000 11.838
3700.000 17.001
3705.000 23.409
3710.000 26.806
3715.000 15.458
3720.000 14.901
3725.000 10.454
3730.000 6.948
3735.000 4.991
3740.000 3.786
3745.000 3.354
3750.000 2.719
3755.000 2.269
3760.000 1.917
3765.000 1.663
3770.000 1.464
3775.000 1.299
3780.000 1.172
3785.000 1.065
3790.000 0.981
3795.000 0.906
3800.000 0.873
3805.000 0.816
3810.000 0.768
3815.000 0.727
3820.000 0.689
3825.000 0.657
3830.000 0.628
3835.000 0.603
3840.000 0.581
3845.000 0.564
3850.000 0.543
3855.000 0.527
3860.000 0.519
3865.000 0.505
3870.000 0.490
3875.000 0.480
3880.000 0.469
3885.000 0.458
3890.000 0.452
3895.000 0.439
3900.000 0.431
3905.000 0.424
3910.000 0.416
3915.000 0.410
3920.000 0.406
3925.000 0.401
3930.000 0.395
3935.000 0.387
3940.000 0.382
3945.000 0.378
3950.000 0.374
3955.000 0.372
3960.000 0.368
3965.000 0.365
3970.000 0.355
3975.000 0.358
3980.000 0.351
3985.000 0.345
3990.000 0.353
3995.000 0.352
4000.000 0.349
4005.000 0.338
4010.000 0.333
4015.000 0.338
4020.000 0.337
4025.000 0.338
4030.000 0.327
4035.000 0.331
4040.000 0.328
4045.000 0.324
4050.000 0.330
4055.000 0.322
4060.000 0.320
4065.000 0.322
4070.000 0.317
4075.000 0.317
4080.000 0.319
4085.000 0.316
4090.000 0.316
4095.000 0.317
4100.000 0.317
4105.000 0.318
4110.000 0.316
4115.000 0.316
4120.000 0.315
4125.000 0.310
4130.000 0.310
4135.000 0.308
4140.000 0.307
4145.000 0.307
4150.000 0.305
4155.000 0.304
4160.000 0.303
4165.000 0.302
4170.000 0.302
4175.000 0.301
4180.000 0.298
4185.000 0.296
4190.000 0.292
4195.000 0.289
4200.000 0.289
4205.000 0.285
4210.000 0.283
4215.000 0.279
4220.000 0.279
4225.000 0.276
4230.000 0.277
4235.000 0.274
4240.000 0.272
4245.000 0.273
4250.000 0.273
4255.000 0.270
4260.000 0.270
4265.000 0.269
4270.000 0.269
4275.000 0.338
4280.000 0.327
4285.000 0.318
4290.000 0.307
4295.000 0.298
4300.000 0.292
4305.000 0.286
4310.000 0.282
4315.000 0.280
4320.000 0.277
4325.000 0.281
4330.000 0.296
4335.000 0.299
4340.000 0.291
4345.000 0.290
4350.000 0.284
4355.000 0.281
4360.000 0.280
4365.000 0.275
4370.000 0.274
4375.000 0.274
4380.000 0.272
4385.000 0.272
4390.000 0.272
4395.000 0.272
4400.000 0.270
4405.000 0.273
4410.000 0.272
4415.000 0.269
4420.000 0.273
4425.000 0.274
4430.000 0.274
4435.000 0.274
4440.000 0.274
4445.000 0.273
4450.000 0.275
4455.000 0.274
4460.000 0.275
4465.000 0.275
4470.000 0.275
4475.000 0.277
4480.000 0.278
4485.000 0.277
4490.000 0.278
4495.000 0.279
4500.000 0.280
4505.000 0.279
4510.000 0.281
4515.000 0.281
4520.000 0.283
4525.000 0.284
4530.000 0.283
4535.000 0.286
4540.000 0.286
4545.000 0.285
4550.000 0.287
4555.000 0.288
4560.000 0.288
4565.000 0.290
4570.000 0.291
4575.000 0.294
4580.000 0.293
4585.000 0.296
4590.000 0.295
4595.000 0.298
4600.000 0.299
4605.000 0.299
4610.000 0.304
4615.000 0.308
4620.000 0.307
4625.000 0.308
4630.000 0.314
4635.000 0.314
4640.000 0.314
4645.000 0.314
4650.000 0.318
4655.000 0.323
4660.000 0.322
4665.000 0.324
4670.000 0.325
4675.000 0.327
4680.000 0.330
4685.000 0.331
4690.000 0.336
4695.000 0.337
4700.000 0.341
4705.000 0.344
4710.000 0.348
4715.000 0.352
4720.000 0.359
4725.000 0.362
4730.000 0.369
4735.000 0.375
4740.000 0.381
4745.000 0.387
4750.000 0.396
4755.000 0.404
4760.000 0.413
4765.000 0.424
4770.000 0.428
4775.000 0.440
4780.000 0.451
4785.000 0.465
4790.000 0.475
4795.000 0.485
4800.000 0.490
4805.000 0.500
4810.000 0.516
4815.000 0.525
4820.000 0.537
4825.000 0.544
4830.000 0.554
4835.000 0.559
4840.000 0.567
4845.000 0.585
4850.000 0.593
4855.000 0.606
4860.000 0.621
4865.000 0.637
4870.000 0.658
4875.000 0.679
4880.000 0.700
4885.000 0.725
4890.000 0.750
4895.000 0.768
4900.000 0.808
4905.000 0.843
4910.000 0.900
4915.000 0.968
4920.000 1.022
4925.000 1.092
4930.000 1.169
4935.000 1.264
4940.000 1.397
4945.000 1.550
4950.000 1.752
4955.000 2.047
4960.000 2.243
4965.000 2.783
4970.000 3.667
4975.000 5.289
4980.000 8.158
4985.000 12.540
4990.000 13.304
4995.000 4.735
5000.000 9.231
5005.000 17.683
5010.000 22.601
5015.000 17.584
5020.000 9.091
5025.000 6.464
5030.000 4.537
5035.000 3.469
5040.000 2.769
5045.000 2.304
5050.000 2.070
5055.000 1.815
5060.000 2.828
5065.000 2.509
5070.000 2.071
5075.000 1.870
5080.000 1.560
5085.000 1.345
5090.000 1.181
5095.000 1.064
5100.000 0.974
5105.000 0.902
5110.000 0.844
5115.000 0.799
5120.000 0.758
5125.000 0.726
5130.000 0.697
5135.000 0.672
5140.000 0.662
5145.000 0.641
5150.000 0.623
5155.000 0.608
5160.000 0.594
5165.000 0.582
5170.000 0.570
5175.000 0.559
5180.000 0.552
5185.000 0.544
5190.000 0.535
5195.000 0.530
5200.000 0.528
5205.000 0.519
5210.000 0.513
5215.000 0.507
5220.000 0.501
5225.000 0.495
5230.000 0.490
5235.000 0.484
5240.000 0.479
5245.000 0.474
5250.000 0.468
5255.000 0.467
5260.000 0.462
5265.000 0.458
5270.000 0.454
5275.000 0.450
5280.000 0.443
5285.000 0.443
5290.000 0.437
5295.000 0.434
5300.000 0.428
5305.000 0.424
5310.000 0.422
5315.000 0.417
5320.000 0.415
5325.000 0.413
5330.000 0.409
5335.000 0.404
5340.000 0.401
5345.000 0.399
5350.000 0.397
5355.000 0.394
5360.000 0.389
5365.000 0.389
5370.000 0.383
5375.000 0.379
5380.000 0.384
5385.000 0.379
5390.000 0.373
5395.000 0.370
5400.000 0.365
5405.000 0.361
5410.000 0.358
5415.000 0.354
5420.000 0.352
5425.000 0.350
5430.000 0.346
5435.000 0.343
5440.000 0.341
5445.000 0.338
5450.000 0.336
5455.000 0.418
5460.000 0.409
5465.000 0.396
5470.000 0.373
5475.000 0.357
5480.000 0.374
5485.000 0.420
5490.000 0.396
5495.000 0.372
5500.000 0.365
5505.000 0.351
5510.000 0.340
5515.000 0.334
5520.000 0.326
5525.000 0.321
5530.000 0.318
5535.000 0.310
5540.000 0.305
5545.000 0.301
5550.000 0.297
5555.000 0.296
5560.000 0.291
5565.000 0.293
5570.000 0.292
5575.000 0.290
5580.000 0.287
5585.000 0.287
5590.000 0.283
5595.000 0.285
5600.000 0.282
5605.000 0.283
5610.000 0.279
5615.000 0.280
5620.000 0.278
5625.000 0.279
5630.000 0.278
5635.000 0.278
5640.000 0.277
5645.000 0.275
5650.000 0.276
5655.000 0.274
5660.000 0.274
5665.000 0.273
5670.000 0.275
5675.000 0.274
5680.000 0.272
5685.000 0.274
5690.000 0.271
5695.000 0.271
5700.000 0.271
5705.000 0.270
5710.000 0.269
5715.000 0.272
5720.000 0.269
5725.000 0.271
5730.000 0.270
5735.000 0.271
5740.000 0.271
5745.000 0.271
5750.000 0.270
5755.000 0.270
5760.000 0.270
5765.000 0.271
5770.000 0.271
5775.000 0.272
5780.000 0.271
5785.000 0.269
5790.000 0.270
5795.000 0.271
5800.000 0.270
5805.000 0.270
5810.000 0.269
5815.000 0.271
5820.000 0.271
5825.000 0.270
5830.000 0.271
5835.000 0.272
5840.000 0.271
5845.000 0.271
5850.000 0.272
5855.000 0.273
5860.000 0.273
5865.000 0.274
5870.000 0.273
5875.000 0.273
5880.000 0.276
5885.000 0.275
5890.000 0.276
5895.000 0.275
5900.000 0.275
5905.000 0.274
5910.000 0.274
5915.000 0.276
5920.000 0.276
5925.000 0.277
5930.000 0.278
5935.000 0.277
5940.000 0.276
5945.000 0.283
5950.000 0.279
5955.000 0.280
5960.000 0.277
5965.000 0.276
5970.000 0.287
5975.000 0.282
5980.000 0.286
5985.000 0.291
5990.000 0.287
5995.000 0.291
6000.000 0.288
6005.000 0.298
6010.000 0.299
6015.000 0.305
6020.000 0.295
6025.000 0.299
6030.000 0.302
6035.000 0.315
6040.000 0.318
6045.000 0.327
6050.000 0.321
6055.000 0.327
6060.000 0.333
6065.000 0.344
6070.000 0.351
6075.000 0.357
6080.000 0.371
6085.000 0.380
6090.000 0.393
6095.000 0.408
6100.000 0.426
6105.000 0.447
6110.000 0.459
6115.000 0.483
6120.000 0.513
6125.000 0.535
6130.000 0.561
6135.000 0.584
6140.000 0.612
6145.000 0.644
6150.000 0.681
6155.000 0.719
6160.000 0.763
6165.000 0.816
6170.000 0.872
6175.000 0.909
6180.000 0.987
6185.000 1.078
6190.000 1.199
6195.000 1.355
6200.000 1.557
6205.000 1.828
6210.000 2.213
6215.000 2.777
6220.000 3.621
6225.000 4.880
6230.000 6.701
6235.000 7.854
6240.000 10.790
6245.000 14.074
6250.000 17.004
6255.000 17.476
6260.000 14.223
6265.000 11.833
6270.000 7.897
6275.000 5.875
6280.000 4.343
6285.000 3.311
6290.000 2.912
6295.000 2.274
6300.000 1.794
6305.000 1.422
6310.000 1.122
6315.000 0.882
6320.000 0.703
6325.000 0.573
6330.000 0.484
6335.000 0.426
6340.000 0.391
6345.000 0.367
6350.000 0.353
6355.000 0.350
6360.000 0.341
6365.000 0.337
6370.000 0.332
6375.000 0.329
6380.000 0.328
6385.000 0.325
6390.000 0.324
6395.000 0.323
6400.000 0.321
6405.000 0.323
6410.000 0.319
6415.000 0.316
6420.000 0.316
6425.000 0.317
6430.000 0.316
6435.000 0.316
6440.000 0.315
6445.000 0.314
6450.000 0.312
6455.000 0.313
6460.000 0.312
6465.000 0.312
6470.000 0.313
6475.000 0.312
6480.000 0.314
6485.000 0.313
6490.000 0.313
6495.000 0.316
6500.000 0.319
6505.000 0.320
6510.000 0.322
6515.000 0.323
6520.000 0.327
6525.000 0.333
6530.000 0.338
6535.000 0.340
6540.000 0.348
6545.000 0.358
6550.000 0.372
6555.000 0.394
6560.000 0.422
6565.000 0.464
6570.000 0.538
6575.000 0.690
6580.000 1.085
6585.000 2.301
6590.000 2.904
6595.000 1.852
6600.000 6.773
6605.000 0.814
6610.000 1.929
6615.000 0.635
6620.000 0.543
6625.000 0.399
6630.000 0.420
6635.000 0.369
6640.000 0.334
6645.000 0.313
6650.000 0.301
6655.000 0.290
6660.000 0.286
6665.000 0.280
6670.000 0.272
6675.000 0.269
6680.000 0.267
6685.000 0.265
6690.000 0.261
6695.000 0.257
6700.000 0.258
6705.000 0.256
6710.000 0.255
6715.000 0.253
6720.000 0.254
6725.000 0.254
6730.000 0.252
6735.000 0.253
6740.000 0.252
6745.000 0.253
6750.000 0.252
6755.000 0.251
6760.000 0.253
6765.000 0.253
6770.000 0.251
6775.000 0.252
6780.000 0.251
6785.000 0.250
6790.000 0.253
6795.000 0.255
6800.000 0.253
6805.000 0.249
6810.000 0.249
6815.000 0.250
6820.000 0.251
6825.000 0.249
6830.000 0.251
6835.000 0.250
6840.000 0.251
6845.000 0.250
6850.000 0.250
6855.000 0.250
6860.000 0.248
6865.000 0.249
6870.000 0.252
6875.000 0.250
6880.000 0.249
6885.000 0.249
6890.000 0.249
6895.000 0.248
6900.000 0.248
6905.000 0.247
6910.000 0.248
6915.000 0.249
6920.000 0.247
6925.000 0.249
6930.000 0.249
6935.000 0.249
6940.000 0.243
6945.000 0.246
6950.000 0.245
6955.000 0.249
6960.000 0.249
6965.000 0.245
6970.000 0.249
6975.000 0.242
6980.000 0.245
6985.000 0.242
6990.000 0.245
6995.000 0.247
7000.000 0.240
7005.000 0.252
7010.000 0.249
7015.000 0.245
7020.000 0.239
7025.000 0.245
7030.000 0.244
7035.000 0.242
7040.000 0.238
7045.000 0.239
7050.000 0.248
7055.000 0.239
7060.000 0.242
7065.000 0.246
7070.000 0.242
7075.000 0.243
7080.000 0.246
7085.000 0.246
7090.000 0.245
7095.000 0.247
7100.000 0.244
7105.000 0.245
7110.000 0.246
7115.000 0.247
7120.000 0.245
7125.000 0.247
7130.000 0.248
7135.000 0.248
7140.000 0.250
7145.000 0.250
7150.000 0.250
7155.000 0.250
7160.000 0.251
7165.000 0.252
7170.000 0.253
7175.000 0.253
7180.000 0.257
7185.000 0.257
7190.000 0.260
7195.000 0.262
7200.000 0.265
7205.000 0.267
7210.000 0.268
7215.000 0.269
7220.000 0.273
7225.000 0.278
7230.000 0.282
7235.000 0.285
7240.000 0.288
7245.000 0.296
7250.000 0.301
7255.000 0.306
7260.000 0.313
7265.000 0.319
7270.000 0.326
7275.000 0.335
7280.000 0.345
7285.000 0.354
7290.000 0.367
7295.000 0.381
7300.000 0.395
7305.000 0.415
7310.000 0.438
7315.000 0.464
7320.000 0.489
7325.000 0.517
7330.000 0.531
7335.000 0.549
7340.000 0.580
7345.000 0.609
7350.000 0.646
7355.000 0.693
7360.000 0.771
7365.000 0.812
7370.000 0.867
7375.000 0.914
7380.000 0.960
7385.000 1.025
7390.000 1.057
7395.000 1.134
7400.000 1.239
7405.000 1.373
7410.000 1.535
7415.000 1.744
7420.000 2.015
7425.000 2.389
7430.000 2.887
7435.000 3.592
7440.000 4.570
7445.000 5.937
7450.000 7.814
7455.000 8.972
7460.000 11.697
7465.000 14.395
7470.000 15.791
7475.000 14.044
7480.000 10.049
7485.000 7.209
7490.000 5.015
7495.000 3.918
7500.000 3.385
7505.000 2.771
7510.000 2.559
7515.000 2.252
7520.000 2.021
7525.000 1.854
7530.000 1.739
7535.000 1.639
7540.000 1.554
7545.000 1.473
7550.000 1.405
7555.000 1.337
7560.000 1.262
7565.000 1.190
7570.000 1.157
7575.000 1.096
7580.000 1.049
7585.000 1.006
7590.000 0.962
7595.000 0.928
7600.000 0.899
7605.000 0.872
7610.000 0.850
7615.000 0.822
7620.000 0.799
7625.000 0.778
7630.000 0.757
7635.000 0.748
7640.000 0.734
7645.000 0.719
7650.000 0.703
7655.000 0.687
7660.000 0.675
7665.000 0.664
7670.000 0.654
7675.000 0.664
7680.000 0.662
7685.000 0.660
7690.000 0.653
7695.000 0.644
7700.000 0.626
7705.000 0.609
7710.000 0.598
7715.000 0.588
7720.000 0.577
7725.000 0.569
7730.000 0.562
7735.000 0.553
7740.000 0.546
7745.000 0.541
7750.000 0.539
7755.000 0.535
7760.000 0.527
7765.000 0.519
7770.000 0.518
7775.000 0.514
7780.000 0.511
7785.000 0.505
7790.000 0.502
7795.000 0.498
7800.000 0.493
7805.000 0.489
7810.000 0.483
7815.000 0.483
7820.000 0.480
7825.000 0.477
7830.000 0.472
7835.000 0.470
7840.000 0.465
7845.000 0.461
7850.000 0.456
7855.000 0.454
7860.000 0.451
7865.000 0.447
7870.000 0.443
7875.000 0.442
7880.000 0.440
7885.000 0.446
7890.000 0.439
7895.000 0.433
7900.000 0.428
7905.000 0.425
7910.000 0.419
7915.000 0.413
7920.000 0.408
7925.000 0.405
7930.000 0.401
7935.000 0.395
7940.000 0.394
7945.000 0.387
7950.000 0.386
7955.000 0.375
7960.000 0.374
7965.000 0.367
7970.000 0.356
7975.000 0.355
7980.000 0.344
7985.000 0.331
7990.000 0.323
7995.000 0.317
8000.000 0.311
8005.000 0.291
8010.000 0.284
8015.000 0.260
8020.000 0.254
8025.000 0.226
8030.000 0.208
8035.000 0.182
8040.000 0.157
8045.000 0.143
8050.000 0.163
8055.000 0.205
8060.000 0.364
8065.000 0.783
8070.000 2.355
8075.000 5.837
8080.000 10.695
8085.000 12.958
8090.000 2.935
8095.000 4.048
8100.000 2.213
8105.000 1.644
8110.000 1.380
8115.000 1.125
8120.000 1.061
8125.000 0.962
8130.000 0.869
8135.000 0.810
8140.000 0.766
8145.000 0.728
8150.000 0.703
8155.000 0.678
8160.000 0.661
8165.000 0.642
8170.000 0.631
8175.000 0.622
8180.000 0.615
8185.000 0.609
8190.000 0.601
8195.000 0.596
8200.000 0.591
8205.000 0.588
8210.000 0.585
8215.000 0.583
8220.000 0.582
8225.000 0.577
8230.000 0.576
8235.000 0.573
8240.000 0.574
8245.000 0.572
8250.000 0.572
8255.000 0.573
8260.000 0.572
8265.000 0.570
8270.000 0.570
8275.000 0.569
8280.000 0.570
8285.000 0.572
8290.000 0.573
8295.000 0.572
8300.000 0.570
8305.000 0.567
8310.000 0.572
8315.000 0.568
8320.000 0.571
8325.000 0.569
8330.000 0.569
8335.000 0.572
8340.000 0.572
8345.000 0.576
8350.000 0.575
8355.000 0.575
8360.000 0.581
8365.000 0.581
8370.000 0.578
8375.000 0.581
8380.000 0.585
8385.000 0.584
8390.000 0.588
8395.000 0.590
8400.000 0.593
8405.000 0.597
8410.000 0.600
8415.000 0.602
8420.000 0.608
8425.000 0.615
8430.000 0.618
8435.000 0.621
8440.000 0.624
8445.000 0.628
8450.000 0.636
8455.000 0.641
8460.000 0.649
8465.000 0.657
8470.000 0.669
8475.000 0.679
8480.000 0.684
8485.000 0.697
8490.000 0.710
8495.000 0.729
8500.000 0.741
8505.000 0.765
8510.000 0.791
8515.000 0.817
8520.000 0.851
8525.000 0.884
8530.000 0.933
8535.000 0.986
8540.000 1.065
8545.000 1.127
8550.000 1.340
8555.000 1.830
8560.000 3.146
8565.000 5.833
8570.000 6.994
8575.000 1.700
8580.000 0.705
8585.000 0.271
8590.000 0.544
8595.000 0.500
8600.000 0.487
8605.000 0.476
8610.000 0.489
8615.000 0.499
8620.000 0.516
8625.000 0.532
8630.000 0.550
8635.000 0.578
8640.000 0.606
8645.000 0.641
8650.000 0.681
8655.000 0.728
8660.000 0.760
8665.000 0.774
8670.000 0.772
8675.000 0.757
8680.000 0.745
8685.000 0.731
8690.000 0.711
8695.000 0.680
8700.000 0.645
8705.000 0.653
8710.000 0.617
8715.000 0.420
8720.000 0.284
8725.000 0.246
8730.000 0.227
8735.000 0.232
8740.000 0.262
8745.000 0.291
8750.000 0.309
8755.000 0.325
8760.000 0.340
8765.000 0.353
8770.000 0.366
8775.000 0.378
8780.000 0.390
8785.000 0.393
8790.000 0.402
8795.000 0.409
8800.000 0.418
8805.000 0.428
8810.000 0.439
8815.000 0.447
8820.000 0.436
8825.000 0.446
8830.000 0.477
8835.000 0.497
8840.000 0.485
8845.000 0.472
8850.000 0.474
8855.000 0.473
8860.000 0.478
8865.000 0.476
8870.000 0.481
8875.000 0.485
8880.000 0.492
8885.000 0.495
8890.000 0.502
8895.000 0.502
8900.000 0.506
8905.000 0.512
8910.000 0.514
8915.000 0.514
8920.000 0.516
8925.000 0.516
8930.000 0.517
8935.000 0.519
8940.000 0.518
8945.000 0.520
8950.000 0.518
8955.000 0.524
8960.000 0.521
8965.000 0.527
8970.000 0.521
8975.000 0.534
8980.000 0.532
8985.000 0.529
8990.000 0.538
8995.000 0.539
9000.000 0.542
9005.000 0.533
9010.000 0.533
9015.000 0.540
9020.000 0.535
9025.000 0.542
9030.000 0.548
9035.000 0.544
9040.000 0.550
9045.000 0.551
9050.000 0.545
9055.000 0.553
9060.000 0.548
9065.000 0.544
9070.000 0.548
9075.000 0.545
9080.000 0.550
9085.000 0.552
9090.000 0.556
9095.000 0.551
9100.000 0.556
9105.000 0.559
9110.000 0.554
9115.000 0.554
9120.000 0.554
9125.000 0.557
9130.000 0.560
9135.000 0.560
9140.000 0.562
9145.000 0.562
9150.000 0.568
9155.000 0.568
9160.000 0.569
9165.000 0.574
9170.000 0.571
9175.000 0.574
9180.000 0.574
9185.000 0.577
9190.000 0.578
9195.000 0.579
9200.000 0.584
9205.000 0.585
9210.000 0.587
9215.000 0.588
9220.000 0.593
9225.000 0.597
9230.000 0.596
9235.000 0.594
9240.000 0.595
9245.000 0.600
9250.000 0.601
9255.000 0.603
9260.000 0.607
9265.000 0.608
9270.000 0.610
9275.000 0.609
9280.000 0.619
9285.000 0.619
9290.000 0.618
9295.000 0.625
9300.000 0.628
9305.000 0.630
9310.000 0.634
9315.000 0.638
9320.000 0.639
9325.000 0.645
9330.000 0.650
9335.000 0.656
9340.000 0.657
9345.000 0.663
9350.000 0.669
9355.000 0.672
9360.000 0.680
9365.000 0.687
9370.000 0.702
9375.000 0.715
9380.000 0.717
9385.000 0.725
9390.000 0.729
9395.000 0.737
9400.000 0.744
9405.000 0.750
9410.000 0.758
9415.000 0.768
9420.000 0.783
9425.000 0.803
9430.000 0.821
9435.000 0.841
9440.000 0.864
9445.000 0.892
9450.000 0.922
9455.000 0.957
9460.000 0.981
9465.000 1.036
9470.000 1.097
9475.000 1.181
9480.000 1.307
9485.000 1.508
9490.000 1.896
9495.000 2.667
9500.000 4.142
9505.000 5.682
9510.000 4.216
9515.000 2.689
9520.000 3.492
9525.000 0.422
9530.000 0.365
9535.000 0.169
9540.000 0.125
9545.000 0.148
9550.000 0.188
9555.000 0.225
9560.000 0.253
9565.000 0.280
9570.000 0.311
9575.000 0.341
9580.000 0.356
9585.000 0.388
9590.000 0.414
9595.000 0.438
9600.000 0.458
9605.000 0.482
9610.000 0.492
9615.000 0.514
9620.000 0.530
9625.000 0.543
9630.000 0.555
9635.000 0.569
9640.000 0.577
9645.000 0.588
9650.000 0.595
9655.000 0.611
9660.000 0.623
9665.000 0.640
9670.000 0.649
9675.000 0.660
9680.000 0.678
9685.000 0.698
9690.000 0.711
9695.000 0.727
9700.000 0.742
9705.000 0.754
9710.000 0.775
9715.000 0.797
9720.000 0.814
9725.000 0.837
9730.000 0.865
9735.000 0.889
9740.000 0.922
9745.000 0.950
9750.000 0.983
9755.000 1.023
9760.000 1.045
9765.000 1.093
9770.000 1.145
9775.000 1.200
9780.000 1.268
9785.000 1.347
9790.000 1.445
9795.000 1.563
9800.000 1.699
9805.000 1.870
9810.000 2.111
9815.000 2.437
9820.000 2.644
9825.000 3.155
9830.000 3.834
9835.000 4.601
9840.000 5.248
9845.000 5.368
9850.000 4.723
9855.000 3.754
9860.000 2.859
9865.000 2.189
9870.000 1.711
9875.000 1.370
9880.000 1.126
9885.000 1.025
9890.000 0.840
9895.000 0.676
9900.000 0.527
9905.000 0.449
9910.000 0.413
9915.000 0.321
9920.000 0.265
9925.000 0.247
9930.000 0.229
9935.000 0.209
9940.000 0.187
9945.000 0.177
9950.000 0.158
9955.000 0.138
9960.000 0.123
9965.000 0.106
9970.000 0.101
9975.000 0.087
9980.000 0.076
9985.000 0.073
9990.000 0.064
9995.000 0.057
10000.000 0.056
10005.000 0.055
10010.000 0.052
10015.000 0.054
10020.000 0.050
10025.000 0.057
10030.000 0.056
10035.000 0.061
10040.000 0.062
10045.000 0.068
10050.000 0.073
10055.000 0.075
10060.000 0.078
10065.000 0.079
10070.000 0.080
10075.000 0.085
10080.000 0.088
10085.000 0.090
10090.000 0.093
10095.000 0.094
10100.000 0.094
10105.000 0.095
10110.000 0.097
10115.000 0.098
10120.000 0.099
10125.000 0.098
10130.000 0.099
10135.000 0.100
10140.000 0.097
10145.000 0.096
10150.000 0.095
10155.000 0.093
10160.000 0.087
10165.000 0.078
10170.000 0.069
10175.000 0.056
10180.000 0.036
10185.000 0.023
10190.000 0.042
10195.000 0.132
10200.000 0.424
10205.000 1.093
10210.000 0.153
10215.000 2.832
10220.000 1.058
10225.000 0.878
10230.000 0.541
10235.000 0.467
10240.000 0.396
10245.000 0.381
10250.000 0.346
10255.000 0.320
10260.000 0.303
10265.000 0.293
10270.000 0.286
10275.000 0.280
10280.000 0.275
10285.000 0.275
10290.000 0.274
10295.000 0.273
10300.000 0.269
10305.000 0.269
10310.000 0.269
10315.000 0.270
10320.000 0.270
10325.000 0.270
10330.000 0.267
10335.000 0.271
10340.000 0.271
10345.000 0.270
10350.000 0.270
10355.000 0.272
10360.000 0.270
10365.000 0.271
10370.000 0.272
10375.000 0.273
10380.000 0.274
10385.000 0.268
10390.000 0.281
10395.000 0.274
10400.000 0.277
10405.000 0.276
10410.000 0.274
10415.000 0.278
10420.000 0.277
10425.000 0.277
10430.000 0.279
10435.000 0.280
10440.000 0.279
10445.000 0.279
10450.000 0.280
10455.000 0.281
10460.000 0.281
10465.000 0.278
10470.000 0.283
10475.000 0.282
10480.000 0.281
10485.000 0.283
10490.000 0.283
10495.000 0.284
10500.000 0.285
10505.000 0.281
10510.000 0.284
10515.000 0.282
10520.000 0.282
10525.000 0.281
10530.000 0.284
10535.000 0.284
10540.000 0.282
10545.000 0.286
10550.000 0.286
10555.000 0.286
10560.000 0.288
10565.000 0.285
10570.000 0.282
10575.000 0.283
10580.000 0.282
10585.000 0.284
10590.000 0.286
10595.000 0.282
10600.000 0.279
10605.000 0.284
10610.000 0.285
10615.000 0.287
10620.000 0.284
10625.000 0.285
10630.000 0.280
10635.000 0.279
10640.000 0.281
10645.000 0.280
10650.000 0.280
10655.000 0.280
10660.000 0.283
10665.000 0.278
10670.000 0.280
10675.000 0.286
10680.000 0.279
10685.000 0.282
10690.000 0.280
10695.000 0.279
10700.000 0.278
10705.000 0.275
10710.000 0.277
10715.000 0.274
10720.000 0.275
10725.000 0.274
10730.000 0.272
10735.000 0.274
10740.000 0.270
10745.000 0.271
10750.000 0.273
10755.000 0.272
10760.000 0.268
10765.000 0.267
10770.000 0.266
10775.000 0.265
10780.000 0.263
10785.000 0.265
10790.000 0.267
10795.000 0.264
10800.000 0.268
10805.000 0.270
10810.000 0.268
10815.000 0.269
10820.000 0.266
10825.000 0.269
10830.000 0.270
10835.000 0.276
10840.000 0.283
10845.000 0.290
10850.000 0.299
10855.000 0.308
10860.000 0.325
10865.000 0.350
10870.000 0.381
10875.000 0.410
10880.000 0.403
10885.000 0.317
10890.000 0.168
10895.000 0.065
10900.000 0.081
10905.000 0.356
10910.000 0.706
10915.000 0.266
10920.000 0.199
10925.000 0.110
10930.000 0.093
10935.000 0.082
10940.000 0.076
10945.000 0.073
10950.000 0.083
10955.000 0.103
10960.000 0.129
10965.000 0.179
10970.000 0.248
10975.000 0.293
10980.000 0.413
10985.000 0.550
10990.000 0.722
10995.000 0.938
11000.000 1.197
11005.000 1.534
11010.000 1.895
11015.000 2.266
11020.000 2.535
11025.000 2.646
11030.000 2.542
11035.000 2.351
11040.000 2.237
11045.000 2.009
11050.000 1.827
11055.000 1.661
11060.000 1.545
11065.000 1.466
11070.000 1.413
11075.000 1.416
11080.000 1.462
11085.000 1.544
11090.000 1.598
11095.000 1.528
11100.000 1.437
11105.000 1.216
11110.000 1.046
11115.000 0.914
11120.000 0.838
11125.000 0.760
11130.000 0.705
11135.000 0.664
11140.000 0.635
11145.000 0.616
11150.000 0.601
11155.000 0.586
11160.000 0.569
11165.000 0.564
11170.000 0.553
11175.000 0.541
11180.000 0.531
11185.000 0.524
11190.000 0.515
11195.000 0.508
11200.000 0.501
11205.000 0.491
11210.000 0.489
11215.000 0.480
11220.000 0.478
11225.000 0.473
11230.000 0.469
11235.000 0.465
11240.000 0.460
11245.000 0.456
11250.000 0.454
11255.000 0.453
11260.000 0.452
11265.000 0.446
11270.000 0.441
11275.000 0.438
11280.000 0.438
11285.000 0.436
11290.000 0.434
11295.000 0.426
11300.000 0.427
11305.000 0.425
11310.000 0.424
11315.000 0.416
11320.000 0.418
11325.000 0.417
11330.000 0.412
11335.000 0.412
11340.000 0.406
11345.000 0.408
11350.000 0.409
11355.000 0.405
11360.000 0.406
11365.000 0.406
11370.000 0.400
11375.000 0.397
11380.000 0.393
11385.000 0.393
11390.000 0.395
11395.000 0.388
11400.000 0.391
11405.000 0.390
11410.000 0.389
11415.000 0.386
11420.000 0.386
11425.000 0.385
11430.000 0.382
11435.000 0.382
11440.000 0.378
11445.000 0.374
11450.000 0.375
11455.000 0.375
11460.000 0.372
11465.000 0.370
11470.000 0.373
11475.000 0.373
11480.000 0.370
11485.000 0.370
11490.000 0.367
11495.000 0.366
11500.000 0.361
11505.000 0.365
11510.000 0.361
11515.000 0.361
11520.000 0.357
11525.000 0.356
11530.000 0.356
11535.000 0.354
11540.000 0.351
11545.000 0.349
11550.000 0.345
11555.000 0.348
11560.000 0.346
11565.000 0.342
11570.000 0.341
11575.000 0.339
11580.000 0.337
11585.000 0.337
11590.000 0.331
11595.000 0.335
11600.000 0.330
11605.000 0.327
11610.000 0.325
11615.000 0.324
11620.000 0.319
11625.000 0.319
11630.000 0.320
11635.000 0.312
11640.000 0.306
11645.000 0.305
11650.000 0.304
11655.000 0.296
11660.000 0.295
11665.000 0.291
11670.000 0.283
11675.000 0.276
11680.000 0.271
11685.000 0.264
11690.000 0.259
11695.000 0.246
11700.000 0.233
11705.000 0.227
11710.000 0.208
11715.000 0.192
11720.000 0.175
11725.000 0.158
11730.000 0.159
11735.000 0.201
11740.000 0.399
11745.000 0.998
11750.000 2.137
11755.000 3.608
11760.000 3.802
11765.000 1.789
11770.000 1.134
11775.000 1.026
11780.000 0.895
11785.000 0.796
11790.000 0.718
11795.000 0.622
11800.000 0.566
11805.000 0.516
11810.000 0.483
11815.000 0.458
11820.000 0.444
11825.000 0.434
11830.000 0.429
11835.000 0.424
11840.000 0.412
11845.000 0.405
11850.000 0.400
11855.000 0.396
11860.000 0.391
11865.000 0.384
11870.000 0.382
11875.000 0.376
11880.000 0.371
11885.000 0.370
11890.000 0.368
11895.000 0.366
11900.000 0.365
11905.000 0.358
11910.000 0.357
11915.000 0.350
11920.000 0.348
11925.000 0.342
11930.000 0.344
11935.000 0.336
11940.000 0.335
11945.000 0.332
11950.000 0.328
11955.000 0.326
11960.000 0.327
11965.000 0.322
11970.000 0.317
11975.000 0.312
11980.000 0.315
11985.000 0.323
11990.000 0.311
11995.000 0.306
12000.000 0.306
