105.000 0.058
110.000 0.086
115.000 2.532
120.000 2.922
125.000 3.198
130.000 3.489
135.000 3.528
140.000 3.697
145.000 3.666
150.000 3.770
155.000 3.716
160.000 3.608
165.000 3.506
170.000 3.555
175.000 3.494
180.000 3.325
185.000 3.444
190.000 3.501
195.000 3.388
200.000 3.434
205.000 3.498
210.000 3.512
215.000 3.591
220.000 3.703
225.000 3.720
230.000 3.788
235.000 3.894
240.000 3.953
245.000 3.923
250.000 4.006
255.000 4.050
260.000 4.172
265.000 4.168
270.000 4.174
275.000 4.234
280.000 4.223
285.000 4.208
290.000 4.203
295.000 4.220
300.000 4.217
305.000 4.174
310.000 4.206
315.000 4.277
320.000 4.318
325.000 4.458
330.000 4.612
335.000 4.754
340.000 4.832
345.000 5.015
350.000 5.267
355.000 5.454
360.000 5.733
365.000 6.006
370.000 6.273
375.000 6.645
380.000 7.029
385.000 7.349
390.000 7.705
395.000 8.001
400.000 8.319
405.000 8.419
410.000 8.510
415.000 8.589
420.000 8.402
425.000 8.109
430.000 7.589
435.000 6.934
440.000 6.110
445.000 5.302
450.000 4.554
455.000 3.914
460.000 3.631
465.000 3.156
470.000 2.811
475.000 2.539
480.000 2.309
485.000 2.139
490.000 2.007
495.000 1.903
500.000 1.787
505.000 1.696
510.000 1.592
515.000 1.528
520.000 1.480
525.000 1.391
530.000 1.337
535.000 1.274
540.000 1.219
545.000 1.162
550.000 1.106
555.000 1.054
560.000 0.995
565.000 0.948
570.000 0.905
575.000 0.849
580.000 0.801
585.000 0.796
590.000 0.762
595.000 0.739
600.000 0.702
605.000 0.679
610.000 0.656
615.000 0.627
620.000 0.612
625.000 0.593
630.000 0.582
635.000 0.565
640.000 0.557
645.000 0.534
650.000 0.525
655.000 0.517
660.000 0.506
665.000 0.495
670.000 0.487
675.000 0.473
680.000 0.467
685.000 0.452
690.000 0.453
695.000 0.444
700.000 0.435
705.000 0.429
710.000 0.450
715.000 0.597
720.000 0.544
725.000 0.500
730.000 0.451
735.000 0.426
740.000 0.408
745.000 0.387
750.000 0.381
755.000 0.387
760.000 0.377
765.000 0.367
770.000 0.369
775.000 0.367
780.000 0.368
785.000 0.366
790.000 0.371
795.000 0.368
800.000 0.362
805.000 0.358
810.000 0.355
815.000 0.355
820.000 0.351
825.000 0.347
830.000 0.340
835.000 0.341
840.000 0.339
845.000 0.343
850.000 0.338
855.000 0.341
860.000 0.331
865.000 0.335
870.000 0.333
875.000 0.333
880.000 0.331
885.000 0.324
890.000 0.325
895.000 0.329
900.000 0.326
905.000 0.328
910.000 0.324
915.000 0.326
920.000 0.321
925.000 0.325
930.000 0.327
935.000 0.324
940.000 0.316
945.000 0.318
950.000 0.319
955.000 0.557
960.000 0.488
965.000 0.442
970.000 0.405
975.000 0.364
980.000 0.340
985.000 0.339
990.000 0.320
995.000 0.321
1000.000 0.327
1005.000 0.309
1010.000 0.314
1015.000 0.330
1020.000 0.314
1025.000 0.344
1030.000 0.364
1035.000 0.327
1040.000 0.334
1045.000 0.326
1050.000 0.319
1055.000 0.319
1060.000 0.311
1065.000 0.318
1070.000 0.317
1075.000 0.317
1080.000 0.322
1085.000 0.315
1090.000 0.320
1095.000 0.319
1100.000 0.319
1105.000 0.312
1110.000 0.322
1115.000 0.317
1120.000 0.318
1125.000 0.316
1130.000 0.322
1135.000 0.322
1140.000 0.323
1145.000 0.325
1150.000 0.317
1155.000 0.317
1160.000 0.324
1165.000 0.316
1170.000 0.503
1175.000 0.531
1180.000 0.465
1185.000 0.411
1190.000 0.373
1195.000 0.357
1200.000 0.337
1205.000 0.332
1210.000 0.331
1215.000 0.325
1220.000 0.328
1225.000 0.330
1230.000 0.331
1235.000 0.324
1240.000 0.329
1245.000 0.328
1250.000 0.332
1255.000 0.334
1260.000 0.332
1265.000 0.333
1270.000 0.334
1275.000 0.337
1280.000 0.338
1285.000 0.335
1290.000 0.340
1295.000 0.341
1300.000 0.338
1305.000 0.340
1310.000 0.344
1315.000 0.337
1320.000 0.336
1325.000 0.340
1330.000 0.343
1335.000 0.346
1340.000 0.344
1345.000 0.339
1350.000 0.348
1355.000 0.348
1360.000 0.345
1365.000 0.351
1370.000 0.355
1375.000 0.350
1380.000 0.348
1385.000 0.345
1390.000 0.347
1395.000 0.346
1400.000 0.345
1405.000 0.348
1410.000 0.342
1415.000 0.344
1420.000 0.346
1425.000 0.346
1430.000 0.344
1435.000 0.336
1440.000 0.346
1445.000 0.347
1450.000 0.346
1455.000 0.347
1460.000 0.352
1465.000 0.353
1470.000 0.359
1475.000 0.368
1480.000 0.368
1485.000 0.373
1490.000 0.377
1495.000 0.383
1500.000 0.385
1505.000 0.389
1510.000 0.394
1515.000 0.399
1520.000 0.403
1525.000 0.405
1530.000 0.409
1535.000 0.414
1540.000 0.411
1545.000 0.418
1550.000 0.424
1555.000 0.424
1560.000 0.425
1565.000 0.435
1570.000 0.439
1575.000 0.441
1580.000 0.448
1585.000 0.452
1590.000 0.454
1595.000 0.459
1600.000 0.461
1605.000 0.471
1610.000 0.477
1615.000 0.480
1620.000 0.490
1625.000 0.489
1630.000 0.504
1635.000 0.509
1640.000 0.511
1645.000 0.522
1650.000 0.526
1655.000 0.536
1660.000 0.547
1665.000 0.550
1670.000 0.560
1675.000 0.570
1680.000 0.580
1685.000 0.592
1690.000 0.600
1695.000 0.607
1700.000 0.614
1705.000 0.625
1710.000 0.635
1715.000 0.651
1720.000 0.658
1725.000 0.672
1730.000 0.688
1735.000 0.689
1740.000 0.710
1745.000 0.717
1750.000 0.735
1755.000 0.743
1760.000 0.760
1765.000 0.771
1770.000 0.789
1775.000 0.801
1780.000 0.809
1785.000 0.825
1790.000 0.831
1795.000 0.849
1800.000 0.865
1805.000 0.873
1810.000 0.891
1815.000 0.900
1820.000 0.908
1825.000 0.917
1830.000 0.929
1835.000 0.935
1840.000 0.948
1845.000 0.961
1850.000 0.963
1855.000 0.967
1860.000 0.970
1865.000 0.976
1870.000 0.980
1875.000 0.980
1880.000 0.978
1885.000 0.978
1890.000 0.982
1895.000 0.985
1900.000 0.975
1905.000 0.972
1910.000 1.016
1915.000 0.968
1920.000 0.956
1925.000 0.951
1930.000 0.945
1935.000 0.939
1940.000 0.941
1945.000 0.930
1950.000 0.920
1955.000 0.915
1960.000 0.904
1965.000 0.904
1970.000 0.904
1975.000 0.894
1980.000 0.890
1985.000 0.870
1990.000 0.881
1995.000 0.869
2000.000 0.862
2005.000 0.850
2010.000 0.853
2015.000 0.840
2020.000 0.846
2025.000 0.822
2030.000 0.838
2035.000 0.815
2040.000 0.819
2045.000 0.805
2050.000 0.803
2055.000 0.796
2060.000 0.796
2065.000 0.789
2070.000 0.791
2075.000 0.789
2080.000 0.786
2085.000 0.812
2090.000 0.783
2095.000 0.777
2100.000 0.769
2105.000 0.771
2110.000 0.769
2115.000 0.770
2120.000 0.768
2125.000 0.773
2130.000 0.771
2135.000 0.774
2140.000 0.780
2145.000 0.782
2150.000 0.785
2155.000 0.784
2160.000 0.788
2165.000 0.799
2170.000 0.806
2175.000 0.813
2180.000 0.812
2185.000 0.823
2190.000 0.826
2195.000 0.837
2200.000 0.849
2205.000 0.863
2210.000 0.878
2215.000 0.895
2220.000 0.908
2225.000 0.925
2230.000 0.947
2235.000 0.973
2240.000 1.003
2245.000 1.019
2250.000 1.060
2255.000 1.108
2260.000 1.159
2265.000 1.227
2270.000 1.308
2275.000 1.410
2280.000 1.552
2285.000 1.728
2290.000 2.001
2295.000 2.420
2300.000 3.080
2305.000 3.496
2310.000 4.399
2315.000 5.160
2320.000 14.654
2325.000 17.097
2330.000 6.393
2335.000 3.415
2340.000 2.117
2345.000 1.434
2350.000 1.023
2355.000 0.765
2360.000 0.578
2365.000 0.448
2370.000 0.404
2375.000 0.316
2380.000 0.267
2385.000 0.221
2390.000 0.181
2395.000 0.144
2400.000 0.125
2405.000 0.109
2410.000 0.096
2415.000 0.088
2420.000 0.081
2425.000 0.085
2430.000 0.080
2435.000 0.080
2440.000 0.081
2445.000 0.084
2450.000 0.085
2455.000 0.092
2460.000 0.093
2465.000 0.097
2470.000 0.102
2475.000 0.106
2480.000 0.108
2485.000 0.110
2490.000 0.114
2495.000 0.116
2500.000 0.121
2505.000 0.121
2510.000 0.124
2515.000 0.127
2520.000 0.129
2525.000 0.133
2530.000 0.134
2535.000 0.137
2540.000 0.138
2545.000 0.140
2550.000 0.140
2555.000 0.143
2560.000 0.143
2565.000 0.148
2570.000 0.146
2575.000 0.149
2580.000 0.147
2585.000 0.152
2590.000 0.153
2595.000 0.157
2600.000 0.154
2605.000 0.157
2610.000 0.157
2615.000 0.159
2620.000 0.159
2625.000 0.162
2630.000 0.159
2635.000 0.161
2640.000 0.162
2645.000 0.164
2650.000 0.166
2655.000 0.165
2660.000 0.166
2665.000 0.168
2670.000 0.167
2675.000 0.169
2680.000 0.168
2685.000 0.171
2690.000 0.171
2695.000 0.170
2700.000 0.172
2705.000 0.172
2710.000 0.172
2715.000 0.172
2720.000 0.172
2725.000 0.176
2730.000 0.172
2735.000 0.174
2740.000 0.173
2745.000 0.176
2750.000 0.176
2755.000 0.176
2760.000 0.175
2765.000 0.176
2770.000 0.176
2775.000 0.177
2780.000 0.178
2785.000 0.177
2790.000 0.178
2795.000 0.178
2800.000 0.181
2805.000 0.181
2810.000 0.183
2815.000 0.182
2820.000 0.184
2825.000 0.186
2830.000 0.187
2835.000 0.189
2840.000 0.189
2845.000 0.190
2850.000 0.192
2855.000 0.193
2860.000 0.196
2865.000 0.196
2870.000 0.199
2875.000 0.201
2880.000 0.203
2885.000 0.204
2890.000 0.207
2895.000 0.209
2900.000 0.213
2905.000 0.214
2910.000 0.215
2915.000 0.219
2920.000 0.219
2925.000 0.224
2930.000 0.225
2935.000 0.230
2940.000 0.227
2945.000 0.232
2950.000 0.236
2955.000 0.243
2960.000 0.246
2965.000 0.245
2970.000 0.244
2975.000 0.240
2980.000 0.244
2985.000 0.252
2990.000 0.251
2995.000 0.252
3000.000 0.255
3005.000 0.258
3010.000 0.261
3015.000 0.258
3020.000 0.273
3025.000 0.273
3030.000 0.269
3035.000 0.277
3040.000 0.267
3045.000 0.272
3050.000 0.280
3055.000 0.279
3060.000 0.281
3065.000 0.279
3070.000 0.283
3075.000 0.283
3080.000 0.285
3085.000 0.286
3090.000 0.286
3095.000 0.285
3100.000 0.288
3105.000 0.287
3110.000 0.290
3115.000 0.291
3120.000 0.293
3125.000 0.294
3130.000 0.295
3135.000 0.295
3140.000 0.297
3145.000 0.297
3150.000 0.301
3155.000 0.300
3160.000 0.300
3165.000 0.304
3170.000 0.303
3175.000 0.304
3180.000 0.306
3185.000 0.308
3190.000 0.309
3195.000 0.311
3200.000 0.312
3205.000 0.312
3210.000 0.313
3215.000 0.315
3220.000 0.315
3225.000 0.315
3230.000 0.318
3235.000 0.320
3240.000 0.320
3245.000 0.320
3250.000 0.324
3255.000 0.323
3260.000 0.324
3265.000 0.327
3270.000 0.329
3275.000 0.329
3280.000 0.331
3285.000 0.330
3290.000 0.335
3295.000 0.334
3300.000 0.337
3305.000 0.338
3310.000 0.339
3315.000 0.342
3320.000 0.342
3325.000 0.346
3330.000 0.347
3335.000 0.349
3340.000 0.350
3345.000 0.349
3350.000 0.355
3355.000 0.358
3360.000 0.358
3365.000 0.361
3370.000 0.363
3375.000 0.365
3380.000 0.368
3385.000 0.369
3390.000 0.375
3395.000 0.373
3400.000 0.382
3405.000 0.383
3410.000 0.385
3415.000 0.391
3420.000 0.390
3425.000 0.392
3430.000 0.398
3435.000 0.402
3440.000 0.408
3445.000 0.410
3450.000 0.416
3455.000 0.417
3460.000 0.421
3465.000 0.427
3470.000 0.432
3475.000 0.433
3480.000 0.441
3485.000 0.449
3490.000 0.455
3495.000 0.463
3500.000 0.472
3505.000 0.479
3510.000 0.486
3515.000 0.496
3520.000 0.499
3525.000 0.512
3530.000 0.524
3535.000 0.538
3540.000 0.552
3545.000 0.566
3550.000 0.587
3555.000 0.604
3560.000 0.629
3565.000 0.645
3570.000 0.665
3575.000 0.688
3580.000 0.705
3585.000 0.718
3590.000 0.745
3595.000 0.774
3600.000 0.805
3605.000 0.842
3610.000 0.883
3615.000 0.925
3620.000 0.977
3625.000 1.031
3630.000 1.097
3635.000 1.183
3640.000 1.221
3645.000 1.318
3650.000 1.436
3655.000 1.591
3660.000 1.798
3665.000 2.077
3670.000 2.481
3675.000 3.078
3680.000 4.011
3685.000 5.473
3690.000 7.736
3695.000 11.111
3700.000 15.907
3705.000 18.610
3710.000 21.667
3715.000 15.185
3720.000 15.011
3725.000 9.722
3730.000 6.304
3735.000 4.455
3740.000 3.343
3745.000 2.635
3750.000 2.164
3755.000 1.823
3760.000 1.572
3765.000 1.468
3770.000 1.291
3775.000 1.145
3780.000 1.034
3785.000 0.939
3790.000 0.859
3795.000 0.796
3800.000 0.742
3805.000 0.698
3810.000 0.658
3815.000 0.627
3820.000 0.600
3825.000 0.576
3830.000 0.563
3835.000 0.540
3840.000 0.523
3845.000 0.504
3850.000 0.492
3855.000 0.477
3860.000 0.466
3865.000 0.455
3870.000 0.443
3875.000 0.432
3880.000 0.423
3885.000 0.417
3890.000 0.410
3895.000 0.405
3900.000 0.398
3905.000 0.388
3910.000 0.385
3915.000 0.381
3920.000 0.373
3925.000 0.370
3930.000 0.365
3935.000 0.360
3940.000 0.357
3945.000 0.355
3950.000 0.357
3955.000 0.345
3960.000 0.347
3965.000 0.343
3970.000 0.336
3975.000 0.332
3980.000 0.332
3985.000 0.333
3990.000 0.324
3995.000 0.324
4000.000 0.330
4005.000 0.320
4010.000 0.319
4015.000 0.321
4020.000 0.325
4025.000 0.326
4030.000 0.323
4035.000 0.313
4040.000 0.313
4045.000 0.312
4050.000 0.320
4055.000 0.314
4060.000 0.316
4065.000 0.311
4070.000 0.315
4075.000 0.314
4080.000 0.313
4085.000 0.313
4090.000 0.310
4095.000 0.313
4100.000 0.309
4105.000 0.311
4110.000 0.309
4115.000 0.309
4120.000 0.307
4125.000 0.304
4130.000 0.305
4135.000 0.305
4140.000 0.304
4145.000 0.303
4150.000 0.303
4155.000 0.301
4160.000 0.300
4165.000 0.298
4170.000 0.297
4175.000 0.301
4180.000 0.303
4185.000 0.306
4190.000 0.303
4195.000 0.303
4200.000 0.299
4205.000 0.294
4210.000 0.289
4215.000 0.285
4220.000 0.282
4225.000 0.281
4230.000 0.277
4235.000 0.275
4240.000 0.273
4245.000 0.274
4250.000 0.273
4255.000 0.270
4260.000 0.271
4265.000 0.271
4270.000 0.272
4275.000 0.270
4280.000 0.271
4285.000 0.269
4290.000 0.270
4295.000 0.271
4300.000 0.272
4305.000 0.272
4310.000 0.272
4315.000 0.270
4320.000 0.271
4325.000 0.273
4330.000 0.272
4335.000 0.274
4340.000 0.273
4345.000 0.276
4350.000 0.274
4355.000 0.275
4360.000 0.277
4365.000 0.274
4370.000 0.277
4375.000 0.277
4380.000 0.276
4385.000 0.278
4390.000 0.278
4395.000 0.282
4400.000 0.281
4405.000 0.282
4410.000 0.283
4415.000 0.283
4420.000 0.288
4425.000 0.286
4430.000 0.286
4435.000 0.286
4440.000 0.289
4445.000 0.290
4450.000 0.290
4455.000 0.293
4460.000 0.292
4465.000 0.292
4470.000 0.293
4475.000 0.296
4480.000 0.298
4485.000 0.297
4490.000 0.299
4495.000 0.299
4500.000 0.300
4505.000 0.302
4510.000 0.307
4515.000 0.306
4520.000 0.306
4525.000 0.309
4530.000 0.309
4535.000 0.312
4540.000 0.313
4545.000 0.316
4550.000 0.315
4555.000 0.319
4560.000 0.318
4565.000 0.323
4570.000 0.321
4575.000 0.327
4580.000 0.328
4585.000 0.330
4590.000 0.332
4595.000 0.335
4600.000 0.335
4605.000 0.339
4610.000 0.340
4615.000 0.345
4620.000 0.346
4625.000 0.349
4630.000 0.351
4635.000 0.357
4640.000 0.360
4645.000 0.363
4650.000 0.367
4655.000 0.372
4660.000 0.375
4665.000 0.383
4670.000 0.386
4675.000 0.392
4680.000 0.397
4685.000 0.402
4690.000 0.406
4695.000 0.409
4700.000 0.413
4705.000 0.413
4710.000 0.420
4715.000 0.426
4720.000 0.426
4725.000 0.432
4730.000 0.437
4735.000 0.443
4740.000 0.447
4745.000 0.451
4750.000 0.456
4755.000 0.464
4760.000 0.466
4765.000 0.476
4770.000 0.483
4775.000 0.490
4780.000 0.502
4785.000 0.506
4790.000 0.514
4795.000 0.523
4800.000 0.526
4805.000 0.543
4810.000 0.554
4815.000 0.567
4820.000 0.576
4825.000 0.586
4830.000 0.600
4835.000 0.612
4840.000 0.628
4845.000 0.645
4850.000 0.663
4855.000 0.682
4860.000 0.705
4865.000 0.715
4870.000 0.739
4875.000 0.769
4880.000 0.799
4885.000 0.835
4890.000 0.871
4895.000 0.921
4900.000 0.976
4905.000 1.048
4910.000 1.107
4915.000 1.188
4920.000 1.219
4925.000 1.285
4930.000 1.374
4935.000 1.489
4940.000 1.631
4945.000 1.821
4950.000 2.073
4955.000 2.440
4960.000 2.972
4965.000 3.800
4970.000 5.188
4975.000 7.584
4980.000 9.333
4985.000 13.867
4990.000 14.763
4995.000 5.342
5000.000 14.320
5005.000 20.561
5010.000 22.931
5015.000 13.716
5020.000 8.661
5025.000 6.191
5030.000 4.547
5035.000 3.582
5040.000 2.944
5045.000 2.684
5050.000 2.301
5055.000 2.020
5060.000 1.796
5065.000 1.617
5070.000 1.471
5075.000 1.351
5080.000 1.249
5085.000 1.166
5090.000 1.098
5095.000 1.037
5100.000 0.986
5105.000 0.964
5110.000 0.923
5115.000 0.886
5120.000 0.857
5125.000 0.825
5130.000 0.804
5135.000 0.784
5140.000 0.766
5145.000 0.746
5150.000 0.731
5155.000 0.717
5160.000 0.708
5165.000 0.697
5170.000 0.685
5175.000 0.673
5180.000 0.663
5185.000 0.655
5190.000 0.647
5195.000 0.638
5200.000 0.631
5205.000 0.624
5210.000 0.619
5215.000 0.610
5220.000 0.603
5225.000 0.597
5230.000 0.591
5235.000 0.584
5240.000 0.581
5245.000 0.576
5250.000 0.569
5255.000 0.567
5260.000 0.558
5265.000 0.555
5270.000 0.550
5275.000 0.547
5280.000 0.542
5285.000 0.540
5290.000 0.533
5295.000 0.531
5300.000 0.525
5305.000 0.521
5310.000 0.517
5315.000 0.511
5320.000 0.508
5325.000 0.500
5330.000 0.499
5335.000 0.497
5340.000 0.490
5345.000 0.486
5350.000 0.484
5355.000 0.479
5360.000 0.474
5365.000 0.470
5370.000 0.465
5375.000 0.459
5380.000 0.456
5385.000 0.452
5390.000 0.450
5395.000 0.443
5400.000 0.442
5405.000 0.439
5410.000 0.435
5415.000 0.431
5420.000 0.427
5425.000 0.423
5430.000 0.420
5435.000 0.413
5440.000 0.410
5445.000 0.407
5450.000 0.405
5455.000 0.399
5460.000 0.398
5465.000 0.395
5470.000 0.394
5475.000 0.392
5480.000 0.387
5485.000 0.382
5490.000 0.379
5495.000 0.375
5500.000 0.373
5505.000 0.369
5510.000 0.368
5515.000 0.364
5520.000 0.362
5525.000 0.368
5530.000 0.366
5535.000 0.359
5540.000 0.354
5545.000 0.350
5550.000 0.350
5555.000 0.346
5560.000 0.343
5565.000 0.341
5570.000 0.341
5575.000 0.336
5580.000 0.334
5585.000 0.330
5590.000 0.329
5595.000 0.329
5600.000 0.326
5605.000 0.325
5610.000 0.324
5615.000 0.322
5620.000 0.321
5625.000 0.319
5630.000 0.316
5635.000 0.314
5640.000 0.313
5645.000 0.309
5650.000 0.311
5655.000 0.309
5660.000 0.308
5665.000 0.307
5670.000 0.306
5675.000 0.304
5680.000 0.304
5685.000 0.302
5690.000 0.300
5695.000 0.299
5700.000 0.299
5705.000 0.298
5710.000 0.296
5715.000 0.294
5720.000 0.295
5725.000 0.294
5730.000 0.293
5735.000 0.292
5740.000 0.291
5745.000 0.291
5750.000 0.288
5755.000 0.290
5760.000 0.286
5765.000 0.286
5770.000 0.288
5775.000 0.285
5780.000 0.287
5785.000 0.283
5790.000 0.282
5795.000 0.284
5800.000 0.280
5805.000 0.282
5810.000 0.279
5815.000 0.278
5820.000 0.279
5825.000 0.277
5830.000 0.277
5835.000 0.275
5840.000 0.276
5845.000 0.275
5850.000 0.273
5855.000 0.273
5860.000 0.272
5865.000 0.272
5870.000 0.271
5875.000 0.269
5880.000 0.270
5885.000 0.269
5890.000 0.267
5895.000 0.268
5900.000 0.268
5905.000 0.266
5910.000 0.264
5915.000 0.262
5920.000 0.260
5925.000 0.259
5930.000 0.258
5935.000 0.257
5940.000 0.254
5945.000 0.254
5950.000 0.249
5955.000 0.252
5960.000 0.245
5965.000 0.247
5970.000 0.251
5975.000 0.245
5980.000 0.243
5985.000 0.245
5990.000 0.241
5995.000 0.239
6000.000 0.240
6005.000 0.235
6010.000 0.233
6015.000 0.235
6020.000 0.226
6025.000 0.228
6030.000 0.222
6035.000 0.221
6040.000 0.216
6045.000 0.213
6050.000 0.216
6055.000 0.212
6060.000 0.212
6065.000 0.204
6070.000 0.207
6075.000 0.204
6080.000 0.202
6085.000 0.201
6090.000 0.197
6095.000 0.197
6100.000 0.195
6105.000 0.195
6110.000 0.194
6115.000 0.194
6120.000 0.195
6125.000 0.195
6130.000 0.197
6135.000 0.199
6140.000 0.203
6145.000 0.206
6150.000 0.215
6155.000 0.224
6160.000 0.235
6165.000 0.251
6170.000 0.269
6175.000 0.297
6180.000 0.327
6185.000 0.373
6190.000 0.434
6195.000 0.474
6200.000 0.589
6205.000 0.765
6210.000 1.001
6215.000 1.307
6220.000 1.764
6225.000 2.438
6230.000 3.405
6235.000 4.791
6240.000 6.704
6245.000 9.088
6250.000 11.069
6255.000 10.213
6260.000 8.253
6265.000 6.617
6270.000 4.375
6275.000 3.626
6280.000 2.774
6285.000 2.119
6290.000 1.616
6295.000 1.236
6300.000 0.937
6305.000 0.689
6310.000 0.490
6315.000 0.329
6320.000 0.260
6325.000 0.153
6330.000 0.071
6335.000 0.009
6340.000 0.041
6345.000 0.078
6350.000 0.109
6355.000 0.132
6360.000 0.154
6365.000 0.168
6370.000 0.181
6375.000 0.192
6380.000 0.198
6385.000 0.205
6390.000 0.213
6395.000 0.219
6400.000 0.225
6405.000 0.229
6410.000 0.236
6415.000 0.239
6420.000 0.241
6425.000 0.243
6430.000 0.245
6435.000 0.248
6440.000 0.248
6445.000 0.251
6450.000 0.254
6455.000 0.254
6460.000 0.258
6465.000 0.258
6470.000 0.260
6475.000 0.263
6480.000 0.265
6485.000 0.266
6490.000 0.267
6495.000 0.270
6500.000 0.272
6505.000 0.275
6510.000 0.277
6515.000 0.280
6520.000 0.285
6525.000 0.290
6530.000 0.297
6535.000 0.306
6540.000 0.319
6545.000 0.334
6550.000 0.357
6555.000 0.396
6560.000 0.455
6565.000 0.501
6570.000 0.664
6575.000 1.087
6580.000 2.231
6585.000 4.450
6590.000 6.623
6595.000 1.392
6600.000 6.813
6605.000 2.358
6610.000 0.683
6615.000 0.887
6620.000 0.801
6625.000 0.597
6630.000 0.579
6635.000 0.500
6640.000 0.450
6645.000 0.413
6650.000 0.389
6655.000 0.368
6660.000 0.358
6665.000 0.343
6670.000 0.336
6675.000 0.324
6680.000 0.322
6685.000 0.318
6690.000 0.314
6695.000 0.308
6700.000 0.305
6705.000 0.302
6710.000 0.302
6715.000 0.302
6720.000 0.298
6725.000 0.300
6730.000 0.298
6735.000 0.295
6740.000 0.295
6745.000 0.295
6750.000 0.293
6755.000 0.292
6760.000 0.293
6765.000 0.290
6770.000 0.290
6775.000 0.289
6780.000 0.289
6785.000 0.290
6790.000 0.288
6795.000 0.289
6800.000 0.288
6805.000 0.288
6810.000 0.286
6815.000 0.284
6820.000 0.283
6825.000 0.283
6830.000 0.285
6835.000 0.284
6840.000 0.284
6845.000 0.281
6850.000 0.284
6855.000 0.282
6860.000 0.279
6865.000 0.281
6870.000 0.281
6875.000 0.278
6880.000 0.279
6885.000 0.280
6890.000 0.279
6895.000 0.278
6900.000 0.279
6905.000 0.280
6910.000 0.279
6915.000 0.277
6920.000 0.278
6925.000 0.275
6930.000 0.277
6935.000 0.275
6940.000 0.279
6945.000 0.274
6950.000 0.276
6955.000 0.275
6960.000 0.276
6965.000 0.274
6970.000 0.275
6975.000 0.270
6980.000 0.270
6985.000 0.276
6990.000 0.270
6995.000 0.270
7000.000 0.269
7005.000 0.276
7010.000 0.279
7015.000 0.275
7020.000 0.274
7025.000 0.268
7030.000 0.275
7035.000 0.266
7040.000 0.274
7045.000 0.268
7050.000 0.269
7055.000 0.270
7060.000 0.271
7065.000 0.267
7070.000 0.268
7075.000 0.269
7080.000 0.266
7085.000 0.270
7090.000 0.269
7095.000 0.270
7100.000 0.270
7105.000 0.267
7110.000 0.271
7115.000 0.265
7120.000 0.264
7125.000 0.269
7130.000 0.269
7135.000 0.267
7140.000 0.268
7145.000 0.269
7150.000 0.270
7155.000 0.273
7160.000 0.269
7165.000 0.271
7170.000 0.268
7175.000 0.270
7180.000 0.274
7185.000 0.274
7190.000 0.273
7195.000 0.275
7200.000 0.279
7205.000 0.278
7210.000 0.282
7215.000 0.289
7220.000 0.289
7225.000 0.295
7230.000 0.297
7235.000 0.300
7240.000 0.308
7245.000 0.310
7250.000 0.318
7255.000 0.322
7260.000 0.329
7265.000 0.334
7270.000 0.343
7275.000 0.350
7280.000 0.354
7285.000 0.359
7290.000 0.371
7295.000 0.379
7300.000 0.386
7305.000 0.398
7310.000 0.411
7315.000 0.429
7320.000 0.447
7325.000 0.461
7330.000 0.487
7335.000 0.509
7340.000 0.534
7345.000 0.567
7350.000 0.600
7355.000 0.629
7360.000 0.677
7365.000 0.771
7370.000 0.827
7375.000 0.875
7380.000 0.929
7385.000 0.994
7390.000 1.077
7395.000 1.188
7400.000 1.306
7405.000 1.469
7410.000 1.668
7415.000 1.792
7420.000 2.102
7425.000 2.496
7430.000 3.077
7435.000 3.855
7440.000 4.936
7445.000 6.410
7450.000 8.367
7455.000 10.843
7460.000 13.584
7465.000 15.748
7470.000 15.762
7475.000 14.553
7480.000 10.630
7485.000 7.552
7490.000 5.321
7495.000 3.959
7500.000 3.312
7505.000 2.793
7510.000 2.422
7515.000 2.141
7520.000 1.936
7525.000 1.800
7530.000 1.691
7535.000 1.606
7540.000 1.561
7545.000 1.489
7550.000 1.425
7555.000 1.362
7560.000 1.289
7565.000 1.219
7570.000 1.165
7575.000 1.111
7580.000 1.067
7585.000 1.022
7590.000 0.982
7595.000 0.951
7600.000 0.934
7605.000 0.908
7610.000 0.882
7615.000 0.858
7620.000 0.837
7625.000 0.817
7630.000 0.799
7635.000 0.778
7640.000 0.765
7645.000 0.752
7650.000 0.738
7655.000 0.728
7660.000 0.720
7665.000 0.706
7670.000 0.696
7675.000 0.689
7680.000 0.677
7685.000 0.669
7690.000 0.658
7695.000 0.652
7700.000 0.643
7705.000 0.634
7710.000 0.630
7715.000 0.623
7720.000 0.621
7725.000 0.613
7730.000 0.609
7735.000 0.599
7740.000 0.596
7745.000 0.590
7750.000 0.585
7755.000 0.581
7760.000 0.573
7765.000 0.570
7770.000 0.568
7775.000 0.563
7780.000 0.562
7785.000 0.556
7790.000 0.553
7795.000 0.549
7800.000 0.546
7805.000 0.542
7810.000 0.537
7815.000 0.537
7820.000 0.533
7825.000 0.529
7830.000 0.526
7835.000 0.522
7840.000 0.517
7845.000 0.516
7850.000 0.512
7855.000 0.509
7860.000 0.510
7865.000 0.506
7870.000 0.500
7875.000 0.499
7880.000 0.495
7885.000 0.492
7890.000 0.491
7895.000 0.486
7900.000 0.484
7905.000 0.483
7910.000 0.478
7915.000 0.474
7920.000 0.471
7925.000 0.469
7930.000 0.463
7935.000 0.460
7940.000 0.455
7945.000 0.453
7950.000 0.445
7955.000 0.445
7960.000 0.439
7965.000 0.433
7970.000 0.429
7975.000 0.419
7980.000 0.413
7985.000 0.408
7990.000 0.398
7995.000 0.388
8000.000 0.382
8005.000 0.369
8010.000 0.354
8015.000 0.339
8020.000 0.327
8025.000 0.313
8030.000 0.293
8035.000 0.265
8040.000 0.229
8045.000 0.184
8050.000 0.129
8055.000 0.120
8060.000 0.248
8065.000 0.666
8070.000 2.571
8075.000 6.739
8080.000 11.855
8085.000 13.023
8090.000 4.911
8095.000 3.243
8100.000 1.900
8105.000 1.538
8110.000 1.219
8115.000 1.052
8120.000 0.960
8125.000 0.878
8130.000 0.821
8135.000 0.784
8140.000 0.756
8145.000 0.746
8150.000 0.720
8155.000 0.705
8160.000 0.692
8165.000 0.681
8170.000 0.677
8175.000 0.668
8180.000 0.665
8185.000 0.660
8190.000 0.657
8195.000 0.654
8200.000 0.652
8205.000 0.654
8210.000 0.651
8215.000 0.651
8220.000 0.645
8225.000 0.646
8230.000 0.644
8235.000 0.646
8240.000 0.646
8245.000 0.646
8250.000 0.645
8255.000 0.646
8260.000 0.650
8265.000 0.649
8270.000 0.649
8275.000 0.651
8280.000 0.650
8285.000 0.655
8290.000 0.656
8295.000 0.656
8300.000 0.659
8305.000 0.665
8310.000 0.665
8315.000 0.666
8320.000 0.670
8325.000 0.675
8330.000 0.678
8335.000 0.683
8340.000 0.684
8345.000 0.689
8350.000 0.692
8355.000 0.696
8360.000 0.706
8365.000 0.711
8370.000 0.717
8375.000 0.720
8380.000 0.728
8385.000 0.732
8390.000 0.740
8395.000 0.748
8400.000 0.757
8405.000 0.763
8410.000 0.773
8415.000 0.785
8420.000 0.793
8425.000 0.807
8430.000 0.819
8435.000 0.830
8440.000 0.843
8445.000 0.854
8450.000 0.858
8455.000 0.867
8460.000 0.881
8465.000 0.890
8470.000 0.904
8475.000 0.920
8480.000 0.932
8485.000 0.954
8490.000 0.968
8495.000 0.991
8500.000 1.012
8505.000 1.041
8510.000 1.050
8515.000 1.081
8520.000 1.121
8525.000 1.168
8530.000 1.227
8535.000 1.298
8540.000 1.399
8545.000 1.557
8550.000 1.863
8555.000 2.569
8560.000 4.337
8565.000 6.825
8570.000 4.560
8575.000 1.874
8580.000 0.563
8585.000 0.611
8590.000 1.084
8595.000 1.097
8600.000 1.180
8605.000 1.278
8610.000 1.436
8615.000 1.591
8620.000 1.783
8625.000 2.024
8630.000 2.164
8635.000 2.543
8640.000 3.058
8645.000 3.778
8650.000 4.730
8655.000 5.850
8660.000 6.832
8665.000 7.133
8670.000 6.275
8675.000 4.837
8680.000 3.624
8685.000 2.796
8690.000 2.498
8695.000 2.012
8700.000 1.585
8705.000 1.359
8710.000 1.333
8715.000 1.076
8720.000 0.733
8725.000 0.513
8730.000 0.368
8735.000 0.264
8740.000 0.195
8745.000 0.139
8750.000 0.098
8755.000 0.082
8760.000 0.055
8765.000 0.043
8770.000 0.043
8775.000 0.053
8780.000 0.065
8785.000 0.079
8790.000 0.092
8795.000 0.105
8800.000 0.117
8805.000 0.128
8810.000 0.140
8815.000 0.141
8820.000 0.145
8825.000 0.166
8830.000 0.158
8835.000 0.167
8840.000 0.189
8845.000 0.197
8850.000 0.208
8855.000 0.215
8860.000 0.224
8865.000 0.229
8870.000 0.233
8875.000 0.240
8880.000 0.248
8885.000 0.254
8890.000 0.261
8895.000 0.267
8900.000 0.274
8905.000 0.282
8910.000 0.287
8915.000 0.291
8920.000 0.296
8925.000 0.296
8930.000 0.297
8935.000 0.300
8940.000 0.305
8945.000 0.308
8950.000 0.313
8955.000 0.317
8960.000 0.324
8965.000 0.326
8970.000 0.325
8975.000 0.328
8980.000 0.331
8985.000 0.340
8990.000 0.336
8995.000 0.345
9000.000 0.345
9005.000 0.349
9010.000 0.349
9015.000 0.358
9020.000 0.356
9025.000 0.363
9030.000 0.361
9035.000 0.371
9040.000 0.370
9045.000 0.375
9050.000 0.376
9055.000 0.387
9060.000 0.385
9065.000 0.389
9070.000 0.385
9075.000 0.391
9080.000 0.400
9085.000 0.397
9090.000 0.405
9095.000 0.405
9100.000 0.409
9105.000 0.414
9110.000 0.417
9115.000 0.418
9120.000 0.420
9125.000 0.426
9130.000 0.429
9135.000 0.435
9140.000 0.436
9145.000 0.440
9150.000 0.444
9155.000 0.448
9160.000 0.450
9165.000 0.451
9170.000 0.451
9175.000 0.453
9180.000 0.456
9185.000 0.459
9190.000 0.457
9195.000 0.467
9200.000 0.465
9205.000 0.465
9210.000 0.472
9215.000 0.471
9220.000 0.474
9225.000 0.475
9230.000 0.482
9235.000 0.483
9240.000 0.484
9245.000 0.485
9250.000 0.489
9255.000 0.494
9260.000 0.494
9265.000 0.497
9270.000 0.500
9275.000 0.506
9280.000 0.508
9285.000 0.510
9290.000 0.513
9295.000 0.515
9300.000 0.521
9305.000 0.524
9310.000 0.527
9315.000 0.527
9320.000 0.532
9325.000 0.539
9330.000 0.542
9335.000 0.550
9340.000 0.554
9345.000 0.556
9350.000 0.563
9355.000 0.571
9360.000 0.575
9365.000 0.576
9370.000 0.587
9375.000 0.592
9380.000 0.606
9385.000 0.611
9390.000 0.623
9395.000 0.627
9400.000 0.641
9405.000 0.654
9410.000 0.663
9415.000 0.681
9420.000 0.685
9425.000 0.703
9430.000 0.730
9435.000 0.750
9440.000 0.776
9445.000 0.804
9450.000 0.835
9455.000 0.881
9460.000 0.935
9465.000 0.998
9470.000 1.080
9475.000 1.202
9480.000 1.403
9485.000 1.551
9490.000 2.053
9495.000 3.062
9500.000 4.982
9505.000 7.198
9510.000 6.708
9515.000 2.644
9520.000 2.410
9525.000 0.897
9530.000 0.490
9535.000 0.278
9540.000 0.168
9545.000 0.129
9550.000 0.087
9555.000 0.088
9560.000 0.109
9565.000 0.128
9570.000 0.149
9575.000 0.164
9580.000 0.181
9585.000 0.194
9590.000 0.209
9595.000 0.223
9600.000 0.229
9605.000 0.244
9610.000 0.252
9615.000 0.266
9620.000 0.281
9625.000 0.293
9630.000 0.304
9635.000 0.317
9640.000 0.329
9645.000 0.343
9650.000 0.356
9655.000 0.372
9660.000 0.387
9665.000 0.391
9670.000 0.404
9675.000 0.422
9680.000 0.439
9685.000 0.448
9690.000 0.461
9695.000 0.472
9700.000 0.486
9705.000 0.503
9710.000 0.517
9715.000 0.537
9720.000 0.553
9725.000 0.563
9730.000 0.580
9735.000 0.596
9740.000 0.618
9745.000 0.637
9750.000 0.662
9755.000 0.683
9760.000 0.707
9765.000 0.745
9770.000 0.773
9775.000 0.812
9780.000 0.857
9785.000 0.905
9790.000 0.932
9795.000 1.000
9800.000 1.084
9805.000 1.179
9810.000 1.323
9815.000 1.485
9820.000 1.724
9825.000 2.047
9830.000 2.482
9835.000 2.939
9840.000 3.226
9845.000 3.216
9850.000 2.874
9855.000 2.305
9860.000 1.758
9865.000 1.347
9870.000 1.052
9875.000 0.846
9880.000 0.685
9885.000 0.550
9890.000 0.432
9895.000 0.304
9900.000 0.185
9905.000 0.120
9910.000 0.098
9915.000 0.038
9920.000 0.054
9925.000 0.077
9930.000 0.088
9935.000 0.091
9940.000 0.095
9945.000 0.092
9950.000 0.092
9955.000 0.092
9960.000 0.090
9965.000 0.095
9970.000 0.094
9975.000 0.100
9980.000 0.101
9985.000 0.098
9990.000 0.105
9995.000 0.111
10000.000 0.107
10005.000 0.116
10010.000 0.119
10015.000 0.119
10020.000 0.123
10025.000 0.126
10030.000 0.130
10035.000 0.128
10040.000 0.129
10045.000 0.130
10050.000 0.137
10055.000 0.135
10060.000 0.138
10065.000 0.143
10070.000 0.143
10075.000 0.144
10080.000 0.146
10085.000 0.146
10090.000 0.144
10095.000 0.145
10100.000 0.146
10105.000 0.147
10110.000 0.145
10115.000 0.144
10120.000 0.144
10125.000 0.141
10130.000 0.138
10135.000 0.136
10140.000 0.131
10145.000 0.127
10150.000 0.125
10155.000 0.119
10160.000 0.108
10165.000 0.095
10170.000 0.080
10175.000 0.057
10180.000 0.029
10185.000 0.038
10190.000 0.129
10195.000 0.453
10200.000 1.513
10205.000 2.071
10210.000 1.000
10215.000 2.788
10220.000 1.282
10225.000 1.189
10230.000 0.745
10235.000 0.585
10240.000 0.512
10245.000 0.458
10250.000 0.413
10255.000 0.376
10260.000 0.346
10265.000 0.331
10270.000 0.317
10275.000 0.314
10280.000 0.310
10285.000 0.307
10290.000 0.304
10295.000 0.303
10300.000 0.301
10305.000 0.299
10310.000 0.297
10315.000 0.294
10320.000 0.292
10325.000 0.293
10330.000 0.290
10335.000 0.290
10340.000 0.288
10345.000 0.289
10350.000 0.287
10355.000 0.285
10360.000 0.286
10365.000 0.281
10370.000 0.283
10375.000 0.285
10380.000 0.286
10385.000 0.282
10390.000 0.284
10395.000 0.281
10400.000 0.277
10405.000 0.283
10410.000 0.281
10415.000 0.279
10420.000 0.280
10425.000 0.278
10430.000 0.279
10435.000 0.277
10440.000 0.278
10445.000 0.275
10450.000 0.274
10455.000 0.273
10460.000 0.272
10465.000 0.269
10470.000 0.268
10475.000 0.268
10480.000 0.268
10485.000 0.266
10490.000 0.266
10495.000 0.266
10500.000 0.275
10505.000 0.268
10510.000 0.268
10515.000 0.265
10520.000 0.266
10525.000 0.265
10530.000 0.260
10535.000 0.266
10540.000 0.261
10545.000 0.263
10550.000 0.260
10555.000 0.261
10560.000 0.258
10565.000 0.257
10570.000 0.254
10575.000 0.255
10580.000 0.253
10585.000 0.249
10590.000 0.247
10595.000 0.246
10600.000 0.247
10605.000 0.242
10610.000 0.243
10615.000 0.240
10620.000 0.237
10625.000 0.237
10630.000 0.240
10635.000 0.237
10640.000 0.236
10645.000 0.234
10650.000 0.234
10655.000 0.230
10660.000 0.230
10665.000 0.228
10670.000 0.225
10675.000 0.228
10680.000 0.219
10685.000 0.218
10690.000 0.215
10695.000 0.212
10700.000 0.212
10705.000 0.207
10710.000 0.204
10715.000 0.201
10720.000 0.198
10725.000 0.193
10730.000 0.191
10735.000 0.186
10740.000 0.187
10745.000 0.183
10750.000 0.177
10755.000 0.172
10760.000 0.169
10765.000 0.166
10770.000 0.157
10775.000 0.154
10780.000 0.147
10785.000 0.140
10790.000 0.138
10795.000 0.134
10800.000 0.132
10805.000 0.129
10810.000 0.123
10815.000 0.120
10820.000 0.120
10825.000 0.119
10830.000 0.126
10835.000 0.137
10840.000 0.154
10845.000 0.186
10850.000 0.233
10855.000 0.315
10860.000 0.450
10865.000 0.657
10870.000 0.965
10875.000 1.319
10880.000 1.471
10885.000 1.504
10890.000 1.059
10895.000 0.605
10900.000 0.477
10905.000 0.961
10910.000 1.298
10915.000 0.592
10920.000 0.424
10925.000 0.288
10930.000 0.195
10935.000 0.138
10940.000 0.101
10945.000 0.087
10950.000 0.089
10955.000 0.116
10960.000 0.189
10965.000 0.302
10970.000 0.455
10975.000 0.621
10980.000 0.820
10985.000 1.078
10990.000 1.368
10995.000 1.731
11000.000 2.175
11005.000 2.411
11010.000 2.920
11015.000 3.451
11020.000 3.858
11025.000 4.060
11030.000 3.974
11035.000 3.726
11040.000 3.394
11045.000 3.080
11050.000 2.796
11055.000 2.540
11060.000 2.340
11065.000 2.178
11070.000 2.104
11075.000 2.011
11080.000 1.943
11085.000 1.874
11090.000 1.732
11095.000 1.541
11100.000 1.357
11105.000 1.213
11110.000 1.092
11115.000 0.996
11120.000 0.920
11125.000 0.890
11130.000 0.834
11135.000 0.795
11140.000 0.772
11145.000 0.754
11150.000 0.743
11155.000 0.724
11160.000 0.710
11165.000 0.694
11170.000 0.686
11175.000 0.675
11180.000 0.664
11185.000 0.663
11190.000 0.654
11195.000 0.648
11200.000 0.635
11205.000 0.629
11210.000 0.625
11215.000 0.615
11220.000 0.610
11225.000 0.606
11230.000 0.606
11235.000 0.593
11240.000 0.588
11245.000 0.588
11250.000 0.585
11255.000 0.583
11260.000 0.578
11265.000 0.572
11270.000 0.570
11275.000 0.565
11280.000 0.562
11285.000 0.553
11290.000 0.552
11295.000 0.548
11300.000 0.542
11305.000 0.545
11310.000 0.540
11315.000 0.537
11320.000 0.536
11325.000 0.533
11330.000 0.530
11335.000 0.528
11340.000 0.524
11345.000 0.524
11350.000 0.520
11355.000 0.517
11360.000 0.513
11365.000 0.513
11370.000 0.513
11375.000 0.508
11380.000 0.502
11385.000 0.499
11390.000 0.497
11395.000 0.495
11400.000 0.497
11405.000 0.494
11410.000 0.493
11415.000 0.489
11420.000 0.491
11425.000 0.490
11430.000 0.486
11435.000 0.486
11440.000 0.483
11445.000 0.483
11450.000 0.484
11455.000 0.479
11460.000 0.477
11465.000 0.477
11470.000 0.474
11475.000 0.471
11480.000 0.471
11485.000 0.468
11490.000 0.466
11495.000 0.464
11500.000 0.463
11505.000 0.470
11510.000 0.469
11515.000 0.463
11520.000 0.464
11525.000 0.460
11530.000 0.455
11535.000 0.455
11540.000 0.454
11545.000 0.452
11550.000 0.451
11555.000 0.452
11560.000 0.450
11565.000 0.445
11570.000 0.444
11575.000 0.444
11580.000 0.441
11585.000 0.440
11590.000 0.437
11595.000 0.432
11600.000 0.434
11605.000 0.433
11610.000 0.431
11615.000 0.429
11620.000 0.427
11625.000 0.426
11630.000 0.424
11635.000 0.416
11640.000 0.416
11645.000 0.411
11650.000 0.410
11655.000 0.407
11660.000 0.402
11665.000 0.400
11670.000 0.398
11675.000 0.395
11680.000 0.392
11685.000 0.382
11690.000 0.375
11695.000 0.370
11700.000 0.364
11705.000 0.349
11710.000 0.333
11715.000 0.319
11720.000 0.293
11725.000 0.268
11730.000 0.238
11735.000 0.221
11740.000 0.232
11745.000 0.432
11750.000 1.355
11755.000 2.919
11760.000 3.733
11765.000 2.142
11770.000 0.259
11775.000 1.186
11780.000 0.891
11785.000 0.745
11790.000 0.673
11795.000 0.620
11800.000 0.599
11805.000 0.562
11810.000 0.536
11815.000 0.519
11820.000 0.510
11825.000 0.507
11830.000 0.501
11835.000 0.494
11840.000 0.492
11845.000 0.493
11850.000 0.489
11855.000 0.489
11860.000 0.490
11865.000 0.483
11870.000 0.483
11875.000 0.483
11880.000 0.481
11885.000 0.477
11890.000 0.478
11895.000 0.476
11900.000 0.474
11905.000 0.473
11910.000 0.473
11915.000 0.471
11920.000 0.474
11925.000 0.472
11930.000 0.469
11935.000 0.469
11940.000 0.466
11945.000 0.467
11950.000 0.463
11955.000 0.464
11960.000 0.466
11965.000 0.467
11970.000 0.473
11975.000 0.475
11980.000 0.481
11985.000 0.487
11990.000 0.484
11995.000 0.484
12000.000 0.488
