105.000 0.206
110.000 1.484
115.000 2.799
120.000 3.063
125.000 3.479
130.000 3.557
135.000 4.760
140.000 2.672
145.000 4.043
150.000 3.730
155.000 3.486
160.000 3.536
165.000 3.513
170.000 3.378
175.000 3.349
180.000 3.354
185.000 3.383
190.000 3.204
195.000 3.384
200.000 3.437
205.000 3.546
210.000 3.543
215.000 3.570
220.000 3.616
225.000 3.700
230.000 3.736
235.000 3.841
240.000 3.833
245.000 3.864
250.000 3.981
255.000 4.024
260.000 4.077
265.000 4.132
270.000 4.102
275.000 4.191
280.000 4.186
285.000 4.275
290.000 4.231
295.000 4.239
300.000 4.226
305.000 4.230
310.000 4.254
315.000 4.326
320.000 4.368
325.000 4.456
330.000 4.595
335.000 4.787
340.000 4.956
345.000 5.125
350.000 5.367
355.000 5.598
360.000 5.834
365.000 6.137
370.000 6.420
375.000 6.791
380.000 6.950
385.000 7.287
390.000 7.659
395.000 8.023
400.000 8.273
405.000 8.520
410.000 8.628
415.000 8.627
420.000 8.434
425.000 8.109
430.000 7.551
435.000 6.784
440.000 5.929
445.000 5.540
450.000 4.731
455.000 4.085
460.000 3.519
465.000 3.044
470.000 2.714
475.000 2.452
480.000 2.251
485.000 2.110
490.000 1.989
495.000 1.851
500.000 1.770
505.000 1.707
510.000 1.613
515.000 1.549
520.000 1.468
525.000 1.386
530.000 1.322
535.000 1.250
540.000 1.204
545.000 1.147
550.000 1.100
555.000 1.053
560.000 1.002
565.000 0.952
570.000 0.909
575.000 0.859
580.000 0.824
585.000 0.795
590.000 0.753
595.000 0.727
600.000 0.697
605.000 0.677
610.000 0.655
615.000 0.629
620.000 0.605
625.000 0.602
630.000 0.579
635.000 0.568
640.000 0.553
645.000 0.543
650.000 0.530
655.000 0.491
660.000 0.532
665.000 0.481
670.000 0.520
675.000 0.482
680.000 0.476
685.000 0.469
690.000 0.460
695.000 0.450
700.000 0.439
705.000 0.433
710.000 0.428
715.000 0.418
720.000 0.409
725.000 0.415
730.000 0.398
735.000 0.396
740.000 0.389
745.000 0.385
750.000 0.380
755.000 0.384
760.000 0.378
765.000 0.363
770.000 0.370
775.000 0.367
780.000 0.373
785.000 0.365
790.000 0.364
795.000 0.360
800.000 0.361
805.000 0.362
810.000 0.353
815.000 0.342
820.000 0.349
825.000 0.343
830.000 0.338
835.000 0.344
840.000 0.337
845.000 0.336
850.000 0.334
855.000 0.343
860.000 0.331
865.000 0.331
870.000 0.334
875.000 0.336
880.000 0.325
885.000 0.331
890.000 0.325
895.000 0.324
900.000 0.320
905.000 0.323
910.000 0.326
915.000 0.324
920.000 0.327
925.000 0.323
930.000 0.320
935.000 0.328
940.000 0.319
945.000 0.319
950.000 0.319
955.000 0.325
960.000 0.323
965.000 0.324
970.000 0.316
975.000 0.320
980.000 0.320
985.000 0.316
990.000 0.317
995.000 0.324
1000.000 0.325
1005.000 0.314
1010.000 0.308
1015.000 0.320
1020.000 0.319
1025.000 0.331
1030.000 0.315
1035.000 0.332
1040.000 0.314
1045.000 0.328
1050.000 0.329
1055.000 0.320
1060.000 0.316
1065.000 0.322
1070.000 0.318
1075.000 0.318
1080.000 0.322
1085.000 0.317
1090.000 0.314
1095.000 0.318
1100.000 0.313
1105.000 0.313
1110.000 0.318
1115.000 0.321
1120.000 0.316
1125.000 0.315
1130.000 0.320
1135.000 0.320
1140.000 0.319
1145.000 0.319
1150.000 0.322
1155.000 0.322
1160.000 0.322
1165.000 0.318
1170.000 0.318
1175.000 0.320
1180.000 0.322
1185.000 0.326
1190.000 0.321
1195.000 0.325
1200.000 0.327
1205.000 0.325
1210.000 0.324
1215.000 0.326
1220.000 0.329
1225.000 0.330
1230.000 0.330
1235.000 0.324
1240.000 0.328
1245.000 0.330
1250.000 0.331
1255.000 0.331
1260.000 0.331
1265.000 0.334
1270.000 0.332
1275.000 0.336
1280.000 0.338
1285.000 0.335
1290.000 0.337
1295.000 0.336
1300.000 0.341
1305.000 0.342
1310.000 0.343
1315.000 0.340
1320.000 0.345
1325.000 0.345
1330.000 0.346
1335.000 0.346
1340.000 0.346
1345.000 0.347
1350.000 0.350
1355.000 0.349
1360.000 0.347
1365.000 0.348
1370.000 0.349
1375.000 0.349
1380.000 0.350
1385.000 0.349
1390.000 0.347
1395.000 0.353
1400.000 0.354
1405.000 0.354
1410.000 0.348
1415.000 0.348
1420.000 0.350
1425.000 0.345
1430.000 0.347
1435.000 0.348
1440.000 0.346
1445.000 0.350
1450.000 0.352
1455.000 0.357
1460.000 0.357
1465.000 0.360
1470.000 0.371
1475.000 0.375
1480.000 0.377
1485.000 0.376
1490.000 0.383
1495.000 0.387
1500.000 0.393
1505.000 0.400
1510.000 0.401
1515.000 0.399
1520.000 0.407
1525.000 0.413
1530.000 0.417
1535.000 0.422
1540.000 0.421
1545.000 0.426
1550.000 0.429
1555.000 0.433
1560.000 0.439
1565.000 0.445
1570.000 0.446
1575.000 0.453
1580.000 0.459
1585.000 0.463
1590.000 0.467
1595.000 0.474
1600.000 0.479
1605.000 0.486
1610.000 0.483
1615.000 0.497
1620.000 0.503
1625.000 0.513
1630.000 0.517
1635.000 0.522
1640.000 0.535
1645.000 0.542
1650.000 0.551
1655.000 0.563
1660.000 0.561
1665.000 0.574
1670.000 0.582
1675.000 0.594
1680.000 0.604
1685.000 0.613
1690.000 0.625
1695.000 0.638
1700.000 0.647
1705.000 0.662
1710.000 0.671
1715.000 0.686
1720.000 0.692
1725.000 0.704
1730.000 0.716
1735.000 0.728
1740.000 0.743
1745.000 0.759
1750.000 0.772
1755.000 0.790
1760.000 0.806
1765.000 0.812
1770.000 0.833
1775.000 0.850
1780.000 0.858
1785.000 0.871
1790.000 0.884
1795.000 0.902
1800.000 0.917
1805.000 0.931
1810.000 0.950
1815.000 0.962
1820.000 0.974
1825.000 0.989
1830.000 1.002
1835.000 1.008
1840.000 1.017
1845.000 1.027
1850.000 1.036
1855.000 1.048
1860.000 1.046
1865.000 1.054
1870.000 1.058
1875.000 1.056
1880.000 1.057
1885.000 1.060
1890.000 1.060
1895.000 1.060
1900.000 1.055
1905.000 1.053
1910.000 1.051
1915.000 1.047
1920.000 1.038
1925.000 1.033
1930.000 1.026
1935.000 1.024
1940.000 1.013
1945.000 1.009
1950.000 0.999
1955.000 1.003
1960.000 0.993
1965.000 0.979
1970.000 0.979
1975.000 0.964
1980.000 0.958
1985.000 0.963
1990.000 0.944
1995.000 0.939
2000.000 0.927
2005.000 0.937
2010.000 0.931
2015.000 0.915
2020.000 0.919
2025.000 0.905
2030.000 0.901
2035.000 0.909
2040.000 0.897
2045.000 0.894
2050.000 0.882
2055.000 0.884
2060.000 0.881
2065.000 0.865
2070.000 0.872
2075.000 0.867
2080.000 0.856
2085.000 0.864
2090.000 0.864
2095.000 0.862
2100.000 0.858
2105.000 0.865
2110.000 0.864
2115.000 0.864
2120.000 0.858
2125.000 0.862
2130.000 0.862
2135.000 0.866
2140.000 0.871
2145.000 0.876
2150.000 0.877
2155.000 0.882
2160.000 0.895
2165.000 0.905
2170.000 0.911
2175.000 0.917
2180.000 0.926
2185.000 0.939
2190.000 0.957
2195.000 0.965
2200.000 0.981
2205.000 0.994
2210.000 1.004
2215.000 1.032
2220.000 1.057
2225.000 1.071
2230.000 1.104
2235.000 1.135
2240.000 1.171
2245.000 1.215
2250.000 1.240
2255.000 1.334
2260.000 1.414
2265.000 1.455
2270.000 1.562
2275.000 1.698
2280.000 1.876
2285.000 2.138
2290.000 2.541
2295.000 3.187
2300.000 4.298
2305.000 6.123
2310.000 8.468
2315.000 10.798
2320.000 17.346
2325.000 18.892
2330.000 7.829
2335.000 4.614
2340.000 2.882
2345.000 1.968
2350.000 1.422
2355.000 1.066
2360.000 0.827
2365.000 0.652
2370.000 0.527
2375.000 0.433
2380.000 0.363
2385.000 0.301
2390.000 0.276
2395.000 0.236
2400.000 0.200
2405.000 0.173
2410.000 0.147
2415.000 0.128
2420.000 0.111
2425.000 0.095
2430.000 0.087
2435.000 0.077
2440.000 0.069
2445.000 0.065
2450.000 0.063
2455.000 0.060
2460.000 0.060
2465.000 0.063
2470.000 0.063
2475.000 0.068
2480.000 0.069
2485.000 0.072
2490.000 0.076
2495.000 0.079
2500.000 0.082
2505.000 0.082
2510.000 0.086
2515.000 0.086
2520.000 0.091
2525.000 0.092
2530.000 0.094
2535.000 0.099
2540.000 0.101
2545.000 0.104
2550.000 0.106
2555.000 0.107
2560.000 0.109
2565.000 0.110
2570.000 0.110
2575.000 0.113
2580.000 0.114
2585.000 0.115
2590.000 0.117
2595.000 0.118
2600.000 0.119
2605.000 0.120
2610.000 0.119
2615.000 0.123
2620.000 0.122
2625.000 0.124
2630.000 0.124
2635.000 0.122
2640.000 0.126
2645.000 0.124
2650.000 0.124
2655.000 0.125
2660.000 0.127
2665.000 0.126
2670.000 0.126
2675.000 0.127
2680.000 0.126
2685.000 0.124
2690.000 0.124
2695.000 0.125
2700.000 0.125
2705.000 0.127
2710.000 0.126
2715.000 0.125
2720.000 0.123
2725.000 0.122
2730.000 0.122
2735.000 0.122
2740.000 0.120
2745.000 0.119
2750.000 0.118
2755.000 0.120
2760.000 0.119
2765.000 0.117
2770.000 0.119
2775.000 0.117
2780.000 0.117
2785.000 0.114
2790.000 0.113
2795.000 0.114
2800.000 0.112
2805.000 0.112
2810.000 0.110
2815.000 0.113
2820.000 0.111
2825.000 0.111
2830.000 0.111
2835.000 0.111
2840.000 0.113
2845.000 0.112
2850.000 0.113
2855.000 0.114
2860.000 0.113
2865.000 0.118
2870.000 0.114
2875.000 0.117
2880.000 0.120
2885.000 0.122
2890.000 0.123
2895.000 0.126
2900.000 0.129
2905.000 0.131
2910.000 0.133
2915.000 0.135
2920.000 0.139
2925.000 0.141
2930.000 0.141
2935.000 0.149
2940.000 0.149
2945.000 0.149
2950.000 0.154
2955.000 0.162
2960.000 0.164
2965.000 0.168
2970.000 0.168
2975.000 0.174
2980.000 0.177
2985.000 0.171
2990.000 0.181
2995.000 0.176
3000.000 0.190
3005.000 0.183
3010.000 0.190
3015.000 0.187
3020.000 0.201
3025.000 0.201
3030.000 0.206
3035.000 0.198
3040.000 0.205
3045.000 0.202
3050.000 0.215
3055.000 0.210
3060.000 0.214
3065.000 0.214
3070.000 0.222
3075.000 0.220
3080.000 0.219
3085.000 0.226
3090.000 0.229
3095.000 0.229
3100.000 0.231
3105.000 0.232
3110.000 0.236
3115.000 0.233
3120.000 0.234
3125.000 0.238
3130.000 0.240
3135.000 0.242
3140.000 0.243
3145.000 0.243
3150.000 0.245
3155.000 0.246
3160.000 0.247
3165.000 0.250
3170.000 0.251
3175.000 0.251
3180.000 0.254
3185.000 0.256
3190.000 0.255
3195.000 0.257
3200.000 0.257
3205.000 0.261
3210.000 0.259
3215.000 0.262
3220.000 0.260
3225.000 0.264
3230.000 0.266
3235.000 0.265
3240.000 0.266
3245.000 0.266
3250.000 0.270
3255.000 0.271
3260.000 0.271
3265.000 0.272
3270.000 0.274
3275.000 0.273
3280.000 0.276
3285.000 0.277
3290.000 0.279
3295.000 0.283
3300.000 0.281
3305.000 0.281
3310.000 0.281
3315.000 0.283
3320.000 0.285
3325.000 0.286
3330.000 0.288
3335.000 0.290
3340.000 0.289
3345.000 0.291
3350.000 0.293
3355.000 0.295
3360.000 0.297
3365.000 0.299
3370.000 0.299
3375.000 0.300
3380.000 0.301
3385.000 0.305
3390.000 0.307
3395.000 0.307
3400.000 0.314
3405.000 0.313
3410.000 0.315
3415.000 0.315
3420.000 0.317
3425.000 0.320
3430.000 0.319
3435.000 0.321
3440.000 0.324
3445.000 0.326
3450.000 0.331
3455.000 0.333
3460.000 0.334
3465.000 0.340
3470.000 0.344
3475.000 0.346
3480.000 0.350
3485.000 0.351
3490.000 0.357
3495.000 0.360
3500.000 0.364
3505.000 0.370
3510.000 0.375
3515.000 0.381
3520.000 0.386
3525.000 0.394
3530.000 0.402
3535.000 0.409
3540.000 0.415
3545.000 0.419
3550.000 0.429
3555.000 0.445
3560.000 0.449
3565.000 0.466
3570.000 0.477
3575.000 0.492
3580.000 0.511
3585.000 0.531
3590.000 0.554
3595.000 0.578
3600.000 0.609
3605.000 0.624
3610.000 0.651
3615.000 0.678
3620.000 0.713
3625.000 0.751
3630.000 0.798
3635.000 0.851
3640.000 0.911
3645.000 0.985
3650.000 1.074
3655.000 1.196
3660.000 1.361
3665.000 1.600
3670.000 1.767
3675.000 2.209
3680.000 2.920
3685.000 4.117
3690.000 6.070
3695.000 8.984
3700.000 13.401
3705.000 18.809
3710.000 19.895
3715.000 4.855
3720.000 6.122
3725.000 4.282
3730.000 3.599
3735.000 2.623
3740.000 2.023
3745.000 1.637
3750.000 1.362
3755.000 1.160
3760.000 1.008
3765.000 0.890
3770.000 0.797
3775.000 0.725
3780.000 0.666
3785.000 0.639
3790.000 0.594
3795.000 0.558
3800.000 0.528
3805.000 0.502
3810.000 0.479
3815.000 0.460
3820.000 0.443
3825.000 0.428
3830.000 0.415
3835.000 0.405
3840.000 0.393
3845.000 0.386
3850.000 0.381
3855.000 0.373
3860.000 0.365
3865.000 0.359
3870.000 0.354
3875.000 0.347
3880.000 0.342
3885.000 0.339
3890.000 0.334
3895.000 0.331
3900.000 0.328
3905.000 0.322
3910.000 0.320
3915.000 0.319
3920.000 0.317
3925.000 0.314
3930.000 0.311
3935.000 0.305
3940.000 0.309
3945.000 0.305
3950.000 0.307
3955.000 0.298
3960.000 0.297
3965.000 0.295
3970.000 0.301
3975.000 0.298
3980.000 0.299
3985.000 0.301
3990.000 0.289
3995.000 0.289
4000.000 0.296
4005.000 0.284
4010.000 0.284
4015.000 0.289
4020.000 0.282
4025.000 0.286
4030.000 0.292
4035.000 0.287
4040.000 0.292
4045.000 0.293
4050.000 0.283
4055.000 0.290
4060.000 0.288
4065.000 0.284
4070.000 0.286
4075.000 0.287
4080.000 0.286
4085.000 0.288
4090.000 0.290
4095.000 0.289
4100.000 0.287
4105.000 0.290
4110.000 0.287
4115.000 0.287
4120.000 0.285
4125.000 0.286
4130.000 0.288
4135.000 0.286
4140.000 0.286
4145.000 0.286
4150.000 0.289
4155.000 0.288
4160.000 0.286
4165.000 0.286
4170.000 0.286
4175.000 0.286
4180.000 0.284
4185.000 0.282
4190.000 0.280
4195.000 0.280
4200.000 0.278
4205.000 0.276
4210.000 0.275
4215.000 0.274
4220.000 0.271
4225.000 0.269
4230.000 0.270
4235.000 0.269
4240.000 0.267
4245.000 0.267
4250.000 0.265
4255.000 0.265
4260.000 0.265
4265.000 0.266
4270.000 0.266
4275.000 0.267
4280.000 0.266
4285.000 0.265
4290.000 0.264
4295.000 0.269
4300.000 0.267
4305.000 0.267
4310.000 0.269
4315.000 0.269
4320.000 0.269
4325.000 0.269
4330.000 0.269
4335.000 0.270
4340.000 0.272
4345.000 0.271
4350.000 0.271
4355.000 0.274
4360.000 0.275
4365.000 0.275
4370.000 0.275
4375.000 0.276
4380.000 0.275
4385.000 0.276
4390.000 0.277
4395.000 0.280
4400.000 0.279
4405.000 0.280
4410.000 0.280
4415.000 0.282
4420.000 0.282
4425.000 0.284
4430.000 0.283
4435.000 0.287
4440.000 0.286
4445.000 0.287
4450.000 0.287
4455.000 0.289
4460.000 0.289
4465.000 0.292
4470.000 0.292
4475.000 0.292
4480.000 0.293
4485.000 0.297
4490.000 0.299
4495.000 0.298
4500.000 0.300
4505.000 0.302
4510.000 0.303
4515.000 0.303
4520.000 0.306
4525.000 0.307
4530.000 0.308
4535.000 0.310
4540.000 0.312
4545.000 0.316
4550.000 0.315
4555.000 0.317
4560.000 0.318
4565.000 0.321
4570.000 0.323
4575.000 0.324
4580.000 0.325
4585.000 0.331
4590.000 0.334
4595.000 0.335
4600.000 0.337
4605.000 0.340
4610.000 0.344
4615.000 0.350
4620.000 0.351
4625.000 0.354
4630.000 0.358
4635.000 0.361
4640.000 0.361
4645.000 0.366
4650.000 0.371
4655.000 0.376
4660.000 0.383
4665.000 0.388
4670.000 0.388
4675.000 0.393
4680.000 0.395
4685.000 0.395
4690.000 0.401
4695.000 0.403
4700.000 0.405
4705.000 0.412
4710.000 0.415
4715.000 0.420
4720.000 0.424
4725.000 0.427
4730.000 0.431
4735.000 0.437
4740.000 0.440
4745.000 0.449
4750.000 0.451
4755.000 0.463
4760.000 0.467
4765.000 0.475
4770.000 0.479
4775.000 0.489
4780.000 0.498
4785.000 0.508
4790.000 0.516
4795.000 0.527
4800.000 0.541
4805.000 0.552
4810.000 0.562
4815.000 0.575
4820.000 0.580
4825.000 0.600
4830.000 0.608
4835.000 0.631
4840.000 0.647
4845.000 0.664
4850.000 0.689
4855.000 0.708
4860.000 0.732
4865.000 0.759
4870.000 0.787
4875.000 0.825
4880.000 0.856
4885.000 0.879
4890.000 0.922
4895.000 0.967
4900.000 1.016
4905.000 1.084
4910.000 1.173
4915.000 1.230
4920.000 1.298
4925.000 1.378
4930.000 1.482
4935.000 1.617
4940.000 1.786
4945.000 1.897
4950.000 2.169
4955.000 2.549
4960.000 3.083
4965.000 3.927
4970.000 5.302
4975.000 7.740
4980.000 11.537
4985.000 16.172
4990.000 11.385
4995.000 14.927
5000.000 19.043
5005.000 23.381
5010.000 22.876
5015.000 16.439
5020.000 9.737
5025.000 6.755
5030.000 5.077
5035.000 3.946
5040.000 3.208
5045.000 2.710
5050.000 2.366
5055.000 2.105
5060.000 1.899
5065.000 1.795
5070.000 1.648
5075.000 1.512
5080.000 1.397
5085.000 1.303
5090.000 1.223
5095.000 1.158
5100.000 1.099
5105.000 1.054
5110.000 1.010
5115.000 0.972
5120.000 0.942
5125.000 0.928
5130.000 0.901
5135.000 0.877
5140.000 0.856
5145.000 0.836
5150.000 0.820
5155.000 0.806
5160.000 0.790
5165.000 0.775
5170.000 0.765
5175.000 0.750
5180.000 0.743
5185.000 0.731
5190.000 0.726
5195.000 0.718
5200.000 0.710
5205.000 0.704
5210.000 0.693
5215.000 0.686
5220.000 0.681
5225.000 0.674
5230.000 0.668
5235.000 0.662
5240.000 0.657
5245.000 0.654
5250.000 0.646
5255.000 0.642
5260.000 0.640
5265.000 0.634
5270.000 0.627
5275.000 0.622
5280.000 0.617
5285.000 0.615
5290.000 0.605
5295.000 0.602
5300.000 0.599
5305.000 0.598
5310.000 0.591
5315.000 0.589
5320.000 0.584
5325.000 0.580
5330.000 0.574
5335.000 0.567
5340.000 0.567
5345.000 0.561
5350.000 0.557
5355.000 0.551
5360.000 0.546
5365.000 0.543
5370.000 0.540
5375.000 0.536
5380.000 0.532
5385.000 0.528
5390.000 0.522
5395.000 0.521
5400.000 0.515
5405.000 0.510
5410.000 0.505
5415.000 0.500
5420.000 0.498
5425.000 0.491
5430.000 0.489
5435.000 0.488
5440.000 0.481
5445.000 0.476
5450.000 0.474
5455.000 0.470
5460.000 0.467
5465.000 0.460
5470.000 0.456
5475.000 0.453
5480.000 0.451
5485.000 0.449
5490.000 0.445
5495.000 0.441
5500.000 0.440
5505.000 0.436
5510.000 0.433
5515.000 0.430
5520.000 0.429
5525.000 0.428
5530.000 0.428
5535.000 0.418
5540.000 0.415
5545.000 0.411
5550.000 0.410
5555.000 0.406
5560.000 0.403
5565.000 0.399
5570.000 0.395
5575.000 0.394
5580.000 0.390
5585.000 0.388
5590.000 0.387
5595.000 0.385
5600.000 0.382
5605.000 0.379
5610.000 0.378
5615.000 0.377
5620.000 0.375
5625.000 0.372
5630.000 0.368
5635.000 0.369
5640.000 0.367
5645.000 0.365
5650.000 0.363
5655.000 0.360
5660.000 0.359
5665.000 0.358
5670.000 0.355
5675.000 0.355
5680.000 0.354
5685.000 0.353
5690.000 0.351
5695.000 0.350
5700.000 0.348
5705.000 0.349
5710.000 0.346
5715.000 0.346
5720.000 0.343
5725.000 0.342
5730.000 0.341
5735.000 0.340
5740.000 0.340
5745.000 0.338
5750.000 0.337
5755.000 0.335
5760.000 0.336
5765.000 0.334
5770.000 0.336
5775.000 0.334
5780.000 0.333
5785.000 0.332
5790.000 0.330
5795.000 0.328
5800.000 0.330
5805.000 0.331
5810.000 0.329
5815.000 0.326
5820.000 0.327
5825.000 0.327
5830.000 0.327
5835.000 0.327
5840.000 0.325
5845.000 0.323
5850.000 0.323
5855.000 0.324
5860.000 0.323
5865.000 0.321
5870.000 0.322
5875.000 0.321
5880.000 0.320
5885.000 0.319
5890.000 0.320
5895.000 0.320
5900.000 0.319
5905.000 0.318
5910.000 0.318
5915.000 0.318
5920.000 0.319
5925.000 0.318
5930.000 0.317
5935.000 0.317
5940.000 0.313
5945.000 0.315
5950.000 0.313
5955.000 0.313
5960.000 0.312
5965.000 0.310
5970.000 0.313
5975.000 0.316
5980.000 0.315
5985.000 0.309
5990.000 0.313
5995.000 0.313
6000.000 0.311
6005.000 0.309
6010.000 0.307
6015.000 0.312
6020.000 0.301
6025.000 0.303
6030.000 0.302
6035.000 0.304
6040.000 0.309
6045.000 0.307
6050.000 0.301
6055.000 0.306
6060.000 0.304
6065.000 0.299
6070.000 0.304
6075.000 0.302
6080.000 0.300
6085.000 0.306
6090.000 0.305
6095.000 0.303
6100.000 0.302
6105.000 0.305
6110.000 0.304
6115.000 0.304
6120.000 0.308
6125.000 0.308
6130.000 0.310
6135.000 0.313
6140.000 0.316
6145.000 0.319
6150.000 0.323
6155.000 0.327
6160.000 0.329
6165.000 0.336
6170.000 0.342
6175.000 0.351
6180.000 0.363
6185.000 0.376
6190.000 0.392
6195.000 0.415
6200.000 0.440
6205.000 0.475
6210.000 0.521
6215.000 0.567
6220.000 0.587
6225.000 0.625
6230.000 0.668
6235.000 0.694
6240.000 0.676
6245.000 0.548
6250.000 0.600
6255.000 2.826
6260.000 4.244
6265.000 1.666
6270.000 1.202
6275.000 0.536
6280.000 0.437
6285.000 0.395
6290.000 0.432
6295.000 0.478
6300.000 0.530
6305.000 0.610
6310.000 0.682
6315.000 0.685
6320.000 0.659
6325.000 0.622
6330.000 0.587
6335.000 0.561
6340.000 0.543
6345.000 0.532
6350.000 0.518
6355.000 0.502
6360.000 0.489
6365.000 0.476
6370.000 0.466
6375.000 0.456
6380.000 0.447
6385.000 0.441
6390.000 0.430
6395.000 0.420
6400.000 0.413
6405.000 0.410
6410.000 0.399
6415.000 0.391
6420.000 0.383
6425.000 0.377
6430.000 0.371
6435.000 0.364
6440.000 0.356
6445.000 0.352
6450.000 0.344
6455.000 0.336
6460.000 0.331
6465.000 0.329
6470.000 0.322
6475.000 0.320
6480.000 0.316
6485.000 0.314
6490.000 0.309
6495.000 0.304
6500.000 0.302
6505.000 0.300
6510.000 0.294
6515.000 0.295
6520.000 0.291
6525.000 0.292
6530.000 0.295
6535.000 0.298
6540.000 0.304
6545.000 0.325
6550.000 0.355
6555.000 0.395
6560.000 0.469
6565.000 0.628
6570.000 1.000
6575.000 1.877
6580.000 3.812
6585.000 5.377
6590.000 9.041
6595.000 5.635
6600.000 7.290
6605.000 3.227
6610.000 2.267
6615.000 1.563
6620.000 1.176
6625.000 0.911
6630.000 0.769
6635.000 0.675
6640.000 0.614
6645.000 0.565
6650.000 0.546
6655.000 0.513
6660.000 0.486
6665.000 0.466
6670.000 0.447
6675.000 0.434
6680.000 0.419
6685.000 0.411
6690.000 0.404
6695.000 0.396
6700.000 0.394
6705.000 0.385
6710.000 0.383
6715.000 0.378
6720.000 0.376
6725.000 0.371
6730.000 0.369
6735.000 0.366
6740.000 0.362
6745.000 0.361
6750.000 0.359
6755.000 0.356
6760.000 0.355
6765.000 0.353
6770.000 0.351
6775.000 0.349
6780.000 0.347
6785.000 0.346
6790.000 0.343
6795.000 0.345
6800.000 0.342
6805.000 0.342
6810.000 0.338
6815.000 0.339
6820.000 0.336
6825.000 0.334
6830.000 0.333
6835.000 0.332
6840.000 0.333
6845.000 0.332
6850.000 0.330
6855.000 0.330
6860.000 0.330
6865.000 0.328
6870.000 0.328
6875.000 0.328
6880.000 0.323
6885.000 0.323
6890.000 0.323
6895.000 0.322
6900.000 0.320
6905.000 0.320
6910.000 0.321
6915.000 0.318
6920.000 0.318
6925.000 0.318
6930.000 0.318
6935.000 0.316
6940.000 0.314
6945.000 0.316
6950.000 0.313
6955.000 0.313
6960.000 0.316
6965.000 0.314
6970.000 0.310
6975.000 0.316
6980.000 0.313
6985.000 0.305
6990.000 0.309
6995.000 0.310
7000.000 0.298
7005.000 0.308
7010.000 0.310
7015.000 0.303
7020.000 0.300
7025.000 0.296
7030.000 0.297
7035.000 0.302
7040.000 0.300
7045.000 0.301
7050.000 0.290
7055.000 0.296
7060.000 0.295
7065.000 0.290
7070.000 0.287
7075.000 0.288
7080.000 0.287
7085.000 0.289
7090.000 0.291
7095.000 0.285
7100.000 0.287
7105.000 0.283
7110.000 0.284
7115.000 0.282
7120.000 0.281
7125.000 0.279
7130.000 0.276
7135.000 0.277
7140.000 0.273
7145.000 0.271
7150.000 0.271
7155.000 0.271
7160.000 0.270
7165.000 0.268
7170.000 0.266
7175.000 0.263
7180.000 0.264
7185.000 0.261
7190.000 0.263
7195.000 0.259
7200.000 0.256
7205.000 0.258
7210.000 0.256
7215.000 0.254
7220.000 0.252
7225.000 0.252
7230.000 0.250
7235.000 0.248
7240.000 0.247
7245.000 0.245
7250.000 0.244
7255.000 0.243
7260.000 0.243
7265.000 0.242
7270.000 0.242
7275.000 0.242
7280.000 0.242
7285.000 0.242
7290.000 0.244
7295.000 0.247
7300.000 0.249
7305.000 0.250
7310.000 0.256
7315.000 0.261
7320.000 0.266
7325.000 0.275
7330.000 0.287
7335.000 0.299
7340.000 0.319
7345.000 0.340
7350.000 0.363
7355.000 0.387
7360.000 0.412
7365.000 0.455
7370.000 0.488
7375.000 0.519
7380.000 0.535
7385.000 0.576
7390.000 0.640
7395.000 0.697
7400.000 0.799
7405.000 0.917
7410.000 1.065
7415.000 1.262
7420.000 1.523
7425.000 1.881
7430.000 2.353
7435.000 3.006
7440.000 3.411
7445.000 4.467
7450.000 5.934
7455.000 8.059
7460.000 10.504
7465.000 12.593
7470.000 12.949
7475.000 10.663
7480.000 7.626
7485.000 5.259
7490.000 3.660
7495.000 3.184
7500.000 2.551
7505.000 2.173
7510.000 1.883
7515.000 1.681
7520.000 1.532
7525.000 1.414
7530.000 1.345
7535.000 1.287
7540.000 1.230
7545.000 1.181
7550.000 1.140
7555.000 1.101
7560.000 1.084
7565.000 1.039
7570.000 1.000
7575.000 0.966
7580.000 0.928
7585.000 0.898
7590.000 0.873
7595.000 0.848
7600.000 0.825
7605.000 0.810
7610.000 0.789
7615.000 0.773
7620.000 0.764
7625.000 0.746
7630.000 0.733
7635.000 0.719
7640.000 0.738
7645.000 0.726
7650.000 0.709
7655.000 0.691
7660.000 0.678
7665.000 0.667
7670.000 0.657
7675.000 0.647
7680.000 0.640
7685.000 0.635
7690.000 0.629
7695.000 0.626
7700.000 0.617
7705.000 0.611
7710.000 0.607
7715.000 0.604
7720.000 0.602
7725.000 0.595
7730.000 0.592
7735.000 0.587
7740.000 0.585
7745.000 0.581
7750.000 0.577
7755.000 0.574
7760.000 0.571
7765.000 0.570
7770.000 0.563
7775.000 0.562
7780.000 0.560
7785.000 0.557
7790.000 0.554
7795.000 0.551
7800.000 0.552
7805.000 0.548
7810.000 0.547
7815.000 0.542
7820.000 0.540
7825.000 0.540
7830.000 0.535
7835.000 0.536
7840.000 0.530
7845.000 0.530
7850.000 0.529
7855.000 0.528
7860.000 0.524
7865.000 0.525
7870.000 0.521
7875.000 0.523
7880.000 0.522
7885.000 0.518
7890.000 0.514
7895.000 0.516
7900.000 0.513
7905.000 0.526
7910.000 0.519
7915.000 0.512
7920.000 0.509
7925.000 0.510
7930.000 0.502
7935.000 0.500
7940.000 0.492
7945.000 0.491
7950.000 0.488
7955.000 0.487
7960.000 0.481
7965.000 0.475
7970.000 0.478
7975.000 0.469
7980.000 0.468
7985.000 0.469
7990.000 0.454
7995.000 0.447
8000.000 0.443
8005.000 0.426
8010.000 0.420
8015.000 0.405
8020.000 0.404
8025.000 0.386
8030.000 0.363
8035.000 0.331
8040.000 0.294
8045.000 0.276
8050.000 0.228
8055.000 0.148
8060.000 0.080
8065.000 0.261
8070.000 1.243
8075.000 4.893
8080.000 10.157
8085.000 12.252
8090.000 2.670
8095.000 1.741
8100.000 1.566
8105.000 0.954
8110.000 1.006
8115.000 0.944
8120.000 0.842
8125.000 0.784
8130.000 0.740
8135.000 0.716
8140.000 0.694
8145.000 0.680
8150.000 0.667
8155.000 0.658
8160.000 0.648
8165.000 0.644
8170.000 0.642
8175.000 0.642
8180.000 0.638
8185.000 0.637
8190.000 0.639
8195.000 0.639
8200.000 0.637
8205.000 0.637
8210.000 0.638
8215.000 0.639
8220.000 0.641
8225.000 0.638
8230.000 0.640
8235.000 0.645
8240.000 0.645
8245.000 0.648
8250.000 0.653
8255.000 0.653
8260.000 0.654
8265.000 0.660
8270.000 0.664
8275.000 0.664
8280.000 0.671
8285.000 0.673
8290.000 0.673
8295.000 0.678
8300.000 0.682
8305.000 0.689
8310.000 0.694
8315.000 0.698
8320.000 0.702
8325.000 0.707
8330.000 0.717
8335.000 0.721
8340.000 0.728
8345.000 0.733
8350.000 0.739
8355.000 0.744
8360.000 0.755
8365.000 0.763
8370.000 0.773
8375.000 0.783
8380.000 0.790
8385.000 0.805
8390.000 0.814
8395.000 0.828
8400.000 0.841
8405.000 0.851
8410.000 0.859
8415.000 0.864
8420.000 0.879
8425.000 0.886
8430.000 0.898
8435.000 0.910
8440.000 0.919
8445.000 0.934
8450.000 0.949
8455.000 0.960
8460.000 0.976
8465.000 0.989
8470.000 0.999
8475.000 1.017
8480.000 1.036
8485.000 1.058
8490.000 1.084
8495.000 1.108
8500.000 1.141
8505.000 1.174
8510.000 1.204
8515.000 1.248
8520.000 1.293
8525.000 1.356
8530.000 1.390
8535.000 1.470
8540.000 1.574
8545.000 1.731
8550.000 2.021
8555.000 2.636
8560.000 4.135
8565.000 6.503
8570.000 4.791
8575.000 2.269
8580.000 1.454
8585.000 1.504
8590.000 1.324
8595.000 1.404
8600.000 1.614
8605.000 1.874
8610.000 2.101
8615.000 2.373
8620.000 2.709
8625.000 3.129
8630.000 3.693
8635.000 4.446
8640.000 5.476
8645.000 6.804
8650.000 8.421
8655.000 9.287
8660.000 10.915
8665.000 11.866
8670.000 11.403
8675.000 9.293
8680.000 7.026
8685.000 5.291
8690.000 4.040
8695.000 3.155
8700.000 2.342
8705.000 1.822
8710.000 1.667
8715.000 1.289
8720.000 0.915
8725.000 0.755
8730.000 0.650
8735.000 0.571
8740.000 0.507
8745.000 0.457
8750.000 0.410
8755.000 0.371
8760.000 0.337
8765.000 0.305
8770.000 0.277
8775.000 0.264
8780.000 0.241
8785.000 0.223
8790.000 0.205
8795.000 0.188
8800.000 0.175
8805.000 0.162
8810.000 0.148
8815.000 0.137
8820.000 0.145
8825.000 0.132
8830.000 0.139
8835.000 0.103
8840.000 0.119
8845.000 0.111
8850.000 0.112
8855.000 0.111
8860.000 0.109
8865.000 0.109
8870.000 0.112
8875.000 0.112
8880.000 0.114
8885.000 0.116
8890.000 0.118
8895.000 0.120
8900.000 0.124
8905.000 0.126
8910.000 0.130
8915.000 0.133
8920.000 0.133
8925.000 0.140
8930.000 0.142
8935.000 0.146
8940.000 0.145
8945.000 0.150
8950.000 0.155
8955.000 0.157
8960.000 0.157
8965.000 0.159
8970.000 0.169
8975.000 0.167
8980.000 0.170
8985.000 0.178
8990.000 0.176
8995.000 0.178
9000.000 0.186
9005.000 0.184
9010.000 0.187
9015.000 0.194
9020.000 0.194
9025.000 0.199
9030.000 0.203
9035.000 0.197
9040.000 0.204
9045.000 0.208
9050.000 0.211
9055.000 0.210
9060.000 0.214
9065.000 0.219
9070.000 0.222
9075.000 0.225
9080.000 0.224
9085.000 0.228
9090.000 0.230
9095.000 0.234
9100.000 0.236
9105.000 0.238
9110.000 0.243
9115.000 0.245
9120.000 0.248
9125.000 0.251
9130.000 0.254
9135.000 0.255
9140.000 0.260
9145.000 0.261
9150.000 0.263
9155.000 0.267
9160.000 0.271
9165.000 0.273
9170.000 0.277
9175.000 0.279
9180.000 0.283
9185.000 0.285
9190.000 0.290
9195.000 0.293
9200.000 0.294
9205.000 0.298
9210.000 0.301
9215.000 0.302
9220.000 0.307
9225.000 0.307
9230.000 0.311
9235.000 0.313
9240.000 0.316
9245.000 0.318
9250.000 0.324
9255.000 0.326
9260.000 0.326
9265.000 0.330
9270.000 0.332
9275.000 0.336
9280.000 0.336
9285.000 0.340
9290.000 0.347
9295.000 0.347
9300.000 0.348
9305.000 0.353
9310.000 0.358
9315.000 0.362
9320.000 0.365
9325.000 0.367
9330.000 0.373
9335.000 0.379
9340.000 0.382
9345.000 0.389
9350.000 0.392
9355.000 0.401
9360.000 0.405
9365.000 0.413
9370.000 0.421
9375.000 0.430
9380.000 0.437
9385.000 0.441
9390.000 0.451
9395.000 0.461
9400.000 0.473
9405.000 0.489
9410.000 0.501
9415.000 0.523
9420.000 0.542
9425.000 0.562
9430.000 0.588
9435.000 0.615
9440.000 0.629
9445.000 0.656
9450.000 0.693
9455.000 0.732
9460.000 0.782
9465.000 0.846
9470.000 0.935
9475.000 1.070
9480.000 1.291
9485.000 1.692
9490.000 2.489
9495.000 4.047
9500.000 6.448
9505.000 7.730
9510.000 8.513
9515.000 3.103
9520.000 2.433
9525.000 0.868
9530.000 0.682
9535.000 0.497
9540.000 0.333
9545.000 0.242
9550.000 0.176
9555.000 0.132
9560.000 0.098
9565.000 0.085
9570.000 0.065
9575.000 0.052
9580.000 0.049
9585.000 0.050
9590.000 0.054
9595.000 0.060
9600.000 0.062
9605.000 0.072
9610.000 0.077
9615.000 0.082
9620.000 0.087
9625.000 0.093
9630.000 0.095
9635.000 0.100
9640.000 0.103
9645.000 0.105
9650.000 0.109
9655.000 0.113
9660.000 0.116
9665.000 0.118
9670.000 0.118
9675.000 0.122
9680.000 0.124
9685.000 0.125
9690.000 0.126
9695.000 0.127
9700.000 0.127
9705.000 0.128
9710.000 0.130
9715.000 0.129
9720.000 0.130
9725.000 0.129
9730.000 0.128
9735.000 0.129
9740.000 0.129
9745.000 0.127
9750.000 0.127
9755.000 0.125
9760.000 0.124
9765.000 0.122
9770.000 0.119
9775.000 0.116
9780.000 0.113
9785.000 0.111
9790.000 0.109
9795.000 0.107
9800.000 0.107
9805.000 0.109
9810.000 0.111
9815.000 0.122
9820.000 0.139
9825.000 0.171
9830.000 0.221
9835.000 0.297
9840.000 0.406
9845.000 0.524
9850.000 0.589
9855.000 0.548
9860.000 0.477
9865.000 0.410
9870.000 0.360
9875.000 0.343
9880.000 0.324
9885.000 0.330
9890.000 0.359
9895.000 0.416
9900.000 0.482
9905.000 0.542
9910.000 0.604
9915.000 0.586
9920.000 0.543
9925.000 0.515
9930.000 0.501
9935.000 0.476
9940.000 0.460
9945.000 0.443
9950.000 0.428
9955.000 0.415
9960.000 0.403
9965.000 0.395
9970.000 0.389
9975.000 0.382
9980.000 0.376
9985.000 0.370
9990.000 0.364
9995.000 0.358
10000.000 0.354
10005.000 0.359
10010.000 0.355
10015.000 0.349
10020.000 0.343
10025.000 0.335
10030.000 0.334
10035.000 0.335
10040.000 0.334
10045.000 0.328
10050.000 0.326
10055.000 0.327
10060.000 0.324
10065.000 0.318
10070.000 0.319
10075.000 0.313
10080.000 0.310
10085.000 0.309
10090.000 0.303
10095.000 0.301
10100.000 0.294
10105.000 0.290
10110.000 0.286
10115.000 0.287
10120.000 0.280
10125.000 0.272
10130.000 0.268
10135.000 0.262
10140.000 0.255
10145.000 0.245
10150.000 0.234
10155.000 0.224
10160.000 0.207
10165.000 0.190
10170.000 0.164
10175.000 0.127
10180.000 0.103
10185.000 0.060
10190.000 0.106
10195.000 0.424
10200.000 1.771
10205.000 2.957
10210.000 0.359
10215.000 2.635
10220.000 0.992
10225.000 0.913
10230.000 0.851
10235.000 0.798
10240.000 0.729
10245.000 0.647
10250.000 0.584
10255.000 0.533
10260.000 0.487
10265.000 0.453
10270.000 0.428
10275.000 0.414
10280.000 0.410
10285.000 0.404
10290.000 0.397
10295.000 0.396
10300.000 0.393
10305.000 0.393
10310.000 0.384
10315.000 0.380
10320.000 0.378
10325.000 0.376
10330.000 0.373
10335.000 0.368
10340.000 0.369
10345.000 0.368
10350.000 0.368
10355.000 0.367
10360.000 0.367
10365.000 0.365
10370.000 0.362
10375.000 0.362
10380.000 0.364
10385.000 0.361
10390.000 0.350
10395.000 0.355
10400.000 0.352
10405.000 0.351
10410.000 0.351
10415.000 0.349
10420.000 0.348
10425.000 0.346
10430.000 0.344
10435.000 0.341
10440.000 0.338
10445.000 0.339
10450.000 0.336
10455.000 0.339
10460.000 0.351
10465.000 0.343
10470.000 0.340
10475.000 0.339
10480.000 0.335
10485.000 0.332
10490.000 0.334
10495.000 0.335
10500.000 0.335
10505.000 0.333
10510.000 0.328
10515.000 0.328
10520.000 0.323
10525.000 0.321
10530.000 0.317
10535.000 0.316
10540.000 0.315
10545.000 0.315
10550.000 0.314
10555.000 0.315
10560.000 0.310
10565.000 0.307
10570.000 0.311
10575.000 0.308
10580.000 0.308
10585.000 0.308
10590.000 0.310
10595.000 0.303
10600.000 0.302
10605.000 0.305
10610.000 0.297
10615.000 0.296
10620.000 0.289
10625.000 0.296
10630.000 0.291
10635.000 0.285
10640.000 0.281
10645.000 0.280
10650.000 0.275
10655.000 0.276
10660.000 0.288
10665.000 0.285
10670.000 0.282
10675.000 0.273
10680.000 0.259
10685.000 0.257
10690.000 0.251
10695.000 0.247
10700.000 0.241
10705.000 0.240
10710.000 0.238
10715.000 0.233
10720.000 0.232
10725.000 0.227
10730.000 0.221
10735.000 0.214
10740.000 0.211
10745.000 0.205
10750.000 0.199
10755.000 0.192
10760.000 0.185
10765.000 0.182
10770.000 0.171
10775.000 0.166
10780.000 0.158
10785.000 0.152
10790.000 0.146
10795.000 0.135
10800.000 0.127
10805.000 0.117
10810.000 0.113
10815.000 0.108
10820.000 0.109
10825.000 0.116
10830.000 0.136
10835.000 0.168
10840.000 0.224
10845.000 0.268
10850.000 0.382
10855.000 0.550
10860.000 0.800
10865.000 1.176
10870.000 1.691
10875.000 2.326
10880.000 2.847
10885.000 2.765
10890.000 2.001
10895.000 1.352
10900.000 1.234
10905.000 1.954
10910.000 2.045
10915.000 1.064
10920.000 0.831
10925.000 0.647
10930.000 0.505
10935.000 0.407
10940.000 0.326
10945.000 0.261
10950.000 0.208
10955.000 0.160
10960.000 0.130
10965.000 0.115
10970.000 0.121
10975.000 0.165
10980.000 0.263
10985.000 0.458
10990.000 0.769
10995.000 1.131
11000.000 1.563
11005.000 2.054
11010.000 2.579
11015.000 3.085
11020.000 3.445
11025.000 3.552
11030.000 3.560
11035.000 3.376
11040.000 3.105
11045.000 2.836
11050.000 2.565
11055.000 2.336
11060.000 2.110
11065.000 1.913
11070.000 1.728
11075.000 1.537
11080.000 1.340
11085.000 1.125
11090.000 1.007
11095.000 0.809
11100.000 0.729
11105.000 0.727
11110.000 0.723
11115.000 0.720
11120.000 0.720
11125.000 0.724
11130.000 0.719
11135.000 0.715
11140.000 0.715
11145.000 0.714
11150.000 0.708
11155.000 0.700
11160.000 0.697
11165.000 0.693
11170.000 0.685
11175.000 0.685
11180.000 0.677
11185.000 0.674
11190.000 0.672
11195.000 0.663
11200.000 0.659
11205.000 0.655
11210.000 0.648
11215.000 0.647
11220.000 0.645
11225.000 0.641
11230.000 0.635
11235.000 0.632
11240.000 0.633
11245.000 0.626
11250.000 0.624
11255.000 0.619
11260.000 0.617
11265.000 0.611
11270.000 0.612
11275.000 0.611
11280.000 0.608
11285.000 0.602
11290.000 0.597
11295.000 0.600
11300.000 0.597
11305.000 0.591
11310.000 0.590
11315.000 0.588
11320.000 0.585
11325.000 0.585
11330.000 0.581
11335.000 0.583
11340.000 0.581
11345.000 0.576
11350.000 0.580
11355.000 0.574
11360.000 0.573
11365.000 0.573
11370.000 0.569
11375.000 0.564
11380.000 0.561
11385.000 0.560
11390.000 0.556
11395.000 0.558
11400.000 0.557
11405.000 0.558
11410.000 0.558
11415.000 0.553
11420.000 0.554
11425.000 0.552
11430.000 0.546
11435.000 0.549
11440.000 0.545
11445.000 0.543
11450.000 0.540
11455.000 0.539
11460.000 0.540
11465.000 0.538
11470.000 0.535
11475.000 0.535
11480.000 0.532
11485.000 0.531
11490.000 0.535
11495.000 0.531
11500.000 0.536
11505.000 0.535
11510.000 0.534
11515.000 0.534
11520.000 0.529
11525.000 0.530
11530.000 0.529
11535.000 0.526
11540.000 0.525
11545.000 0.526
11550.000 0.521
11555.000 0.520
11560.000 0.520
11565.000 0.519
11570.000 0.520
11575.000 0.516
11580.000 0.517
11585.000 0.517
11590.000 0.516
11595.000 0.517
11600.000 0.513
11605.000 0.513
11610.000 0.510
11615.000 0.505
11620.000 0.505
11625.000 0.508
11630.000 0.508
11635.000 0.502
11640.000 0.504
11645.000 0.501
11650.000 0.497
11655.000 0.498
11660.000 0.498
11665.000 0.495
11670.000 0.491
11675.000 0.489
11680.000 0.488
11685.000 0.485
11690.000 0.478
11695.000 0.481
11700.000 0.474
11705.000 0.464
11710.000 0.452
11715.000 0.445
11720.000 0.433
11725.000 0.413
11730.000 0.380
11735.000 0.348
11740.000 0.315
11745.000 0.405
11750.000 1.182
11755.000 1.989
11760.000 3.209
11765.000 2.333
11770.000 0.655
11775.000 1.110
11780.000 0.812
11785.000 0.743
11790.000 0.662
11795.000 0.629
11800.000 0.600
11805.000 0.588
11810.000 0.577
11815.000 0.574
11820.000 0.569
11825.000 0.568
11830.000 0.565
11835.000 0.565
11840.000 0.565
11845.000 0.568
11850.000 0.567
11855.000 0.567
11860.000 0.570
11865.000 0.570
11870.000 0.569
11875.000 0.566
11880.000 0.565
11885.000 0.568
11890.000 0.568
11895.000 0.569
11900.000 0.569
11905.000 0.575
11910.000 0.583
11915.000 0.583
11920.000 0.583
11925.000 0.590
11930.000 0.591
11935.000 0.591
11940.000 0.595
11945.000 0.602
11950.000 0.605
11955.000 0.606
11960.000 0.613
11965.000 0.616
11970.000 0.617
11975.000 0.630
11980.000 0.640
11985.000 0.651
11990.000 0.647
11995.000 0.656
12000.000 0.668
