105.000 0.042
110.000 0.418
115.000 2.112
120.000 2.498
125.000 2.779
130.000 2.908
135.000 3.097
140.000 3.095
145.000 3.187
150.000 3.165
155.000 3.344
160.000 3.183
165.000 3.212
170.000 3.178
175.000 3.146
180.000 3.251
185.000 3.241
190.000 3.180
195.000 3.296
200.000 3.375
205.000 3.445
210.000 3.493
215.000 3.485
220.000 3.590
225.000 3.709
230.000 3.796
235.000 3.862
240.000 3.915
245.000 4.013
250.000 4.068
255.000 4.136
260.000 4.128
265.000 4.217
270.000 4.217
275.000 4.213
280.000 4.245
285.000 4.229
290.000 4.191
295.000 4.205
300.000 4.213
305.000 4.216
310.000 4.257
315.000 4.317
320.000 4.369
325.000 4.542
330.000 4.628
335.000 4.765
340.000 4.947
345.000 5.121
350.000 5.368
355.000 5.626
360.000 5.849
365.000 6.125
370.000 6.470
375.000 6.807
380.000 7.185
385.000 7.529
390.000 7.936
395.000 8.102
400.000 8.432
405.000 8.686
410.000 8.785
415.000 8.783
420.000 8.629
425.000 8.309
430.000 7.855
435.000 7.190
440.000 6.425
445.000 5.627
450.000 4.849
455.000 4.479
460.000 3.858
465.000 3.325
470.000 2.904
475.000 2.602
480.000 2.363
485.000 2.180
490.000 2.016
495.000 1.897
500.000 1.786
505.000 1.711
510.000 1.640
515.000 1.570
520.000 1.482
525.000 1.420
530.000 1.347
535.000 1.275
540.000 1.220
545.000 1.150
550.000 1.112
555.000 1.057
560.000 1.011
565.000 0.950
570.000 0.899
575.000 0.881
580.000 0.832
585.000 0.804
590.000 0.774
595.000 0.748
600.000 0.714
605.000 0.684
610.000 0.662
615.000 0.642
620.000 0.625
625.000 0.604
630.000 0.584
635.000 0.580
640.000 0.572
645.000 0.547
650.000 0.535
655.000 0.525
660.000 0.507
665.000 0.502
670.000 0.503
675.000 0.483
680.000 0.473
685.000 0.472
690.000 0.451
695.000 0.451
700.000 0.442
705.000 0.439
710.000 0.433
715.000 0.419
720.000 0.416
725.000 0.412
730.000 0.409
735.000 0.405
740.000 0.393
745.000 0.392
750.000 0.393
755.000 0.386
760.000 0.381
765.000 0.379
770.000 0.375
775.000 0.375
780.000 0.371
785.000 0.368
790.000 0.364
795.000 0.368
800.000 0.361
805.000 0.358
810.000 0.353
815.000 0.343
820.000 0.352
825.000 0.345
830.000 0.344
835.000 0.335
840.000 0.336
845.000 0.341
850.000 0.339
855.000 0.339
860.000 0.337
865.000 0.332
870.000 0.336
875.000 0.330
880.000 0.333
885.000 0.331
890.000 0.329
895.000 0.328
900.000 0.328
905.000 0.321
910.000 0.327
915.000 0.327
920.000 0.325
925.000 0.324
930.000 0.323
935.000 0.326
940.000 0.325
945.000 0.324
950.000 0.322
955.000 0.316
960.000 0.322
965.000 0.319
970.000 0.318
975.000 0.317
980.000 0.315
985.000 0.325
990.000 0.313
995.000 0.330
1000.000 0.329
1005.000 0.322
1010.000 0.310
1015.000 0.322
1020.000 0.326
1025.000 0.334
1030.000 0.327
1035.000 0.324
1040.000 0.317
1045.000 0.315
1050.000 0.328
1055.000 0.320
1060.000 0.314
1065.000 0.315
1070.000 0.318
1075.000 0.322
1080.000 0.315
1085.000 0.320
1090.000 0.317
1095.000 0.319
1100.000 0.315
1105.000 0.318
1110.000 0.319
1115.000 0.323
1120.000 0.323
1125.000 0.322
1130.000 0.321
1135.000 0.317
1140.000 0.322
1145.000 0.325
1150.000 0.325
1155.000 0.319
1160.000 0.323
1165.000 0.322
1170.000 0.324
1175.000 0.330
1180.000 0.324
1185.000 0.327
1190.000 0.332
1195.000 0.325
1200.000 0.330
1205.000 0.326
1210.000 0.323
1215.000 0.329
1220.000 0.327
1225.000 0.332
1230.000 0.335
1235.000 0.331
1240.000 0.333
1245.000 0.332
1250.000 0.333
1255.000 0.336
1260.000 0.332
1265.000 0.335
1270.000 0.332
1275.000 0.338
1280.000 0.337
1285.000 0.338
1290.000 0.340
1295.000 0.342
1300.000 0.341
1305.000 0.339
1310.000 0.342
1315.000 0.344
1320.000 0.347
1325.000 0.346
1330.000 0.345
1335.000 0.349
1340.000 0.348
1345.000 0.350
1350.000 0.351
1355.000 0.355
1360.000 0.355
1365.000 0.352
1370.000 0.352
1375.000 0.354
1380.000 0.353
1385.000 0.358
1390.000 0.357
1395.000 0.355
1400.000 0.356
1405.000 0.354
1410.000 0.347
1415.000 0.356
1420.000 0.349
1425.000 0.351
1430.000 0.349
1435.000 0.350
1440.000 0.350
1445.000 0.353
1450.000 0.355
1455.000 0.361
1460.000 0.363
1465.000 0.369
1470.000 0.364
1475.000 0.381
1480.000 0.390
1485.000 0.387
1490.000 0.392
1495.000 0.395
1500.000 0.400
1505.000 0.408
1510.000 0.412
1515.000 0.415
1520.000 0.421
1525.000 0.428
1530.000 0.428
1535.000 0.434
1540.000 0.439
1545.000 0.442
1550.000 0.452
1555.000 0.447
1560.000 0.451
1565.000 0.455
1570.000 0.466
1575.000 0.467
1580.000 0.473
1585.000 0.482
1590.000 0.486
1595.000 0.491
1600.000 0.494
1605.000 0.501
1610.000 0.510
1615.000 0.516
1620.000 0.530
1625.000 0.532
1630.000 0.542
1635.000 0.547
1640.000 0.557
1645.000 0.567
1650.000 0.577
1655.000 0.584
1660.000 0.593
1665.000 0.604
1670.000 0.607
1675.000 0.622
1680.000 0.632
1685.000 0.645
1690.000 0.660
1695.000 0.665
1700.000 0.681
1705.000 0.692
1710.000 0.707
1715.000 0.713
1720.000 0.737
1725.000 0.748
1730.000 0.756
1735.000 0.772
1740.000 0.786
1745.000 0.804
1750.000 0.820
1755.000 0.837
1760.000 0.859
1765.000 0.876
1770.000 0.892
1775.000 0.907
1780.000 0.924
1785.000 0.943
1790.000 0.944
1795.000 0.958
1800.000 0.982
1805.000 1.000
1810.000 1.013
1815.000 1.030
1820.000 1.045
1825.000 1.057
1830.000 1.073
1835.000 1.082
1840.000 1.095
1845.000 1.111
1850.000 1.117
1855.000 1.130
1860.000 1.128
1865.000 1.136
1870.000 1.140
1875.000 1.146
1880.000 1.148
1885.000 1.143
1890.000 1.150
1895.000 1.144
1900.000 1.144
1905.000 1.144
1910.000 1.136
1915.000 1.133
1920.000 1.129
1925.000 1.116
1930.000 1.118
1935.000 1.111
1940.000 1.113
1945.000 1.107
1950.000 1.097
1955.000 1.089
1960.000 1.084
1965.000 1.066
1970.000 1.070
1975.000 1.051
1980.000 1.044
1985.000 1.053
1990.000 1.034
1995.000 1.030
2000.000 1.024
2005.000 1.025
2010.000 1.021
2015.000 1.002
2020.000 1.022
2025.000 1.011
2030.000 0.986
2035.000 0.998
2040.000 0.974
2045.000 0.971
2050.000 0.984
2055.000 0.968
2060.000 0.962
2065.000 0.968
2070.000 0.959
2075.000 0.949
2080.000 0.959
2085.000 0.954
2090.000 0.953
2095.000 0.952
2100.000 0.950
2105.000 0.956
2110.000 0.956
2115.000 0.961
2120.000 0.958
2125.000 0.961
2130.000 0.965
2135.000 0.972
2140.000 0.980
2145.000 0.983
2150.000 0.990
2155.000 0.993
2160.000 1.006
2165.000 1.014
2170.000 1.028
2175.000 1.044
2180.000 1.045
2185.000 1.063
2190.000 1.075
2195.000 1.093
2200.000 1.118
2205.000 1.136
2210.000 1.166
2215.000 1.189
2220.000 1.203
2225.000 1.236
2230.000 1.273
2235.000 1.308
2240.000 1.362
2245.000 1.418
2250.000 1.488
2255.000 1.559
2260.000 1.649
2265.000 1.766
2270.000 1.916
2275.000 2.005
2280.000 2.232
2285.000 2.575
2290.000 3.093
2295.000 3.930
2300.000 5.412
2305.000 7.902
2310.000 11.358
2315.000 14.815
2320.000 18.953
2325.000 18.006
2330.000 7.796
2335.000 4.731
2340.000 3.783
2345.000 2.549
2350.000 1.876
2355.000 1.429
2360.000 1.113
2365.000 0.890
2370.000 0.726
2375.000 0.603
2380.000 0.500
2385.000 0.426
2390.000 0.367
2395.000 0.314
2400.000 0.293
2405.000 0.254
2410.000 0.220
2415.000 0.193
2420.000 0.168
2425.000 0.146
2430.000 0.128
2435.000 0.115
2440.000 0.100
2445.000 0.084
2450.000 0.074
2455.000 0.064
2460.000 0.054
2465.000 0.052
2470.000 0.047
2475.000 0.040
2480.000 0.041
2485.000 0.037
2490.000 0.039
2495.000 0.040
2500.000 0.040
2505.000 0.042
2510.000 0.046
2515.000 0.050
2520.000 0.051
2525.000 0.056
2530.000 0.058
2535.000 0.059
2540.000 0.063
2545.000 0.064
2550.000 0.068
2555.000 0.069
2560.000 0.071
2565.000 0.074
2570.000 0.075
2575.000 0.078
2580.000 0.080
2585.000 0.079
2590.000 0.082
2595.000 0.082
2600.000 0.084
2605.000 0.085
2610.000 0.086
2615.000 0.085
2620.000 0.087
2625.000 0.086
2630.000 0.090
2635.000 0.088
2640.000 0.088
2645.000 0.089
2650.000 0.090
2655.000 0.090
2660.000 0.089
2665.000 0.089
2670.000 0.090
2675.000 0.088
2680.000 0.087
2685.000 0.088
2690.000 0.086
2695.000 0.084
2700.000 0.087
2705.000 0.084
2710.000 0.083
2715.000 0.083
2720.000 0.081
2725.000 0.078
2730.000 0.077
2735.000 0.076
2740.000 0.075
2745.000 0.072
2750.000 0.071
2755.000 0.068
2760.000 0.065
2765.000 0.065
2770.000 0.062
2775.000 0.058
2780.000 0.057
2785.000 0.053
2790.000 0.051
2795.000 0.047
2800.000 0.047
2805.000 0.043
2810.000 0.040
2815.000 0.036
2820.000 0.037
2825.000 0.034
2830.000 0.031
2835.000 0.029
2840.000 0.028
2845.000 0.027
2850.000 0.025
2855.000 0.026
2860.000 0.028
2865.000 0.030
2870.000 0.032
2875.000 0.036
2880.000 0.039
2885.000 0.042
2890.000 0.045
2895.000 0.049
2900.000 0.053
2905.000 0.060
2910.000 0.061
2915.000 0.066
2920.000 0.072
2925.000 0.076
2930.000 0.080
2935.000 0.084
2940.000 0.092
2945.000 0.096
2950.000 0.100
2955.000 0.099
2960.000 0.107
2965.000 0.111
2970.000 0.111
2975.000 0.116
2980.000 0.120
2985.000 0.125
2990.000 0.126
2995.000 0.130
3000.000 0.136
3005.000 0.134
3010.000 0.142
3015.000 0.143
3020.000 0.159
3025.000 0.156
3030.000 0.162
3035.000 0.156
3040.000 0.167
3045.000 0.168
3050.000 0.169
3055.000 0.167
3060.000 0.171
3065.000 0.180
3070.000 0.178
3075.000 0.180
3080.000 0.188
3085.000 0.185
3090.000 0.188
3095.000 0.191
3100.000 0.195
3105.000 0.197
3110.000 0.197
3115.000 0.197
3120.000 0.201
3125.000 0.203
3130.000 0.207
3135.000 0.205
3140.000 0.209
3145.000 0.211
3150.000 0.210
3155.000 0.214
3160.000 0.213
3165.000 0.216
3170.000 0.216
3175.000 0.219
3180.000 0.217
3185.000 0.221
3190.000 0.222
3195.000 0.222
3200.000 0.222
3205.000 0.223
3210.000 0.224
3215.000 0.225
3220.000 0.228
3225.000 0.229
3230.000 0.232
3235.000 0.232
3240.000 0.233
3245.000 0.234
3250.000 0.235
3255.000 0.234
3260.000 0.236
3265.000 0.237
3270.000 0.237
3275.000 0.241
3280.000 0.238
3285.000 0.239
3290.000 0.241
3295.000 0.242
3300.000 0.242
3305.000 0.243
3310.000 0.242
3315.000 0.244
3320.000 0.244
3325.000 0.247
3330.000 0.250
3335.000 0.253
3340.000 0.251
3345.000 0.246
3350.000 0.250
3355.000 0.248
3360.000 0.248
3365.000 0.250
3370.000 0.249
3375.000 0.252
3380.000 0.251
3385.000 0.253
3390.000 0.253
3395.000 0.254
3400.000 0.253
3405.000 0.255
3410.000 0.255
3415.000 0.256
3420.000 0.254
3425.000 0.255
3430.000 0.256
3435.000 0.257
3440.000 0.257
3445.000 0.259
3450.000 0.260
3455.000 0.258
3460.000 0.262
3465.000 0.261
3470.000 0.261
3475.000 0.262
3480.000 0.262
3485.000 0.266
3490.000 0.265
3495.000 0.267
3500.000 0.268
3505.000 0.270
3510.000 0.272
3515.000 0.274
3520.000 0.274
3525.000 0.275
3530.000 0.278
3535.000 0.279
3540.000 0.282
3545.000 0.285
3550.000 0.286
3555.000 0.291
3560.000 0.292
3565.000 0.295
3570.000 0.302
3575.000 0.306
3580.000 0.308
3585.000 0.314
3590.000 0.320
3595.000 0.328
3600.000 0.336
3605.000 0.342
3610.000 0.352
3615.000 0.359
3620.000 0.369
3625.000 0.383
3630.000 0.398
3635.000 0.418
3640.000 0.438
3645.000 0.466
3650.000 0.500
3655.000 0.542
3660.000 0.606
3665.000 0.685
3670.000 0.789
3675.000 0.932
3680.000 1.037
3685.000 1.387
3690.000 2.094
3695.000 3.433
3700.000 5.597
3705.000 8.650
3710.000 10.063
3715.000 2.366
3720.000 4.378
3725.000 2.419
3730.000 1.633
3735.000 1.410
3740.000 1.094
3745.000 0.887
3750.000 0.747
3755.000 0.654
3760.000 0.592
3765.000 0.543
3770.000 0.500
3775.000 0.464
3780.000 0.432
3785.000 0.411
3790.000 0.393
3795.000 0.383
3800.000 0.369
3805.000 0.357
3810.000 0.349
3815.000 0.339
3820.000 0.330
3825.000 0.326
3830.000 0.322
3835.000 0.316
3840.000 0.312
3845.000 0.309
3850.000 0.307
3855.000 0.303
3860.000 0.306
3865.000 0.300
3870.000 0.300
3875.000 0.298
3880.000 0.294
3885.000 0.292
3890.000 0.294
3895.000 0.290
3900.000 0.291
3905.000 0.291
3910.000 0.288
3915.000 0.288
3920.000 0.288
3925.000 0.289
3930.000 0.288
3935.000 0.289
3940.000 0.286
3945.000 0.289
3950.000 0.283
3955.000 0.287
3960.000 0.283
3965.000 0.288
3970.000 0.291
3975.000 0.294
3980.000 0.295
3985.000 0.292
3990.000 0.295
3995.000 0.293
4000.000 0.300
4005.000 0.287
4010.000 0.285
4015.000 0.292
4020.000 0.297
4025.000 0.307
4030.000 0.298
4035.000 0.303
4040.000 0.299
4045.000 0.304
4050.000 0.309
4055.000 0.309
4060.000 0.308
4065.000 0.316
4070.000 0.312
4075.000 0.315
4080.000 0.319
4085.000 0.319
4090.000 0.319
4095.000 0.325
4100.000 0.326
4105.000 0.328
4110.000 0.331
4115.000 0.331
4120.000 0.331
4125.000 0.332
4130.000 0.335
4135.000 0.332
4140.000 0.334
4145.000 0.330
4150.000 0.332
4155.000 0.333
4160.000 0.330
4165.000 0.331
4170.000 0.330
4175.000 0.332
4180.000 0.327
4185.000 0.327
4190.000 0.330
4195.000 0.326
4200.000 0.323
4205.000 0.323
4210.000 0.325
4215.000 0.323
4220.000 0.322
4225.000 0.317
4230.000 0.318
4235.000 0.316
4240.000 0.316
4245.000 0.315
4250.000 0.319
4255.000 0.318
4260.000 0.314
4265.000 0.314
4270.000 0.316
4275.000 0.315
4280.000 0.313
4285.000 0.313
4290.000 0.315
4295.000 0.313
4300.000 0.318
4305.000 0.327
4310.000 0.324
4315.000 0.323
4320.000 0.322
4325.000 0.320
4330.000 0.321
4335.000 0.319
4340.000 0.324
4345.000 0.320
4350.000 0.320
4355.000 0.319
4360.000 0.319
4365.000 0.320
4370.000 0.321
4375.000 0.321
4380.000 0.321
4385.000 0.325
4390.000 0.326
4395.000 0.323
4400.000 0.325
4405.000 0.323
4410.000 0.326
4415.000 0.325
4420.000 0.329
4425.000 0.333
4430.000 0.333
4435.000 0.331
4440.000 0.330
4445.000 0.330
4450.000 0.328
4455.000 0.329
4460.000 0.333
4465.000 0.330
4470.000 0.336
4475.000 0.336
4480.000 0.337
4485.000 0.336
4490.000 0.338
4495.000 0.341
4500.000 0.342
4505.000 0.338
4510.000 0.337
4515.000 0.341
4520.000 0.342
4525.000 0.343
4530.000 0.345
4535.000 0.346
4540.000 0.342
4545.000 0.345
4550.000 0.348
4555.000 0.351
4560.000 0.351
4565.000 0.353
4570.000 0.351
4575.000 0.353
4580.000 0.356
4585.000 0.355
4590.000 0.354
4595.000 0.356
4600.000 0.361
4605.000 0.359
4610.000 0.360
4615.000 0.364
4620.000 0.367
4625.000 0.371
4630.000 0.368
4635.000 0.370
4640.000 0.373
4645.000 0.377
4650.000 0.374
4655.000 0.377
4660.000 0.382
4665.000 0.383
4670.000 0.389
4675.000 0.389
4680.000 0.397
4685.000 0.400
4690.000 0.403
4695.000 0.406
4700.000 0.410
4705.000 0.413
4710.000 0.417
4715.000 0.420
4720.000 0.426
4725.000 0.432
4730.000 0.438
4735.000 0.439
4740.000 0.449
4745.000 0.454
4750.000 0.462
4755.000 0.468
4760.000 0.474
4765.000 0.482
4770.000 0.488
4775.000 0.499
4780.000 0.504
4785.000 0.512
4790.000 0.523
4795.000 0.535
4800.000 0.541
4805.000 0.553
4810.000 0.569
4815.000 0.582
4820.000 0.595
4825.000 0.608
4830.000 0.612
4835.000 0.625
4840.000 0.644
4845.000 0.668
4850.000 0.681
4855.000 0.702
4860.000 0.723
4865.000 0.745
4870.000 0.775
4875.000 0.800
4880.000 0.835
4885.000 0.875
4890.000 0.906
4895.000 0.931
4900.000 0.973
4905.000 1.038
4910.000 1.101
4915.000 1.192
4920.000 1.271
4925.000 1.350
4930.000 1.455
4935.000 1.586
4940.000 1.774
4945.000 2.031
4950.000 2.180
4955.000 2.583
4960.000 3.145
4965.000 4.012
4970.000 5.410
4975.000 7.680
4980.000 11.223
4985.000 15.659
4990.000 12.157
4995.000 13.190
5000.000 17.216
5005.000 21.857
5010.000 19.837
5015.000 15.740
5020.000 9.376
5025.000 6.772
5030.000 5.010
5035.000 3.919
5040.000 3.214
5045.000 2.711
5050.000 2.359
5055.000 2.110
5060.000 1.955
5065.000 1.794
5070.000 1.636
5075.000 1.569
5080.000 1.452
5085.000 1.355
5090.000 1.275
5095.000 1.205
5100.000 1.145
5105.000 1.096
5110.000 1.056
5115.000 1.016
5120.000 0.985
5125.000 0.956
5130.000 0.930
5135.000 0.907
5140.000 0.896
5145.000 0.874
5150.000 0.858
5155.000 0.842
5160.000 0.829
5165.000 0.815
5170.000 0.802
5175.000 0.791
5180.000 0.783
5185.000 0.773
5190.000 0.763
5195.000 0.760
5200.000 0.751
5205.000 0.745
5210.000 0.736
5215.000 0.730
5220.000 0.722
5225.000 0.717
5230.000 0.711
5235.000 0.705
5240.000 0.699
5245.000 0.695
5250.000 0.689
5255.000 0.687
5260.000 0.681
5265.000 0.679
5270.000 0.673
5275.000 0.667
5280.000 0.665
5285.000 0.665
5290.000 0.658
5295.000 0.653
5300.000 0.647
5305.000 0.644
5310.000 0.641
5315.000 0.638
5320.000 0.635
5325.000 0.630
5330.000 0.624
5335.000 0.622
5340.000 0.617
5345.000 0.613
5350.000 0.608
5355.000 0.603
5360.000 0.599
5365.000 0.599
5370.000 0.595
5375.000 0.589
5380.000 0.587
5385.000 0.582
5390.000 0.575
5395.000 0.571
5400.000 0.569
5405.000 0.564
5410.000 0.559
5415.000 0.555
5420.000 0.550
5425.000 0.545
5430.000 0.543
5435.000 0.538
5440.000 0.534
5445.000 0.532
5450.000 0.528
5455.000 0.524
5460.000 0.520
5465.000 0.516
5470.000 0.513
5475.000 0.508
5480.000 0.503
5485.000 0.502
5490.000 0.497
5495.000 0.494
5500.000 0.495
5505.000 0.489
5510.000 0.487
5515.000 0.484
5520.000 0.483
5525.000 0.489
5530.000 0.487
5535.000 0.478
5540.000 0.471
5545.000 0.464
5550.000 0.460
5555.000 0.458
5560.000 0.456
5565.000 0.454
5570.000 0.451
5575.000 0.447
5580.000 0.446
5585.000 0.443
5590.000 0.441
5595.000 0.439
5600.000 0.436
5605.000 0.432
5610.000 0.434
5615.000 0.428
5620.000 0.427
5625.000 0.426
5630.000 0.424
5635.000 0.423
5640.000 0.422
5645.000 0.418
5650.000 0.417
5655.000 0.412
5660.000 0.416
5665.000 0.415
5670.000 0.412
5675.000 0.410
5680.000 0.409
5685.000 0.409
5690.000 0.408
5695.000 0.408
5700.000 0.405
5705.000 0.404
5710.000 0.405
5715.000 0.402
5720.000 0.403
5725.000 0.401
5730.000 0.398
5735.000 0.399
5740.000 0.400
5745.000 0.396
5750.000 0.398
5755.000 0.398
5760.000 0.397
5765.000 0.397
5770.000 0.399
5775.000 0.397
5780.000 0.395
5785.000 0.396
5790.000 0.396
5795.000 0.396
5800.000 0.397
5805.000 0.398
5810.000 0.396
5815.000 0.397
5820.000 0.398
5825.000 0.398
5830.000 0.397
5835.000 0.397
5840.000 0.399
5845.000 0.399
5850.000 0.401
5855.000 0.403
5860.000 0.403
5865.000 0.404
5870.000 0.405
5875.000 0.407
5880.000 0.407
5885.000 0.408
5890.000 0.413
5895.000 0.414
5900.000 0.414
5905.000 0.413
5910.000 0.418
5915.000 0.419
5920.000 0.418
5925.000 0.425
5930.000 0.424
5935.000 0.428
5940.000 0.431
5945.000 0.431
5950.000 0.436
5955.000 0.443
5960.000 0.445
5965.000 0.451
5970.000 0.442
5975.000 0.456
5980.000 0.458
5985.000 0.459
5990.000 0.473
5995.000 0.480
6000.000 0.481
6005.000 0.484
6010.000 0.483
6015.000 0.498
6020.000 0.504
6025.000 0.519
6030.000 0.519
6035.000 0.533
6040.000 0.538
6045.000 0.552
6050.000 0.564
6055.000 0.566
6060.000 0.585
6065.000 0.599
6070.000 0.605
6075.000 0.615
6080.000 0.631
6085.000 0.643
6090.000 0.652
6095.000 0.666
6100.000 0.687
6105.000 0.702
6110.000 0.710
6115.000 0.732
6120.000 0.753
6125.000 0.776
6130.000 0.800
6135.000 0.826
6140.000 0.862
6145.000 0.900
6150.000 0.929
6155.000 0.984
6160.000 1.031
6165.000 1.087
6170.000 1.154
6175.000 1.185
6180.000 1.255
6185.000 1.349
6190.000 1.464
6195.000 1.594
6200.000 1.780
6205.000 2.013
6210.000 2.335
6215.000 2.800
6220.000 3.479
6225.000 4.506
6230.000 5.189
6235.000 7.040
6240.000 9.507
6245.000 12.255
6250.000 14.353
6255.000 14.702
6260.000 12.732
6265.000 7.341
6270.000 5.055
6275.000 3.586
6280.000 2.758
6285.000 2.227
6290.000 2.038
6295.000 1.765
6300.000 1.591
6305.000 1.496
6310.000 1.424
6315.000 1.401
6320.000 1.337
6325.000 1.235
6330.000 1.146
6335.000 1.068
6340.000 0.994
6345.000 0.937
6350.000 0.877
6355.000 0.854
6360.000 0.804
6365.000 0.766
6370.000 0.727
6375.000 0.692
6380.000 0.667
6385.000 0.639
6390.000 0.615
6395.000 0.593
6400.000 0.575
6405.000 0.552
6410.000 0.537
6415.000 0.530
6420.000 0.514
6425.000 0.500
6430.000 0.485
6435.000 0.471
6440.000 0.460
6445.000 0.447
6450.000 0.436
6455.000 0.423
6460.000 0.415
6465.000 0.403
6470.000 0.398
6475.000 0.388
6480.000 0.380
6485.000 0.369
6490.000 0.358
6495.000 0.345
6500.000 0.338
6505.000 0.327
6510.000 0.316
6515.000 0.303
6520.000 0.291
6525.000 0.278
6530.000 0.268
6535.000 0.262
6540.000 0.251
6545.000 0.244
6550.000 0.244
6555.000 0.258
6560.000 0.298
6565.000 0.384
6570.000 0.568
6575.000 1.131
6580.000 3.455
6585.000 7.785
6590.000 11.787
6595.000 10.669
6600.000 4.301
6605.000 2.772
6610.000 2.625
6615.000 1.769
6620.000 1.422
6625.000 1.199
6630.000 1.020
6635.000 0.906
6640.000 0.825
6645.000 0.757
6650.000 0.710
6655.000 0.668
6660.000 0.650
6665.000 0.621
6670.000 0.596
6675.000 0.575
6680.000 0.555
6685.000 0.549
6690.000 0.536
6695.000 0.527
6700.000 0.516
6705.000 0.509
6710.000 0.503
6715.000 0.499
6720.000 0.494
6725.000 0.486
6730.000 0.483
6735.000 0.477
6740.000 0.492
6745.000 0.499
6750.000 0.496
6755.000 0.493
6760.000 0.480
6765.000 0.468
6770.000 0.463
6775.000 0.457
6780.000 0.452
6785.000 0.447
6790.000 0.445
6795.000 0.443
6800.000 0.439
6805.000 0.432
6810.000 0.430
6815.000 0.431
6820.000 0.427
6825.000 0.425
6830.000 0.424
6835.000 0.422
6840.000 0.420
6845.000 0.419
6850.000 0.419
6855.000 0.417
6860.000 0.414
6865.000 0.415
6870.000 0.415
6875.000 0.411
6880.000 0.411
6885.000 0.410
6890.000 0.409
6895.000 0.408
6900.000 0.405
6905.000 0.406
6910.000 0.405
6915.000 0.403
6920.000 0.401
6925.000 0.403
6930.000 0.399
6935.000 0.400
6940.000 0.398
6945.000 0.399
6950.000 0.396
6955.000 0.400
6960.000 0.395
6965.000 0.394
6970.000 0.396
6975.000 0.394
6980.000 0.392
6985.000 0.393
6990.000 0.395
6995.000 0.393
7000.000 0.389
7005.000 0.394
7010.000 0.399
7015.000 0.389
7020.000 0.389
7025.000 0.385
7030.000 0.385
7035.000 0.396
7040.000 0.388
7045.000 0.389
7050.000 0.390
7055.000 0.389
7060.000 0.389
7065.000 0.386
7070.000 0.391
7075.000 0.388
7080.000 0.387
7085.000 0.383
7090.000 0.385
7095.000 0.384
7100.000 0.388
7105.000 0.388
7110.000 0.387
7115.000 0.385
7120.000 0.384
7125.000 0.382
7130.000 0.383
7135.000 0.383
7140.000 0.380
7145.000 0.383
7150.000 0.379
7155.000 0.377
7160.000 0.379
7165.000 0.380
7170.000 0.375
7175.000 0.374
7180.000 0.373
7185.000 0.376
7190.000 0.374
7195.000 0.375
7200.000 0.374
7205.000 0.370
7210.000 0.372
7215.000 0.369
7220.000 0.368
7225.000 0.364
7230.000 0.365
7235.000 0.365
7240.000 0.362
7245.000 0.359
7250.000 0.358
7255.000 0.357
7260.000 0.357
7265.000 0.355
7270.000 0.353
7275.000 0.351
7280.000 0.350
7285.000 0.344
7290.000 0.344
7295.000 0.337
7300.000 0.337
7305.000 0.334
7310.000 0.331
7315.000 0.328
7320.000 0.323
7325.000 0.320
7330.000 0.316
7335.000 0.311
7340.000 0.306
7345.000 0.302
7350.000 0.296
7355.000 0.290
7360.000 0.287
7365.000 0.281
7370.000 0.269
7375.000 0.257
7380.000 0.245
7385.000 0.236
7390.000 0.225
7395.000 0.210
7400.000 0.205
7405.000 0.191
7410.000 0.182
7415.000 0.173
7420.000 0.179
7425.000 0.191
7430.000 0.241
7435.000 0.337
7440.000 0.537
7445.000 0.717
7450.000 1.281
7455.000 2.079
7460.000 3.293
7465.000 4.790
7470.000 5.821
7475.000 5.747
7480.000 4.795
7485.000 3.557
7490.000 2.650
7495.000 2.102
7500.000 1.523
7505.000 1.353
7510.000 1.020
7515.000 0.832
7520.000 0.759
7525.000 0.716
7530.000 0.679
7535.000 0.655
7540.000 0.637
7545.000 0.629
7550.000 0.626
7555.000 0.613
7560.000 0.612
7565.000 0.606
7570.000 0.600
7575.000 0.595
7580.000 0.595
7585.000 0.588
7590.000 0.584
7595.000 0.585
7600.000 0.579
7605.000 0.576
7610.000 0.571
7615.000 0.565
7620.000 0.567
7625.000 0.566
7630.000 0.566
7635.000 0.563
7640.000 0.559
7645.000 0.555
7650.000 0.553
7655.000 0.552
7660.000 0.550
7665.000 0.547
7670.000 0.548
7675.000 0.545
7680.000 0.545
7685.000 0.544
7690.000 0.546
7695.000 0.539
7700.000 0.543
7705.000 0.537
7710.000 0.534
7715.000 0.534
7720.000 0.531
7725.000 0.528
7730.000 0.526
7735.000 0.530
7740.000 0.528
7745.000 0.528
7750.000 0.524
7755.000 0.527
7760.000 0.523
7765.000 0.520
7770.000 0.523
7775.000 0.523
7780.000 0.522
7785.000 0.517
7790.000 0.518
7795.000 0.523
7800.000 0.521
7805.000 0.517
7810.000 0.519
7815.000 0.521
7820.000 0.519
7825.000 0.518
7830.000 0.520
7835.000 0.521
7840.000 0.522
7845.000 0.518
7850.000 0.517
7855.000 0.518
7860.000 0.515
7865.000 0.516
7870.000 0.516
7875.000 0.516
7880.000 0.511
7885.000 0.511
7890.000 0.509
7895.000 0.511
7900.000 0.509
7905.000 0.512
7910.000 0.516
7915.000 0.511
7920.000 0.509
7925.000 0.509
7930.000 0.508
7935.000 0.508
7940.000 0.510
7945.000 0.503
7950.000 0.503
7955.000 0.506
7960.000 0.512
7965.000 0.506
7970.000 0.499
7975.000 0.503
7980.000 0.501
7985.000 0.486
7990.000 0.494
7995.000 0.490
8000.000 0.492
8005.000 0.483
8010.000 0.483
8015.000 0.467
8020.000 0.475
8025.000 0.462
8030.000 0.456
8035.000 0.433
8040.000 0.415
8045.000 0.380
8050.000 0.341
8055.000 0.308
8060.000 0.225
8065.000 0.058
8070.000 0.308
8075.000 2.488
8080.000 6.753
8085.000 10.219
8090.000 3.337
8095.000 1.204
8100.000 1.367
8105.000 0.702
8110.000 0.760
8115.000 0.690
8120.000 0.664
8125.000 0.614
8130.000 0.596
8135.000 0.578
8140.000 0.566
8145.000 0.558
8150.000 0.550
8155.000 0.549
8160.000 0.547
8165.000 0.544
8170.000 0.546
8175.000 0.546
8180.000 0.551
8185.000 0.550
8190.000 0.552
8195.000 0.555
8200.000 0.561
8205.000 0.564
8210.000 0.565
8215.000 0.568
8220.000 0.572
8225.000 0.573
8230.000 0.581
8235.000 0.579
8240.000 0.581
8245.000 0.587
8250.000 0.589
8255.000 0.594
8260.000 0.598
8265.000 0.600
8270.000 0.607
8275.000 0.615
8280.000 0.615
8285.000 0.623
8290.000 0.628
8295.000 0.635
8300.000 0.637
8305.000 0.643
8310.000 0.648
8315.000 0.657
8320.000 0.662
8325.000 0.669
8330.000 0.678
8335.000 0.686
8340.000 0.693
8345.000 0.704
8350.000 0.710
8355.000 0.716
8360.000 0.715
8365.000 0.718
8370.000 0.726
8375.000 0.737
8380.000 0.736
8385.000 0.746
8390.000 0.756
8395.000 0.768
8400.000 0.771
8405.000 0.776
8410.000 0.790
8415.000 0.797
8420.000 0.802
8425.000 0.816
8430.000 0.823
8435.000 0.833
8440.000 0.850
8445.000 0.860
8450.000 0.871
8455.000 0.887
8460.000 0.905
8465.000 0.918
8470.000 0.932
8475.000 0.955
8480.000 0.966
8485.000 0.983
8490.000 1.004
8495.000 1.036
8500.000 1.064
8505.000 1.100
8510.000 1.128
8515.000 1.173
8520.000 1.224
8525.000 1.277
8530.000 1.349
8535.000 1.438
8540.000 1.565
8545.000 1.652
8550.000 1.928
8555.000 2.502
8560.000 3.871
8565.000 6.308
8570.000 5.523
8575.000 2.100
8580.000 0.997
8585.000 1.400
8590.000 1.246
8595.000 1.489
8600.000 1.677
8605.000 1.800
8610.000 2.067
8615.000 2.360
8620.000 2.705
8625.000 3.147
8630.000 3.720
8635.000 4.490
8640.000 5.504
8645.000 6.815
8650.000 8.428
8655.000 10.157
8660.000 11.730
8665.000 12.273
8670.000 12.190
8675.000 10.358
8680.000 7.879
8685.000 5.855
8690.000 4.384
8695.000 3.341
8700.000 2.474
8705.000 1.746
8710.000 1.124
8715.000 0.660
8720.000 0.632
8725.000 0.649
8730.000 0.665
8735.000 0.649
8740.000 0.618
8745.000 0.573
8750.000 0.532
8755.000 0.495
8760.000 0.458
8765.000 0.426
8770.000 0.397
8775.000 0.368
8780.000 0.342
8785.000 0.332
8790.000 0.311
8795.000 0.291
8800.000 0.273
8805.000 0.256
8810.000 0.241
8815.000 0.225
8820.000 0.215
8825.000 0.202
8830.000 0.189
8835.000 0.170
8840.000 0.171
8845.000 0.170
8850.000 0.162
8855.000 0.157
8860.000 0.150
8865.000 0.146
8870.000 0.140
8875.000 0.137
8880.000 0.132
8885.000 0.131
8890.000 0.127
8895.000 0.126
8900.000 0.124
8905.000 0.123
8910.000 0.123
8915.000 0.121
8920.000 0.121
8925.000 0.120
8930.000 0.119
8935.000 0.118
8940.000 0.121
8945.000 0.123
8950.000 0.126
8955.000 0.122
8960.000 0.124
8965.000 0.128
8970.000 0.129
8975.000 0.132
8980.000 0.134
8985.000 0.133
8990.000 0.134
8995.000 0.135
9000.000 0.140
9005.000 0.136
9010.000 0.136
9015.000 0.143
9020.000 0.140
9025.000 0.145
9030.000 0.149
9035.000 0.148
9040.000 0.151
9045.000 0.154
9050.000 0.152
9055.000 0.158
9060.000 0.161
9065.000 0.158
9070.000 0.162
9075.000 0.165
9080.000 0.164
9085.000 0.167
9090.000 0.167
9095.000 0.168
9100.000 0.172
9105.000 0.174
9110.000 0.177
9115.000 0.175
9120.000 0.180
9125.000 0.181
9130.000 0.184
9135.000 0.185
9140.000 0.187
9145.000 0.189
9150.000 0.190
9155.000 0.191
9160.000 0.193
9165.000 0.195
9170.000 0.197
9175.000 0.198
9180.000 0.201
9185.000 0.203
9190.000 0.205
9195.000 0.206
9200.000 0.210
9205.000 0.210
9210.000 0.212
9215.000 0.214
9220.000 0.218
9225.000 0.218
9230.000 0.222
9235.000 0.222
9240.000 0.226
9245.000 0.228
9250.000 0.232
9255.000 0.231
9260.000 0.232
9265.000 0.237
9270.000 0.239
9275.000 0.243
9280.000 0.246
9285.000 0.247
9290.000 0.251
9295.000 0.251
9300.000 0.257
9305.000 0.259
9310.000 0.258
9315.000 0.264
9320.000 0.266
9325.000 0.270
9330.000 0.271
9335.000 0.272
9340.000 0.276
9345.000 0.279
9350.000 0.281
9355.000 0.285
9360.000 0.291
9365.000 0.295
9370.000 0.300
9375.000 0.304
9380.000 0.310
9385.000 0.318
9390.000 0.326
9395.000 0.334
9400.000 0.335
9405.000 0.346
9410.000 0.355
9415.000 0.368
9420.000 0.382
9425.000 0.395
9430.000 0.415
9435.000 0.436
9440.000 0.460
9445.000 0.494
9450.000 0.529
9455.000 0.551
9460.000 0.606
9465.000 0.673
9470.000 0.756
9475.000 0.875
9480.000 1.081
9485.000 1.445
9490.000 2.177
9495.000 3.593
9500.000 5.819
9505.000 8.409
9510.000 8.193
9515.000 5.166
9520.000 1.639
9525.000 1.114
9530.000 0.853
9535.000 0.596
9540.000 0.448
9545.000 0.359
9550.000 0.287
9555.000 0.237
9560.000 0.199
9565.000 0.169
9570.000 0.149
9575.000 0.130
9580.000 0.123
9585.000 0.112
9590.000 0.100
9595.000 0.092
9600.000 0.086
9605.000 0.077
9610.000 0.077
9615.000 0.074
9620.000 0.071
9625.000 0.067
9630.000 0.066
9635.000 0.064
9640.000 0.066
9645.000 0.067
9650.000 0.065
9655.000 0.068
9660.000 0.069
9665.000 0.072
9670.000 0.077
9675.000 0.081
9680.000 0.085
9685.000 0.091
9690.000 0.096
9695.000 0.100
9700.000 0.108
9705.000 0.117
9710.000 0.126
9715.000 0.136
9720.000 0.148
9725.000 0.163
9730.000 0.179
9735.000 0.196
9740.000 0.216
9745.000 0.239
9750.000 0.267
9755.000 0.301
9760.000 0.320
9765.000 0.365
9770.000 0.421
9775.000 0.487
9780.000 0.561
9785.000 0.654
9790.000 0.779
9795.000 0.952
9800.000 1.156
9805.000 1.418
9810.000 1.744
9815.000 2.251
9820.000 2.551
9825.000 3.270
9830.000 4.128
9835.000 5.060
9840.000 5.893
9845.000 6.408
9850.000 6.250
9855.000 5.423
9860.000 4.319
9865.000 3.371
9870.000 2.647
9875.000 2.124
9880.000 1.748
9885.000 1.605
9890.000 1.388
9895.000 1.243
9900.000 1.154
9905.000 1.172
9910.000 1.198
9915.000 1.105
9920.000 1.036
9925.000 0.996
9930.000 0.957
9935.000 0.925
9940.000 0.907
9945.000 0.878
9950.000 0.851
9955.000 0.829
9960.000 0.804
9965.000 0.782
9970.000 0.761
9975.000 0.749
9980.000 0.730
9985.000 0.710
9990.000 0.698
9995.000 0.690
10000.000 0.677
10005.000 0.669
10010.000 0.659
10015.000 0.649
10020.000 0.631
10025.000 0.616
10030.000 0.607
10035.000 0.606
10040.000 0.595
10045.000 0.591
10050.000 0.578
10055.000 0.573
10060.000 0.565
10065.000 0.559
10070.000 0.551
10075.000 0.544
10080.000 0.532
10085.000 0.529
10090.000 0.522
10095.000 0.512
10100.000 0.512
10105.000 0.501
10110.000 0.491
10115.000 0.484
10120.000 0.479
10125.000 0.472
10130.000 0.463
10135.000 0.454
10140.000 0.443
10145.000 0.432
10150.000 0.419
10155.000 0.404
10160.000 0.382
10165.000 0.357
10170.000 0.331
10175.000 0.289
10180.000 0.264
10185.000 0.196
10190.000 0.124
10195.000 0.264
10200.000 1.425
10205.000 3.280
10210.000 1.852
10215.000 3.139
10220.000 1.574
10225.000 1.319
10230.000 1.235
10235.000 1.133
10240.000 1.000
10245.000 0.953
10250.000 0.846
10255.000 0.768
10260.000 0.701
10265.000 0.649
10270.000 0.604
10275.000 0.573
10280.000 0.558
10285.000 0.548
10290.000 0.543
10295.000 0.537
10300.000 0.535
10305.000 0.533
10310.000 0.530
10315.000 0.522
10320.000 0.517
10325.000 0.512
10330.000 0.514
10335.000 0.508
10340.000 0.503
10345.000 0.499
10350.000 0.496
10355.000 0.495
10360.000 0.492
10365.000 0.492
10370.000 0.489
10375.000 0.493
10380.000 0.490
10385.000 0.489
10390.000 0.494
10395.000 0.489
10400.000 0.485
10405.000 0.482
10410.000 0.481
10415.000 0.475
10420.000 0.475
10425.000 0.474
10430.000 0.473
10435.000 0.471
10440.000 0.470
10445.000 0.466
10450.000 0.467
10455.000 0.465
10460.000 0.460
10465.000 0.459
10470.000 0.458
10475.000 0.457
10480.000 0.451
10485.000 0.456
10490.000 0.455
10495.000 0.459
10500.000 0.452
10505.000 0.450
10510.000 0.448
10515.000 0.450
10520.000 0.448
10525.000 0.447
10530.000 0.445
10535.000 0.441
10540.000 0.446
10545.000 0.444
10550.000 0.444
10555.000 0.439
10560.000 0.436
10565.000 0.433
10570.000 0.432
10575.000 0.429
10580.000 0.429
10585.000 0.424
10590.000 0.423
10595.000 0.424
10600.000 0.420
10605.000 0.419
10610.000 0.419
10615.000 0.417
10620.000 0.418
10625.000 0.418
10630.000 0.417
10635.000 0.413
10640.000 0.412
10645.000 0.408
10650.000 0.408
10655.000 0.406
10660.000 0.407
10665.000 0.405
10670.000 0.399
10675.000 0.400
10680.000 0.390
10685.000 0.392
10690.000 0.389
10695.000 0.385
10700.000 0.383
10705.000 0.380
10710.000 0.377
10715.000 0.375
10720.000 0.369
10725.000 0.366
10730.000 0.364
10735.000 0.360
10740.000 0.357
10745.000 0.354
10750.000 0.345
10755.000 0.344
10760.000 0.338
10765.000 0.334
10770.000 0.327
10775.000 0.319
10780.000 0.308
10785.000 0.300
10790.000 0.293
10795.000 0.287
10800.000 0.280
10805.000 0.266
10810.000 0.252
10815.000 0.235
10820.000 0.221
10825.000 0.203
10830.000 0.185
10835.000 0.165
10840.000 0.156
10845.000 0.166
10850.000 0.219
10855.000 0.275
10860.000 0.478
10865.000 0.856
10870.000 1.438
10875.000 2.233
10880.000 3.039
10885.000 3.375
10890.000 2.814
10895.000 2.192
10900.000 1.966
10905.000 2.433
10910.000 2.524
10915.000 1.652
10920.000 1.497
10925.000 1.312
10930.000 1.141
10935.000 1.013
10940.000 0.905
10945.000 0.817
10950.000 0.749
10955.000 0.693
10960.000 0.650
10965.000 0.610
10970.000 0.590
10975.000 0.578
10980.000 0.560
10985.000 0.543
10990.000 0.519
10995.000 0.499
11000.000 0.491
11005.000 0.476
11010.000 0.497
11015.000 0.559
11020.000 0.645
11025.000 0.743
11030.000 0.790
11035.000 0.797
11040.000 0.782
11045.000 0.762
11050.000 0.734
11055.000 0.702
11060.000 0.678
11065.000 0.644
11070.000 0.602
11075.000 0.558
11080.000 0.489
11085.000 0.387
11090.000 0.247
11095.000 0.086
11100.000 0.032
11105.000 0.139
11110.000 0.250
11115.000 0.398
11120.000 0.529
11125.000 0.620
11130.000 0.685
11135.000 0.727
11140.000 0.754
11145.000 0.773
11150.000 0.785
11155.000 0.785
11160.000 0.788
11165.000 0.776
11170.000 0.771
11175.000 0.758
11180.000 0.743
11185.000 0.727
11190.000 0.710
11195.000 0.693
11200.000 0.665
11205.000 0.643
11210.000 0.619
11215.000 0.595
11220.000 0.586
11225.000 0.567
11230.000 0.548
11235.000 0.534
11240.000 0.533
11245.000 0.533
11250.000 0.535
11255.000 0.533
11260.000 0.536
11265.000 0.534
11270.000 0.534
11275.000 0.536
11280.000 0.535
11285.000 0.537
11290.000 0.537
11295.000 0.532
11300.000 0.530
11305.000 0.534
11310.000 0.528
11315.000 0.531
11320.000 0.528
11325.000 0.527
11330.000 0.529
11335.000 0.528
11340.000 0.526
11345.000 0.521
11350.000 0.528
11355.000 0.533
11360.000 0.533
11365.000 0.534
11370.000 0.530
11375.000 0.532
11380.000 0.526
11385.000 0.527
11390.000 0.525
11395.000 0.523
11400.000 0.527
11405.000 0.523
11410.000 0.524
11415.000 0.524
11420.000 0.524
11425.000 0.519
11430.000 0.522
11435.000 0.518
11440.000 0.515
11445.000 0.522
11450.000 0.519
11455.000 0.520
11460.000 0.523
11465.000 0.522
11470.000 0.517
11475.000 0.516
11480.000 0.516
11485.000 0.518
11490.000 0.517
11495.000 0.516
11500.000 0.514
11505.000 0.515
11510.000 0.515
11515.000 0.516
11520.000 0.521
11525.000 0.518
11530.000 0.522
11535.000 0.515
11540.000 0.518
11545.000 0.517
11550.000 0.515
11555.000 0.512
11560.000 0.515
11565.000 0.514
11570.000 0.511
11575.000 0.511
11580.000 0.507
11585.000 0.508
11590.000 0.510
11595.000 0.512
11600.000 0.509
11605.000 0.511
11610.000 0.511
11615.000 0.511
11620.000 0.511
11625.000 0.509
11630.000 0.507
11635.000 0.508
11640.000 0.511
11645.000 0.508
11650.000 0.511
11655.000 0.510
11660.000 0.505
11665.000 0.505
11670.000 0.507
11675.000 0.505
11680.000 0.511
11685.000 0.508
11690.000 0.508
11695.000 0.505
11700.000 0.504
11705.000 0.500
11710.000 0.499
11715.000 0.492
11720.000 0.484
11725.000 0.475
11730.000 0.464
11735.000 0.443
11740.000 0.412
11745.000 0.397
11750.000 0.593
11755.000 1.648
11760.000 2.509
11765.000 2.144
11770.000 0.606
11775.000 0.984
11780.000 0.702
11785.000 0.660
11790.000 0.602
11795.000 0.578
11800.000 0.560
11805.000 0.552
11810.000 0.545
11815.000 0.547
11820.000 0.544
11825.000 0.548
11835.000 0.555
11840.000 0.556
11845.000 0.559
11850.000 0.556
11855.000 0.562
11860.000 0.561
11865.000 0.618
11875.000 0.567
11885.000 0.575
11895.000 0.581
11905.000 0.591
11910.000 0.589
11915.000 0.590
11920.000 0.592
11925.000 0.596
11930.000 0.603
11935.000 0.612
11940.000 0.615
11945.000 0.620
11955.000 0.628
11960.000 0.635
11965.000 0.639
11970.000 0.647
11975.000 0.653
11980.000 0.661
11985.000 0.676
11990.000 0.681
11995.000 0.688
12000.000 0.705
