105.000 0.024
110.000 0.932
115.000 3.182
120.000 4.243
125.000 4.808
130.000 4.970
135.000 5.301
140.000 5.432
145.000 5.590
150.000 5.693
155.000 5.810
160.000 5.856
165.000 5.831
170.000 5.818
175.000 5.759
180.000 5.839
185.000 6.023
190.000 6.200
195.000 6.702
200.000 7.525
205.000 8.012
210.000 9.013
215.000 9.965
220.000 11.886
225.000 12.910
230.000 12.868
235.000 12.936
240.000 13.467
245.000 14.759
250.000 17.215
255.000 18.366
260.000 21.625
265.000 23.799
270.000 27.585
275.000 32.959
280.000 36.791
285.000 45.982
290.000 51.363
295.000 61.435
300.000 63.418
305.000 64.067
310.000 55.377
315.000 47.280
320.000 37.862
325.000 32.632
330.000 30.919
335.000 28.248
340.000 27.210
345.000 23.517
350.000 21.592
355.000 20.941
360.000 20.009
365.000 19.691
370.000 19.829
375.000 20.671
380.000 21.275
385.000 22.962
390.000 24.043
395.000 26.353
400.000 28.367
405.000 29.353
410.000 31.291
415.000 32.245
420.000 33.915
425.000 35.231
430.000 35.846
435.000 36.720
440.000 37.098
445.000 37.463
450.000 37.587
455.000 37.484
460.000 36.936
465.000 36.485
470.000 35.496
475.000 34.331
480.000 33.734
485.000 32.686
490.000 32.111
495.000 31.223
500.000 30.590
505.000 30.341
510.000 30.091
515.000 30.112
520.000 30.424
525.000 31.251
530.000 31.822
535.000 33.166
540.000 34.058
545.000 36.279
550.000 39.328
555.000 41.236
560.000 45.932
565.000 48.868
570.000 56.301
575.000 65.854
580.000 68.219
585.000 66.133
590.000 65.519
595.000 59.076
600.000 43.551
605.000 29.486
610.000 21.995
615.000 19.083
620.000 15.173
625.000 13.523
630.000 10.962
635.000 8.943
640.000 8.151
645.000 6.889
650.000 6.343
655.000 5.428
660.000 4.741
665.000 4.469
670.000 3.962
675.000 3.772
680.000 3.389
685.000 3.116
690.000 3.004
695.000 2.780
700.000 2.689
705.000 2.519
710.000 2.379
715.000 2.321
720.000 2.213
725.000 2.177
730.000 2.105
735.000 2.046
740.000 2.001
745.000 1.958
750.000 1.939
755.000 1.913
760.000 1.890
765.000 1.887
770.000 1.898
775.000 1.909
780.000 1.928
785.000 1.962
790.000 1.988
795.000 2.050
800.000 2.093
805.000 2.171
810.000 2.309
815.000 2.392
820.000 2.561
825.000 2.658
830.000 2.944
835.000 3.347
840.000 3.625
845.000 4.448
850.000 5.112
855.000 7.568
860.000 12.922
865.000 16.655
870.000 21.284
875.000 19.626
880.000 10.828
885.000 8.195
890.000 5.238
895.000 3.664
900.000 3.127
905.000 2.363
910.000 2.078
915.000 1.651
920.000 1.359
925.000 1.245
930.000 1.069
935.000 0.962
940.000 0.830
945.000 0.725
950.000 0.678
955.000 0.610
960.000 0.570
965.000 0.517
970.000 0.458
975.000 0.443
980.000 0.405
985.000 0.386
990.000 0.363
995.000 0.339
1000.000 0.321
1005.000 0.309
1010.000 0.301
1015.000 0.294
1020.000 0.270
1025.000 0.274
1030.000 0.270
1035.000 0.269
1040.000 0.262
1045.000 0.268
1050.000 0.272
1055.000 0.282
1060.000 0.294
1065.000 0.316
1070.000 0.338
1075.000 0.351
1080.000 0.391
1085.000 0.414
1090.000 0.462
1095.000 0.525
1100.000 0.574
1105.000 0.675
1110.000 0.730
1115.000 0.888
1120.000 1.103
1125.000 1.245
1130.000 1.672
1135.000 2.005
1140.000 3.174
1145.000 5.339
1150.000 6.547
1155.000 7.340
1160.000 6.330
1165.000 4.028
1170.000 2.907
1175.000 2.500
1180.000 2.003
1185.000 1.820
1190.000 1.553
1195.000 1.358
1200.000 1.282
1205.000 1.160
1210.000 1.111
1215.000 1.028
1220.000 0.966
1225.000 0.941
1230.000 0.899
1235.000 0.882
1240.000 0.852
1245.000 0.827
1250.000 0.818
1255.000 0.806
1260.000 0.808
1265.000 0.804
1270.000 0.808
1275.000 0.809
1280.000 0.818
1285.000 0.826
1290.000 0.838
1295.000 0.859
1300.000 0.870
1305.000 0.904
1310.000 0.916
1315.000 0.956
1320.000 1.008
1325.000 1.037
1330.000 1.104
1335.000 1.142
1340.000 1.235
1345.000 1.332
1350.000 1.377
1355.000 1.489
1360.000 1.548
1365.000 1.700
1370.000 1.887
1375.000 2.004
1380.000 2.300
1385.000 2.490
1390.000 2.988
1395.000 3.726
1400.000 4.246
1405.000 5.703
1410.000 6.722
1415.000 9.561
1420.000 14.182
1425.000 17.181
1430.000 20.009
1435.000 21.493
1440.000 15.120
1445.000 9.746
1450.000 8.076
1455.000 5.800
1460.000 5.022
1465.000 3.919
1470.000 3.475
1475.000 2.886
1480.000 2.477
1485.000 2.310
1490.000 2.065
1495.000 1.973
1500.000 1.835
1505.000 1.727
1510.000 1.674
1515.000 1.571
1520.000 1.527
1525.000 1.457
1530.000 1.391
1535.000 1.366
1540.000 1.325
1545.000 1.307
1550.000 1.284
1555.000 1.264
1560.000 1.262
1565.000 1.256
1570.000 1.260
1575.000 1.263
1580.000 1.273
1585.000 1.281
1590.000 1.304
1595.000 1.315
1600.000 1.357
1605.000 1.405
1610.000 1.434
1615.000 1.501
1620.000 1.527
1625.000 1.592
1630.000 1.676
1635.000 1.729
1640.000 1.867
1645.000 1.963
1650.000 2.239
1655.000 2.674
1660.000 2.985
1665.000 3.909
1670.000 4.608
1675.000 6.530
1680.000 9.361
1685.000 11.224
1690.000 16.227
1695.000 19.522
1700.000 26.902
1705.000 31.303
1710.000 30.902
1715.000 24.305
1720.000 20.742
1725.000 15.478
1730.000 11.826
1735.000 10.452
1740.000 8.339
1745.000 7.528
1750.000 6.260
1755.000 5.366
1760.000 5.021
1765.000 4.443
1770.000 4.234
1775.000 3.911
1780.000 3.728
1785.000 3.663
1790.000 3.557
1795.000 3.514
1800.000 3.450
1805.000 3.407
1810.000 3.392
1815.000 3.378
1820.000 3.371
1825.000 3.368
1830.000 3.381
1835.000 3.388
1840.000 3.429
1845.000 3.453
1850.000 3.515
1855.000 3.601
1860.000 3.649
1865.000 3.759
1870.000 3.818
1875.000 3.962
1880.000 4.140
1885.000 4.237
1890.000 4.462
1895.000 4.601
1900.000 4.815
1905.000 5.194
1910.000 5.423
1915.000 5.997
1920.000 6.363
1925.000 7.290
1930.000 8.595
1935.000 9.449
1940.000 11.749
1945.000 13.288
1950.000 17.326
1955.000 22.521
1960.000 25.267
1965.000 29.733
1970.000 30.813
1975.000 29.373
1980.000 23.296
1985.000 20.210
1990.000 15.049
1995.000 13.143
2000.000 10.305
2005.000 8.378
2010.000 7.636
2015.000 6.497
2020.000 6.053
2025.000 5.421
2030.000 4.980
2035.000 4.786
2040.000 4.460
2045.000 4.321
2050.000 4.087
2055.000 3.879
2060.000 3.802
2065.000 3.636
2070.000 3.574
2075.000 3.464
2080.000 3.412
2085.000 3.336
2090.000 3.272
2095.000 3.252
2100.000 3.222
2105.000 3.209
2110.000 3.207
2115.000 3.228
2120.000 3.242
2125.000 3.280
2130.000 3.310
2135.000 3.382
2140.000 3.479
2145.000 3.544
2150.000 3.680
2155.000 3.762
2160.000 3.963
2165.000 4.224
2170.000 4.389
2175.000 4.824
2180.000 5.108
2185.000 5.864
2190.000 7.004
2195.000 7.778
2200.000 9.877
2205.000 11.285
2210.000 14.855
2215.000 18.890
2220.000 20.659
2225.000 22.071
2230.000 21.133
2235.000 16.159
2240.000 11.522
2245.000 9.809
2250.000 7.376
2255.000 6.510
2260.000 5.224
2265.000 4.335
2270.000 3.990
2275.000 3.499
2280.000 3.331
2285.000 3.047
2290.000 2.816
2295.000 2.720
2300.000 2.546
2305.000 2.474
2310.000 2.301
2315.000 2.147
2320.000 2.083
2325.000 1.976
2330.000 1.932
2335.000 1.868
2340.000 1.824
2345.000 1.808
2350.000 1.804
2355.000 1.808
2360.000 1.847
2365.000 1.908
2370.000 1.952
2375.000 2.080
2380.000 2.163
2385.000 2.395
2390.000 2.647
2395.000 2.819
2400.000 3.334
2405.000 3.714
2410.000 4.808
2415.000 6.333
2420.000 7.100
2425.000 7.398
2430.000 6.500
2435.000 4.087
2440.000 2.551
2445.000 2.079
2450.000 1.431
2455.000 1.211
2460.000 0.897
2465.000 0.686
2470.000 0.603
2475.000 0.472
2480.000 0.425
2485.000 0.348
2490.000 0.292
2495.000 0.266
2500.000 0.233
2505.000 0.217
2510.000 0.196
2515.000 0.179
2520.000 0.173
2525.000 0.166
2530.000 0.163
2535.000 0.159
2540.000 0.159
2545.000 0.159
2550.000 0.157
2555.000 0.159
2560.000 0.158
2565.000 0.161
2570.000 0.162
2575.000 0.164
2580.000 0.165
2585.000 0.168
2590.000 0.167
2595.000 0.170
2600.000 0.172
2605.000 0.174
2610.000 0.174
2615.000 0.178
2620.000 0.178
2625.000 0.181
2630.000 0.183
2635.000 0.182
2640.000 0.185
2645.000 0.186
2650.000 0.188
2655.000 0.189
2660.000 0.192
2665.000 0.189
2670.000 0.192
2675.000 0.194
2680.000 0.195
2685.000 0.197
2690.000 0.197
2695.000 0.196
2700.000 0.199
2705.000 0.199
2710.000 0.200
2715.000 0.200
2720.000 0.203
2725.000 0.204
2730.000 0.204
2735.000 0.204
2740.000 0.206
2745.000 0.205
2750.000 0.206
2755.000 0.205
2760.000 0.207
2765.000 0.209
2770.000 0.210
2775.000 0.212
2780.000 0.213
2785.000 0.211
2790.000 0.213
2795.000 0.214
2800.000 0.214
2805.000 0.215
2810.000 0.215
2815.000 0.216
2820.000 0.216
2825.000 0.218
2830.000 0.218
2835.000 0.220
2840.000 0.218
2845.000 0.220
2850.000 0.222
2855.000 0.221
2860.000 0.222
2865.000 0.223
2870.000 0.221
2875.000 0.222
2880.000 0.224
2885.000 0.222
2890.000 0.221
2895.000 0.222
2900.000 0.223
2905.000 0.223
2910.000 0.222
2915.000 0.222
2920.000 0.222
2925.000 0.225
2930.000 0.223
2935.000 0.222
2940.000 0.223
2945.000 0.223
2950.000 0.224
2955.000 0.222
2960.000 0.229
2965.000 0.221
2970.000 0.232
2975.000 0.224
2980.000 0.225
2985.000 0.232
2990.000 0.225
2995.000 0.230
3000.000 0.220
3005.000 0.225
3010.000 0.232
3015.000 0.229
3020.000 0.226
3025.000 0.224
3030.000 0.235
3035.000 0.221
3040.000 0.226
3045.000 0.224
3050.000 0.227
3055.000 0.232
3060.000 0.232
3065.000 0.229
3070.000 0.228
3075.000 0.228
3080.000 0.228
3085.000 0.229
3090.000 0.231
3095.000 0.228
3100.000 0.230
3105.000 0.231
3110.000 0.231
3115.000 0.230
3120.000 0.230
3125.000 0.233
3130.000 0.233
3135.000 0.232
3140.000 0.234
3145.000 0.235
3150.000 0.234
3155.000 0.236
3160.000 0.238
3165.000 0.239
3170.000 0.240
3175.000 0.242
3180.000 0.244
3185.000 0.245
3190.000 0.246
3195.000 0.251
3200.000 0.255
3205.000 0.258
3210.000 0.263
3215.000 0.267
3220.000 0.276
3225.000 0.285
3230.000 0.292
3235.000 0.305
3240.000 0.316
3245.000 0.332
3250.000 0.361
3255.000 0.377
3260.000 0.410
3265.000 0.433
3270.000 0.482
3275.000 0.513
3280.000 0.586
3285.000 0.686
3290.000 0.752
3295.000 0.935
3300.000 1.056
3305.000 1.433
3310.000 2.128
3315.000 2.671
3320.000 4.277
3325.000 5.296
3330.000 7.709
3335.000 10.890
3340.000 12.834
3345.000 16.597
3350.000 17.777
3355.000 16.993
3360.000 13.573
3365.000 12.292
3370.000 10.518
3375.000 9.889
3380.000 8.952
3385.000 8.342
3390.000 8.143
3395.000 7.993
3400.000 8.039
3405.000 8.439
3410.000 9.322
3415.000 9.932
3420.000 11.520
3425.000 12.573
3430.000 15.294
3435.000 18.723
3440.000 20.487
3445.000 22.915
3450.000 22.925
3455.000 19.315
3460.000 13.698
3465.000 11.428
3470.000 8.138
3475.000 6.977
3480.000 5.326
3485.000 4.252
3490.000 3.871
3495.000 3.291
3500.000 3.068
3505.000 2.738
3510.000 2.550
3515.000 2.479
3520.000 2.379
3525.000 2.336
3530.000 2.281
3535.000 2.253
3540.000 2.246
3545.000 2.246
3550.000 2.254
3555.000 2.290
3560.000 2.345
3565.000 2.382
3570.000 2.481
3575.000 2.543
3580.000 2.692
3585.000 2.892
3590.000 3.022
3595.000 3.378
3600.000 3.625
3605.000 4.295
3610.000 5.357
3615.000 6.108
3620.000 8.297
3625.000 9.815
3630.000 13.771
3635.000 17.761
3640.000 19.096
3645.000 18.869
3650.000 16.820
3655.000 11.707
3660.000 8.054
3665.000 6.820
3670.000 5.119
3675.000 4.520
3680.000 3.645
3685.000 3.057
3690.000 2.831
3695.000 2.496
3700.000 2.380
3705.000 2.206
3710.000 2.072
3715.000 2.015
3720.000 1.901
3725.000 1.848
3730.000 1.757
3735.000 1.680
3740.000 1.650
3745.000 1.598
3750.000 1.580
3755.000 1.557
3760.000 1.546
3765.000 1.542
3770.000 1.548
3775.000 1.554
3780.000 1.578
3785.000 1.607
3790.000 1.632
3795.000 1.693
3800.000 1.732
3805.000 1.826
3810.000 1.951
3815.000 2.028
3820.000 2.178
3825.000 2.266
3830.000 2.520
3835.000 2.890
3840.000 3.142
3845.000 3.923
3850.000 4.437
3855.000 5.924
3860.000 6.964
3865.000 9.650
3870.000 12.551
3875.000 13.492
3880.000 13.032
3885.000 11.429
3890.000 7.834
3895.000 5.356
3900.000 4.527
3905.000 3.387
3910.000 2.990
3915.000 2.404
3920.000 2.009
3925.000 1.854
3930.000 1.623
3935.000 1.533
3940.000 1.396
3945.000 1.287
3950.000 1.244
3955.000 1.163
3960.000 1.125
3965.000 1.069
3970.000 1.037
3975.000 1.014
3980.000 0.981
3985.000 0.972
3990.000 0.935
3995.000 0.924
4000.000 0.936
4005.000 0.925
4010.000 0.926
4015.000 0.949
4020.000 0.992
4025.000 0.979
4030.000 1.016
4035.000 1.033
4040.000 1.083
4045.000 1.132
4050.000 1.159
4055.000 1.243
4060.000 1.281
4065.000 1.402
4070.000 1.577
4075.000 1.691
4080.000 1.993
4085.000 2.211
4090.000 2.767
4095.000 3.610
4100.000 4.211
4105.000 5.885
4110.000 6.988
4115.000 9.486
4120.000 11.355
4125.000 11.535
4130.000 9.742
4135.000 8.228
4140.000 5.676
4145.000 4.656
4150.000 3.423
4155.000 2.663
4160.000 2.384
4165.000 1.973
4170.000 1.816
4175.000 1.568
4180.000 1.410
4185.000 1.344
4190.000 1.238
4195.000 1.194
4200.000 1.120
4205.000 1.059
4210.000 1.030
4215.000 0.987
4220.000 0.965
4225.000 0.927
4230.000 0.902
4235.000 0.887
4240.000 0.865
4245.000 0.855
4250.000 0.840
4255.000 0.826
4260.000 0.822
4265.000 0.820
4270.000 0.825
4275.000 0.836
4280.000 0.844
4285.000 0.854
4290.000 0.877
4295.000 0.889
4300.000 0.928
4305.000 0.969
4310.000 0.996
4315.000 1.063
4320.000 1.104
4325.000 1.208
4330.000 1.362
4335.000 1.466
4340.000 1.760
4345.000 1.971
4350.000 2.579
4355.000 3.453
4360.000 3.999
4365.000 5.162
4370.000 5.606
4375.000 5.476
4380.000 4.094
4385.000 3.373
4390.000 2.319
4395.000 1.966
4400.000 1.467
4405.000 1.148
4410.000 1.031
4415.000 0.855
4420.000 0.794
4425.000 0.706
4430.000 0.630
4435.000 0.595
4440.000 0.531
4445.000 0.504
4450.000 0.461
4455.000 0.431
4460.000 0.416
4465.000 0.399
4470.000 0.390
4475.000 0.381
4480.000 0.374
4485.000 0.370
4490.000 0.368
4495.000 0.371
4500.000 0.376
4505.000 0.385
4510.000 0.389
4515.000 0.407
4520.000 0.415
4525.000 0.449
4530.000 0.482
4535.000 0.507
4540.000 0.551
4545.000 0.577
4550.000 0.636
4555.000 0.714
4560.000 0.765
4565.000 0.905
4570.000 1.001
4575.000 1.255
4580.000 1.667
4585.000 1.976
4590.000 2.853
4595.000 3.456
4600.000 4.943
4605.000 6.420
4610.000 6.901
4615.000 6.726
4620.000 6.088
4625.000 4.488
4630.000 3.290
4635.000 2.840
4640.000 2.189
4645.000 1.954
4650.000 1.608
4655.000 1.362
4660.000 1.268
4665.000 1.113
4670.000 1.058
4675.000 1.005
4680.000 0.939
4685.000 0.912
4690.000 0.857
4695.000 0.838
4700.000 0.802
4705.000 0.768
4710.000 0.754
4715.000 0.732
4720.000 0.723
4725.000 0.707
4730.000 0.696
4735.000 0.689
4740.000 0.682
4745.000 0.682
4750.000 0.685
4755.000 0.688
4760.000 0.701
4765.000 0.719
4770.000 0.727
4775.000 0.760
4780.000 0.776
4785.000 0.823
4790.000 0.886
4795.000 0.926
4800.000 1.030
4805.000 1.105
4810.000 1.321
4815.000 1.667
4820.000 1.894
4825.000 2.449
4830.000 2.685
4835.000 2.724
4840.000 2.192
4845.000 1.851
4850.000 1.301
4855.000 1.101
4860.000 0.810
4865.000 0.627
4870.000 0.562
4875.000 0.469
4880.000 0.430
4885.000 0.371
4890.000 0.334
4895.000 0.312
4900.000 0.279
4905.000 0.267
4910.000 0.248
4915.000 0.239
4920.000 0.236
4925.000 0.234
4930.000 0.237
4935.000 0.246
4940.000 0.262
4945.000 0.273
4950.000 0.304
4955.000 0.328
4960.000 0.385
4965.000 0.447
4970.000 0.495
4975.000 0.595
4980.000 0.663
4985.000 0.872
4990.000 1.187
4995.000 1.443
5000.000 1.966
5005.000 2.334
5010.000 3.228
5015.000 4.434
5020.000 5.024
5025.000 5.833
5030.000 5.997
5035.000 5.481
5040.000 4.498
5045.000 4.023
5050.000 3.218
5055.000 2.894
5060.000 2.351
5065.000 1.942
5070.000 1.786
5075.000 1.532
5080.000 1.436
5085.000 1.277
5090.000 1.169
5095.000 1.133
5100.000 1.085
5105.000 1.068
5110.000 1.058
5115.000 1.055
5120.000 1.058
5125.000 1.080
5130.000 1.097
5135.000 1.136
5140.000 1.190
5145.000 1.216
5150.000 1.256
5155.000 1.252
5160.000 1.155
5165.000 0.888
5170.000 0.721
5175.000 0.407
5180.000 0.294
5185.000 0.144
5190.000 0.090
5195.000 0.093
5200.000 0.119
5205.000 0.132
5210.000 0.158
5215.000 0.175
5220.000 0.187
5225.000 0.203
5230.000 0.211
5235.000 0.227
5240.000 0.240
5245.000 0.245
5250.000 0.256
5255.000 0.261
5260.000 0.268
5265.000 0.275
5270.000 0.280
5275.000 0.285
5280.000 0.289
5285.000 0.294
5290.000 0.302
5295.000 0.302
5300.000 0.307
5305.000 0.308
5310.000 0.311
5315.000 0.316
5320.000 0.316
5325.000 0.322
5330.000 0.320
5335.000 0.328
5340.000 0.329
5345.000 0.331
5350.000 0.327
5355.000 0.328
5360.000 0.329
5365.000 0.327
5370.000 0.330
5375.000 0.328
5380.000 0.327
5385.000 0.325
5390.000 0.326
5395.000 0.329
5400.000 0.326
5405.000 0.329
5410.000 0.330
5415.000 0.330
5420.000 0.335
5425.000 0.333
5430.000 0.333
5435.000 0.333
5440.000 0.333
5445.000 0.336
5450.000 0.340
5455.000 0.341
5460.000 0.342
5465.000 0.339
5470.000 0.341
5475.000 0.340
5480.000 0.344
5485.000 0.343
5490.000 0.341
5495.000 0.342
5500.000 0.343
5505.000 0.343
5510.000 0.343
5515.000 0.341
5520.000 0.343
5525.000 0.357
5530.000 0.353
5535.000 0.344
5540.000 0.343
5545.000 0.345
5550.000 0.342
5555.000 0.340
5560.000 0.339
5565.000 0.340
5570.000 0.339
5575.000 0.339
5580.000 0.338
5585.000 0.341
5590.000 0.340
5595.000 0.338
5600.000 0.342
5605.000 0.345
5610.000 0.343
5615.000 0.341
5620.000 0.338
5625.000 0.346
5630.000 0.346
5635.000 0.350
5640.000 0.350
5645.000 0.344
5650.000 0.343
5655.000 0.347
5660.000 0.346
5665.000 0.346
5670.000 0.341
5675.000 0.346
5680.000 0.345
5685.000 0.346
5690.000 0.346
5695.000 0.347
5700.000 0.347
5705.000 0.350
5710.000 0.350
5715.000 0.346
5720.000 0.347
5725.000 0.343
5730.000 0.341
5735.000 0.349
5740.000 0.353
5745.000 0.350
5750.000 0.355
5755.000 0.353
5760.000 0.347
5765.000 0.350
5770.000 0.349
5775.000 0.349
5780.000 0.350
5785.000 0.350
5790.000 0.350
5795.000 0.357
5800.000 0.354
5805.000 0.356
5810.000 0.357
5815.000 0.357
5820.000 0.353
5825.000 0.351
5830.000 0.353
5835.000 0.354
5840.000 0.351
5845.000 0.349
5850.000 0.353
5855.000 0.352
5860.000 0.355
5865.000 0.354
5870.000 0.355
5875.000 0.354
5880.000 0.362
5885.000 0.365
5890.000 0.368
5895.000 0.362
5900.000 0.362
5905.000 0.359
5910.000 0.359
5915.000 0.356
5920.000 0.357
5925.000 0.355
5930.000 0.357
5935.000 0.361
5940.000 0.354
5945.000 0.366
5950.000 0.360
5955.000 0.362
5960.000 0.362
5965.000 0.370
5970.000 0.364
5975.000 0.367
5980.000 0.370
5985.000 0.360
5990.000 0.364
5995.000 0.359
6000.000 0.367
6005.000 0.362
6010.000 0.360
6015.000 0.361
6020.000 0.372
6025.000 0.359
6030.000 0.363
6035.000 0.373
6040.000 0.367
6045.000 0.373
6050.000 0.369
6055.000 0.364
6060.000 0.363
6065.000 0.362
6070.000 0.367
6075.000 0.367
6080.000 0.367
6085.000 0.364
6090.000 0.367
6095.000 0.365
6100.000 0.366
6105.000 0.366
6110.000 0.366
6115.000 0.367
6120.000 0.369
6125.000 0.367
6130.000 0.365
6135.000 0.365
6140.000 0.366
6145.000 0.367
6150.000 0.369
6155.000 0.368
6160.000 0.370
6165.000 0.369
6170.000 0.367
6175.000 0.373
6180.000 0.367
6185.000 0.366
6190.000 0.367
6195.000 0.368
6200.000 0.371
6205.000 0.364
6210.000 0.366
6215.000 0.362
6220.000 0.366
6225.000 0.364
6230.000 0.364
6235.000 0.366
6240.000 0.368
6245.000 0.370
6250.000 0.368
6255.000 0.369
6260.000 0.368
6265.000 0.369
6270.000 0.369
6275.000 0.368
6280.000 0.371
6285.000 0.370
6290.000 0.374
6295.000 0.371
6300.000 0.372
6305.000 0.372
6310.000 0.382
6315.000 0.375
6320.000 0.379
6325.000 0.378
6330.000 0.375
6335.000 0.370
6340.000 0.370
6345.000 0.371
6350.000 0.373
6355.000 0.376
6360.000 0.372
6365.000 0.373
6370.000 0.378
6375.000 0.377
6380.000 0.373
6385.000 0.378
6390.000 0.379
6395.000 0.379
6400.000 0.383
6405.000 0.379
6410.000 0.380
6415.000 0.381
6420.000 0.379
6425.000 0.378
6430.000 0.377
6435.000 0.380
6440.000 0.380
6445.000 0.380
6450.000 0.382
6455.000 0.383
6460.000 0.381
6465.000 0.382
6470.000 0.387
6475.000 0.384
6480.000 0.385
6485.000 0.415
6490.000 0.415
6495.000 0.411
6500.000 0.409
6505.000 0.405
6510.000 0.405
6515.000 0.401
6520.000 0.404
6525.000 0.407
6530.000 0.405
6535.000 0.406
6540.000 0.407
6545.000 0.410
6550.000 0.416
6555.000 0.418
6560.000 0.424
6565.000 0.434
6570.000 0.446
6575.000 0.452
6580.000 0.472
6585.000 0.478
6590.000 0.501
6595.000 0.536
6600.000 0.551
6605.000 0.602
6610.000 0.631
6615.000 0.722
6620.000 0.858
6625.000 0.959
6630.000 1.255
6635.000 1.479
6640.000 2.143
6645.000 3.178
6650.000 3.835
6655.000 5.422
6660.000 6.284
6665.000 7.483
6670.000 7.197
6675.000 6.673
6680.000 5.705
6685.000 5.353
6690.000 4.906
6695.000 4.803
6700.000 4.874
6705.000 5.286
6710.000 5.719
6715.000 6.910
6720.000 8.567
6725.000 9.483
6730.000 11.087
6735.000 11.615
6740.000 11.234
6745.000 8.983
6750.000 7.804
6755.000 5.952
6760.000 5.271
6765.000 4.243
6770.000 3.552
6775.000 3.310
6780.000 2.973
6785.000 2.851
6790.000 2.686
6795.000 2.603
6800.000 2.595
6805.000 2.653
6810.000 2.693
6815.000 2.818
6820.000 3.023
6825.000 3.151
6830.000 3.508
6835.000 3.759
6840.000 4.456
6845.000 5.567
6850.000 6.311
6855.000 8.280
6860.000 9.336
6865.000 11.080
6870.000 11.219
6875.000 10.321
6880.000 7.864
6885.000 6.712
6890.000 5.040
6895.000 3.914
6900.000 3.502
6905.000 2.913
6910.000 2.695
6915.000 2.396
6920.000 2.190
6925.000 2.110
6930.000 1.982
6935.000 1.940
6940.000 1.852
6945.000 1.790
6950.000 1.771
6955.000 1.750
6960.000 1.736
6965.000 1.732
6970.000 1.768
6975.000 1.781
6980.000 1.835
6985.000 1.879
6990.000 1.977
6995.000 2.111
7000.000 2.222
7005.000 2.455
7010.000 2.634
7015.000 3.113
7020.000 3.887
7025.000 4.373
7030.000 5.766
7035.000 6.636
7040.000 8.452
7045.000 9.771
7050.000 9.950
7055.000 8.672
7060.000 7.634
7065.000 5.715
7070.000 4.350
7075.000 3.848
7080.000 3.118
7085.000 2.848
7090.000 2.451
7095.000 2.181
7100.000 2.091
7105.000 1.976
7110.000 1.925
7115.000 1.827
7120.000 1.791
7125.000 1.739
7130.000 1.700
7135.000 1.685
7140.000 1.664
7145.000 1.663
7150.000 1.660
7155.000 1.675
7160.000 1.686
7165.000 1.719
7170.000 1.747
7175.000 1.800
7180.000 1.837
7185.000 1.918
7190.000 2.030
7195.000 2.096
7200.000 2.264
7205.000 2.485
7210.000 2.637
7215.000 3.032
7220.000 3.298
7225.000 4.017
7230.000 5.045
7235.000 5.664
7240.000 7.010
7245.000 7.564
7250.000 8.023
7255.000 7.002
7260.000 6.185
7265.000 4.632
7270.000 4.012
7275.000 3.101
7280.000 2.498
7285.000 2.276
7290.000 1.933
7295.000 1.816
7300.000 1.630
7305.000 1.484
7310.000 1.422
7315.000 1.323
7320.000 1.276
7325.000 1.207
7330.000 1.145
7335.000 1.119
7340.000 1.078
7345.000 1.069
7350.000 1.054
7355.000 1.053
7360.000 1.065
7365.000 1.073
7370.000 1.081
7375.000 1.054
7380.000 1.059
7385.000 1.071
7390.000 1.106
7395.000 1.125
7400.000 1.197
7405.000 1.288
7410.000 1.348
7415.000 1.506
7420.000 1.605
7425.000 1.883
7430.000 2.096
7435.000 2.626
7440.000 3.393
7445.000 3.868
7450.000 4.871
7455.000 5.356
7460.000 5.911
7465.000 5.331
7470.000 4.771
7475.000 3.696
7480.000 3.248
7485.000 2.573
7490.000 2.111
7495.000 1.944
7500.000 1.687
7505.000 1.593
7510.000 1.453
7515.000 1.367
7520.000 1.329
7525.000 1.275
7530.000 1.251
7535.000 1.212
7540.000 1.185
7545.000 1.174
7550.000 1.156
7555.000 1.151
7560.000 1.150
7565.000 1.156
7570.000 1.159
7575.000 1.177
7580.000 1.192
7585.000 1.215
7590.000 1.257
7595.000 1.279
7600.000 1.340
7605.000 1.377
7610.000 1.465
7615.000 1.572
7620.000 1.646
7625.000 1.826
7630.000 1.944
7635.000 2.255
7640.000 2.681
7645.000 2.935
7650.000 3.471
7655.000 3.715
7660.000 3.979
7665.000 3.592
7670.000 3.237
7675.000 2.509
7680.000 2.204
7685.000 1.743
7690.000 1.421
7695.000 1.309
7700.000 1.120
7705.000 1.053
7710.000 0.921
7715.000 0.826
7720.000 0.793
7725.000 0.728
7730.000 0.701
7735.000 0.653
7740.000 0.603
7745.000 0.587
7750.000 0.551
7755.000 0.536
7760.000 0.509
7765.000 0.495
7770.000 0.490
7775.000 0.485
7780.000 0.487
7785.000 0.494
7790.000 0.510
7795.000 0.534
7800.000 0.582
7805.000 0.610
7810.000 0.687
7815.000 0.783
7820.000 0.838
7825.000 1.004
7830.000 1.121
7835.000 1.408
7840.000 1.798
7845.000 2.010
7850.000 2.207
7855.000 2.130
7860.000 1.820
7865.000 1.498
7870.000 1.362
7875.000 1.154
7880.000 1.079
7885.000 0.963
7890.000 0.882
7895.000 0.850
7900.000 0.817
7905.000 0.802
7910.000 0.784
7915.000 0.764
7920.000 0.760
7925.000 0.751
7930.000 0.754
7935.000 0.759
7940.000 0.768
7945.000 0.776
7950.000 0.791
7955.000 0.812
7960.000 0.833
7965.000 0.883
7970.000 0.903
7975.000 0.976
7980.000 1.013
7985.000 1.101
7990.000 1.192
7995.000 1.223
8000.000 1.230
8005.000 1.206
8010.000 1.029
8015.000 0.936
8020.000 0.752
8025.000 0.615
8030.000 0.565
8035.000 0.487
8040.000 0.452
8045.000 0.396
8050.000 0.348
8055.000 0.326
8060.000 0.288
8065.000 0.271
8070.000 0.240
8075.000 0.214
8080.000 0.203
8085.000 0.169
8090.000 0.154
8095.000 0.122
8100.000 0.128
8105.000 0.146
8110.000 0.187
8115.000 0.203
8120.000 0.234
8125.000 0.264
8130.000 0.273
8135.000 0.287
8140.000 0.293
8145.000 0.312
8150.000 0.326
8155.000 0.329
8160.000 0.329
8165.000 0.329
8170.000 0.331
8175.000 0.331
8180.000 0.333
8185.000 0.335
8190.000 0.334
8195.000 0.336
8200.000 0.335
8205.000 0.340
8210.000 0.342
8215.000 0.343
8220.000 0.342
8225.000 0.345
8230.000 0.344
8235.000 0.344
8240.000 0.344
8245.000 0.343
8250.000 0.347
8255.000 0.349
8260.000 0.349
8265.000 0.349
8270.000 0.352
8275.000 0.351
8280.000 0.354
8285.000 0.352
8290.000 0.354
8295.000 0.352
8300.000 0.353
8305.000 0.352
8310.000 0.353
8315.000 0.354
8320.000 0.354
8325.000 0.355
8330.000 0.356
8335.000 0.355
8340.000 0.360
8345.000 0.357
8350.000 0.360
8355.000 0.360
8360.000 0.365
8365.000 0.362
8370.000 0.361
8375.000 0.365
8380.000 0.364
8385.000 0.364
8390.000 0.365
8395.000 0.368
8400.000 0.366
8405.000 0.367
8410.000 0.367
8415.000 0.371
8420.000 0.369
8425.000 0.369
8430.000 0.371
8435.000 0.373
8440.000 0.373
8445.000 0.374
8450.000 0.373
8455.000 0.378
8460.000 0.375
8465.000 0.377
8470.000 0.375
8475.000 0.375
8480.000 0.373
8485.000 0.380
8490.000 0.376
8495.000 0.381
8500.000 0.377
8505.000 0.376
8510.000 0.378
8515.000 0.376
8520.000 0.376
8525.000 0.378
8530.000 0.378
8535.000 0.378
8540.000 0.381
8545.000 0.383
8550.000 0.382
8555.000 0.383
8560.000 0.383
8565.000 0.379
8570.000 0.380
8575.000 0.378
8580.000 0.379
8585.000 0.379
8590.000 0.379
8595.000 0.377
8600.000 0.381
8605.000 0.384
8610.000 0.380
8615.000 0.382
8620.000 0.383
8625.000 0.384
8630.000 0.383
8635.000 0.381
8640.000 0.382
8645.000 0.380
8650.000 0.382
8655.000 0.383
8660.000 0.379
8665.000 0.383
8670.000 0.380
8675.000 0.382
8680.000 0.383
8685.000 0.385
8690.000 0.384
8695.000 0.386
8700.000 0.388
8705.000 0.385
8710.000 0.386
8715.000 0.386
8720.000 0.384
8725.000 0.385
8730.000 0.385
8735.000 0.389
8740.000 0.390
8745.000 0.387
8750.000 0.388
8755.000 0.384
8760.000 0.386
8765.000 0.383
8770.000 0.382
8775.000 0.387
8780.000 0.389
8785.000 0.390
8790.000 0.388
8795.000 0.389
8800.000 0.386
8805.000 0.389
8810.000 0.384
8815.000 0.396
8820.000 0.405
8825.000 0.389
8830.000 0.379
8835.000 0.390
8840.000 0.402
8845.000 0.396
8850.000 0.401
8855.000 0.394
8860.000 0.389
8865.000 0.390
8870.000 0.388
8875.000 0.388
8880.000 0.386
8885.000 0.388
8890.000 0.391
8895.000 0.390
8900.000 0.391
8905.000 0.389
8910.000 0.389
8915.000 0.389
8920.000 0.394
8925.000 0.391
8930.000 0.398
8935.000 0.393
8940.000 0.396
8945.000 0.397
8950.000 0.396
8955.000 0.390
8960.000 0.395
8965.000 0.392
8970.000 0.394
8975.000 0.395
8980.000 0.392
8985.000 0.395
8990.000 0.389
8995.000 0.392
9000.000 0.396
9005.000 0.387
9010.000 0.393
9015.000 0.390
9020.000 0.398
9025.000 0.397
9030.000 0.394
9035.000 0.396
9040.000 0.394
9045.000 0.398
9050.000 0.400
9055.000 0.393
9060.000 0.393
9065.000 0.397
9070.000 0.396
9075.000 0.397
9080.000 0.395
9085.000 0.396
9090.000 0.393
9095.000 0.398
9100.000 0.396
9105.000 0.392
9110.000 0.394
9115.000 0.394
9120.000 0.393
9125.000 0.392
9130.000 0.396
9135.000 0.394
9140.000 0.391
9145.000 0.392
9150.000 0.394
9155.000 0.392
9160.000 0.395
9165.000 0.392
9170.000 0.394
9175.000 0.394
9180.000 0.395
9185.000 0.393
9190.000 0.396
9195.000 0.395
9200.000 0.395
9205.000 0.396
9210.000 0.396
9215.000 0.394
9220.000 0.398
9225.000 0.395
9230.000 0.397
9235.000 0.398
9240.000 0.396
9245.000 0.394
9250.000 0.397
9255.000 0.394
9260.000 0.397
9265.000 0.396
9270.000 0.394
9275.000 0.395
9280.000 0.394
9285.000 0.397
9290.000 0.396
9295.000 0.394
9300.000 0.395
9305.000 0.397
9310.000 0.395
9315.000 0.393
9320.000 0.394
9325.000 0.392
9330.000 0.390
9335.000 0.390
9340.000 0.395
9345.000 0.394
9350.000 0.392
9355.000 0.394
9360.000 0.396
9365.000 0.394
9370.000 0.397
9375.000 0.397
9380.000 0.399
9385.000 0.398
9390.000 0.398
9395.000 0.397
9400.000 0.399
9405.000 0.396
9410.000 0.399
9415.000 0.398
9420.000 0.398
9425.000 0.397
9430.000 0.400
9435.000 0.398
9440.000 0.400
9445.000 0.402
9450.000 0.399
9455.000 0.397
9460.000 0.396
9465.000 0.398
9470.000 0.396
9475.000 0.397
9480.000 0.397
9485.000 0.399
9490.000 0.396
9495.000 0.395
9500.000 0.399
9505.000 0.402
9510.000 0.401
9515.000 0.399
9520.000 0.401
9525.000 0.400
9530.000 0.398
9535.000 0.399
9540.000 0.394
9545.000 0.399
9550.000 0.396
9555.000 0.396
9560.000 0.399
9565.000 0.398
9570.000 0.397
9575.000 0.397
9580.000 0.558
9585.000 0.569
9590.000 0.553
9595.000 0.503
9600.000 0.480
9605.000 0.447
9610.000 0.428
9615.000 0.416
9620.000 0.403
9625.000 0.401
9630.000 0.402
9635.000 0.402
9640.000 0.402
9645.000 0.398
9650.000 0.400
9655.000 0.399
9660.000 0.398
9665.000 0.399
9670.000 0.397
9675.000 0.396
9680.000 0.396
9685.000 0.397
9690.000 0.399
9695.000 0.397
9700.000 0.396
9705.000 0.402
9710.000 0.406
9715.000 0.406
9720.000 0.562
9725.000 0.574
9730.000 0.557
9735.000 0.524
9740.000 0.483
9745.000 0.452
9750.000 0.436
9755.000 0.424
9760.000 0.412
9765.000 0.411
9770.000 0.408
9775.000 0.407
9780.000 0.408
9785.000 0.407
9790.000 0.412
9795.000 0.406
9800.000 0.410
9805.000 0.410
9810.000 0.410
9815.000 0.411
9820.000 0.414
9825.000 0.414
9830.000 0.414
9835.000 0.413
9840.000 0.422
9845.000 0.420
9850.000 0.423
9855.000 0.426
9860.000 0.432
9865.000 0.440
9870.000 0.445
9875.000 0.452
9880.000 0.468
9885.000 0.475
9890.000 0.499
9895.000 0.515
9900.000 0.542
9905.000 0.587
9910.000 0.615
9915.000 0.680
9920.000 0.707
9925.000 0.730
9930.000 0.661
9935.000 0.599
9940.000 0.474
9945.000 0.425
9950.000 0.368
9955.000 0.373
9960.000 0.396
9965.000 0.494
9970.000 0.583
9975.000 0.891
9980.000 1.413
9985.000 1.752
9990.000 2.511
9995.000 2.899
10000.000 3.506
10005.000 3.705
10010.000 3.632
10015.000 3.318
10020.000 3.132
10025.000 2.717
10030.000 2.366
10035.000 2.200
10040.000 1.961
10045.000 1.860
10050.000 1.696
10055.000 1.593
10060.000 1.552
10065.000 1.504
10070.000 1.491
10075.000 1.515
10080.000 1.600
10085.000 1.663
10090.000 1.831
10095.000 1.935
10100.000 2.196
10105.000 2.485
10110.000 2.603
10115.000 2.628
10120.000 2.520
10125.000 2.139
10130.000 1.714
10135.000 1.526
10140.000 1.221
10145.000 1.099
10150.000 0.909
10155.000 0.773
10160.000 0.717
10165.000 0.626
10170.000 0.588
10175.000 0.535
10180.000 0.502
10185.000 0.492
10190.000 0.477
10195.000 0.476
10200.000 0.482
10205.000 0.503
10210.000 0.519
10215.000 0.569
10220.000 0.602
10225.000 0.688
10230.000 0.818
10235.000 0.911
10240.000 1.175
10245.000 1.365
10250.000 1.862
10255.000 2.546
10260.000 2.914
10265.000 3.632
10270.000 3.912
10275.000 4.174
10280.000 3.961
10285.000 3.692
10290.000 3.092
10295.000 2.809
10300.000 2.325
10305.000 1.947
10310.000 1.797
10315.000 1.568
10320.000 1.477
10325.000 1.333
10330.000 1.238
10335.000 1.204
10340.000 1.171
10345.000 1.171
10350.000 1.162
10355.000 1.151
10360.000 1.153
10365.000 1.159
10370.000 1.165
10375.000 1.187
10380.000 1.205
10385.000 1.219
10390.000 1.274
10395.000 1.287
10400.000 1.360
10405.000 1.388
10410.000 1.472
10415.000 1.581
10420.000 1.645
10425.000 1.793
10430.000 1.875
10435.000 2.048
10440.000 2.156
10445.000 2.161
10450.000 2.050
10455.000 1.949
10460.000 1.664
10465.000 1.365
10470.000 1.224
10475.000 1.002
10480.000 0.903
10485.000 0.748
10490.000 0.625
10495.000 0.577
10500.000 0.492
10505.000 0.456
10510.000 0.401
10515.000 0.355
10520.000 0.334
10525.000 0.302
10530.000 0.286
10535.000 0.265
10540.000 0.255
10545.000 0.254
10550.000 0.253
10555.000 0.261
10560.000 0.282
10565.000 0.318
10570.000 0.345
10575.000 0.398
10580.000 0.435
10585.000 0.529
10590.000 0.664
10595.000 0.756
10600.000 0.994
10605.000 1.141
10610.000 1.515
10615.000 1.952
10620.000 2.171
10625.000 2.577
10630.000 2.741
10635.000 2.932
10640.000 2.916
10645.000 2.846
10650.000 2.579
10655.000 2.416
10660.000 2.069
10665.000 1.777
10670.000 1.650
10675.000 1.454
10680.000 1.370
10685.000 1.224
10690.000 1.172
10695.000 1.087
10700.000 1.021
10705.000 0.998
10710.000 0.969
10715.000 0.956
10720.000 0.944
10725.000 0.940
10730.000 0.935
10735.000 0.934
10740.000 0.933
10745.000 0.934
10750.000 0.955
10755.000 0.964
10760.000 0.986
10765.000 0.997
10770.000 1.030
10775.000 1.061
10780.000 1.078
10785.000 1.123
10790.000 1.145
10795.000 1.193
10800.000 1.216
10805.000 1.228
10810.000 1.229
10815.000 1.218
10820.000 1.135
10825.000 0.985
10830.000 0.895
10835.000 0.709
10840.000 0.623
10845.000 0.472
10850.000 0.357
10855.000 0.312
10860.000 0.241
10865.000 0.214
10870.000 0.160
10875.000 0.119
10880.000 0.103
10885.000 0.071
10890.000 0.057
10895.000 0.030
10900.000 0.011
10905.000 0.008
10910.000 0.023
10915.000 0.035
10920.000 0.056
10925.000 0.084
10930.000 0.095
10935.000 0.127
10940.000 0.148
10945.000 0.207
10950.000 0.309
10955.000 0.382
10960.000 0.570
10965.000 0.694
10970.000 0.941
10975.000 1.210
10980.000 1.350
10985.000 1.553
10990.000 1.605
10995.000 1.667
11000.000 1.625
11005.000 1.602
11010.000 1.528
11015.000 1.484
11020.000 1.388
11025.000 1.309
11030.000 1.274
11035.000 1.200
11040.000 1.171
11045.000 1.129
11050.000 1.075
11055.000 1.064
11060.000 1.029
11065.000 1.011
11070.000 0.990
11075.000 0.969
11080.000 0.959
11085.000 0.930
11090.000 0.920
11095.000 0.889
11100.000 0.853
11105.000 0.832
11110.000 0.797
11115.000 0.770
11120.000 0.706
11125.000 0.618
11130.000 0.564
11135.000 0.451
11140.000 0.396
11145.000 0.310
11150.000 0.258
11155.000 0.242
11160.000 0.229
11165.000 0.230
11170.000 0.232
11175.000 0.235
11180.000 0.239
11185.000 0.247
11190.000 0.251
11195.000 0.258
11200.000 0.272
11205.000 0.281
11210.000 0.305
11215.000 0.322
11220.000 0.363
11225.000 0.400
11230.000 0.412
11235.000 0.421
11240.000 0.420
11245.000 0.413
11250.000 0.406
11255.000 0.405
11260.000 0.402
11265.000 0.403
11270.000 0.401
11275.000 0.399
11280.000 0.395
11285.000 0.397
11290.000 0.396
11295.000 0.394
11300.000 0.393
11305.000 0.393
11310.000 0.390
11315.000 0.390
11320.000 0.390
11325.000 0.387
11330.000 0.389
11335.000 0.389
11340.000 0.388
11345.000 0.388
11350.000 0.386
11355.000 0.387
11360.000 0.389
11365.000 0.389
11370.000 0.388
11375.000 0.385
11380.000 0.388
11385.000 0.387
11390.000 0.388
11395.000 0.388
11400.000 0.389
11405.000 0.388
11410.000 0.383
11415.000 0.382
11420.000 0.388
11425.000 0.383
11430.000 0.383
11435.000 0.385
11440.000 0.385
11445.000 0.384
11450.000 0.387
11455.000 0.381
11460.000 0.384
11465.000 0.382
11470.000 0.383
11475.000 0.383
11480.000 0.382
11485.000 0.382
11490.000 0.380
11495.000 0.380
11500.000 0.382
11505.000 0.382
11510.000 0.382
11515.000 0.382
11520.000 0.387
11525.000 0.387
11530.000 0.386
11535.000 0.387
11540.000 0.384
11545.000 0.383
11550.000 0.384
11555.000 0.381
11560.000 0.381
11565.000 0.380
11570.000 0.380
11575.000 0.381
11580.000 0.379
11585.000 0.380
11590.000 0.379
11595.000 0.377
11600.000 0.377
11605.000 0.378
11610.000 0.381
11615.000 0.377
11620.000 0.375
11625.000 0.377
11630.000 0.375
11635.000 0.375
11640.000 0.377
11645.000 0.378
11650.000 0.376
11655.000 0.380
11660.000 0.381
11665.000 0.384
11670.000 0.381
11675.000 0.385
11680.000 0.381
11685.000 0.384
11690.000 0.384
11695.000 0.385
11700.000 0.385
11705.000 0.383
11710.000 0.379
11715.000 0.380
11720.000 0.381
11725.000 0.381
11730.000 0.379
11735.000 0.380
11740.000 0.382
11745.000 0.380
11750.000 0.380
11755.000 0.383
11760.000 0.382
11765.000 0.381
11770.000 0.381
11775.000 0.381
11780.000 0.379
11785.000 0.377
11790.000 0.379
11795.000 0.382
11800.000 0.375
11805.000 0.377
11810.000 0.376
11815.000 0.376
11820.000 0.374
11825.000 0.369
11830.000 0.371
11835.000 0.371
11840.000 0.370
11845.000 0.370
11850.000 0.370
11855.000 0.372
11860.000 0.370
11865.000 0.370
11870.000 0.371
11875.000 0.371
11880.000 0.374
11885.000 0.370
11890.000 0.374
11895.000 0.374
11900.000 0.373
11905.000 0.372
11910.000 0.373
11915.000 0.370
11920.000 0.370
11925.000 0.370
11930.000 0.370
11935.000 0.372
11940.000 0.371
11945.000 0.370
11950.000 0.369
11955.000 0.373
11960.000 0.368
11965.000 0.368
11970.000 0.367
11975.000 0.367
11980.000 0.367
11985.000 0.367
11990.000 0.368
11995.000 0.371
12000.000 0.372
