105.000 0.682
110.000 1.134
115.000 18.014
120.000 19.432
125.000 23.044
130.000 23.735
135.000 24.820
140.000 26.698
145.000 26.164
150.000 27.716
155.000 27.260
160.000 27.291
165.000 26.540
170.000 26.488
175.000 26.088
180.000 26.309
185.000 26.217
190.000 25.968
195.000 26.169
200.000 26.465
205.000 26.534
210.000 26.717
215.000 27.283
220.000 27.451
225.000 27.744
230.000 28.033
235.000 28.384
240.000 28.937
245.000 29.045
250.000 30.001
255.000 30.291
260.000 30.397
265.000 30.498
270.000 30.675
275.000 30.696
280.000 31.338
285.000 31.434
290.000 31.631
295.000 31.740
300.000 32.340
305.000 32.410
310.000 33.179
315.000 33.318
320.000 33.556
325.000 34.278
330.000 34.455
335.000 34.980
340.000 34.913
345.000 35.135
350.000 35.723
355.000 36.193
360.000 37.078
365.000 37.708
370.000 38.848
375.000 40.201
380.000 40.769
385.000 42.286
390.000 42.829
395.000 44.676
400.000 46.147
405.000 46.885
410.000 48.558
415.000 49.326
420.000 50.646
425.000 51.925
430.000 52.441
435.000 53.237
440.000 52.566
445.000 53.673
450.000 53.183
455.000 52.469
460.000 51.159
465.000 50.070
470.000 48.345
475.000 44.975
480.000 43.513
485.000 40.880
490.000 39.630
495.000 37.190
500.000 34.993
505.000 33.922
510.000 32.091
515.000 31.117
520.000 29.270
525.000 27.470
530.000 26.590
535.000 24.830
540.000 23.930
545.000 22.157
550.000 20.521
555.000 19.799
560.000 18.342
565.000 17.597
570.000 16.051
575.000 14.944
580.000 13.663
585.000 13.185
590.000 12.198
595.000 11.203
600.000 10.047
605.000 9.525
610.000 8.599
615.000 8.186
620.000 7.438
625.000 6.825
630.000 6.554
635.000 6.079
640.000 5.921
645.000 5.690
650.000 5.481
655.000 5.380
660.000 5.188
665.000 5.081
670.000 4.898
675.000 4.727
680.000 4.637
685.000 4.772
690.000 4.598
695.000 4.379
700.000 4.163
705.000 4.071
710.000 3.910
715.000 3.839
720.000 3.709
725.000 3.590
730.000 3.547
735.000 3.430
740.000 3.377
745.000 3.264
750.000 3.168
755.000 3.116
760.000 3.022
765.000 2.960
770.000 2.833
775.000 2.699
780.000 2.649
785.000 2.557
790.000 2.517
795.000 2.457
800.000 2.394
805.000 2.363
810.000 2.268
815.000 2.233
820.000 2.132
825.000 2.042
830.000 1.996
835.000 1.903
840.000 1.873
845.000 1.808
850.000 1.736
855.000 1.708
860.000 1.652
865.000 1.623
870.000 1.567
875.000 1.520
880.000 1.496
885.000 1.450
890.000 1.426
895.000 1.385
900.000 1.342
905.000 1.322
910.000 1.288
915.000 1.269
920.000 1.234
925.000 1.204
930.000 1.189
935.000 1.158
940.000 1.131
945.000 1.118
950.000 1.105
955.000 1.084
960.000 1.053
965.000 1.052
970.000 1.018
975.000 1.023
980.000 1.021
985.000 0.987
990.000 0.976
995.000 0.957
1000.000 0.959
1005.000 0.935
1010.000 0.924
1015.000 0.915
1020.000 0.928
1025.000 0.914
1030.000 0.906
1035.000 0.904
1040.000 0.900
1045.000 0.898
1050.000 0.906
1055.000 0.900
1060.000 0.903
1065.000 0.908
1070.000 0.908
1075.000 0.914
1080.000 0.926
1085.000 0.930
1090.000 0.942
1095.000 0.957
1100.000 0.968
1105.000 0.990
1110.000 1.008
1115.000 1.020
1120.000 1.042
1125.000 1.062
1130.000 1.088
1135.000 1.117
1140.000 1.134
1145.000 1.178
1150.000 1.200
1155.000 1.240
1160.000 1.285
1165.000 1.305
1170.000 1.352
1175.000 1.376
1180.000 1.448
1185.000 1.504
1190.000 1.532
1195.000 1.609
1200.000 1.642
1205.000 1.724
1210.000 1.829
1215.000 1.898
1220.000 1.977
1225.000 2.025
1230.000 2.205
1235.000 2.305
1240.000 2.376
1245.000 2.510
1250.000 2.595
1255.000 2.736
1260.000 2.869
1265.000 2.950
1270.000 3.101
1275.000 3.188
1280.000 3.348
1285.000 3.521
1290.000 3.659
1295.000 3.932
1300.000 4.021
1305.000 4.198
1310.000 4.442
1315.000 4.577
1320.000 4.842
1325.000 5.018
1330.000 5.509
1335.000 5.828
1340.000 6.136
1345.000 6.847
1350.000 6.869
1355.000 7.219
1360.000 8.271
1365.000 8.736
1370.000 9.544
1375.000 10.214
1380.000 11.672
1385.000 13.608
1390.000 14.746
1395.000 17.552
1400.000 19.067
1405.000 23.858
1410.000 27.943
1415.000 30.578
1420.000 36.043
1425.000 38.532
1430.000 43.153
1435.000 47.569
1440.000 48.455
1445.000 47.755
1450.000 45.310
1455.000 37.749
1460.000 30.580
1465.000 27.206
1470.000 21.863
1475.000 19.732
1480.000 16.461
1485.000 14.126
1490.000 13.201
1495.000 11.732
1500.000 11.154
1505.000 10.233
1510.000 9.604
1515.000 9.360
1520.000 8.875
1525.000 8.629
1530.000 8.207
1535.000 8.005
1540.000 7.641
1545.000 7.290
1550.000 7.124
1555.000 6.806
1560.000 6.649
1565.000 6.276
1570.000 5.923
1575.000 5.757
1580.000 5.449
1585.000 5.315
1590.000 5.043
1595.000 4.774
1600.000 4.648
1605.000 4.407
1610.000 4.272
1615.000 3.988
1620.000 3.720
1625.000 3.607
1630.000 3.404
1635.000 3.326
1640.000 3.201
1645.000 3.140
1650.000 3.165
1655.000 3.189
1660.000 3.228
1665.000 3.357
1670.000 3.547
1675.000 3.654
1680.000 3.891
1685.000 3.991
1690.000 4.139
1695.000 4.254
1700.000 4.316
1705.000 4.440
1710.000 4.472
1715.000 4.551
1720.000 4.603
1725.000 4.611
1730.000 4.624
1735.000 4.627
1740.000 4.617
1745.000 4.615
1750.000 4.617
1755.000 4.610
1760.000 4.605
1765.000 4.592
1770.000 4.587
1775.000 4.589
1780.000 4.569
1785.000 4.563
1790.000 4.543
1795.000 4.532
1800.000 4.525
1805.000 4.508
1810.000 4.500
1815.000 4.491
1820.000 4.486
1825.000 4.478
1830.000 4.465
1835.000 4.462
1840.000 4.448
1845.000 4.428
1850.000 4.423
1855.000 4.408
1860.000 4.398
1865.000 4.383
1870.000 4.359
1875.000 4.354
1880.000 4.339
1885.000 4.330
1890.000 4.316
1895.000 4.295
1900.000 4.291
1905.000 4.236
1910.000 4.261
1915.000 4.244
1920.000 4.235
1925.000 4.230
1930.000 4.192
1935.000 4.204
1940.000 4.208
1945.000 4.197
1950.000 4.194
1955.000 4.178
1960.000 4.189
1965.000 4.177
1970.000 4.166
1975.000 4.165
1980.000 4.148
1985.000 4.141
1990.000 4.105
1995.000 4.080
2000.000 4.088
2005.000 4.078
2010.000 4.068
2015.000 4.059
2020.000 4.035
2025.000 4.019
2030.000 3.994
2035.000 3.975
2040.000 3.961
2045.000 3.926
2050.000 3.901
2055.000 3.896
2060.000 3.876
2065.000 3.846
2070.000 3.811
2075.000 3.799
2080.000 3.764
2085.000 3.757
2090.000 3.729
2095.000 3.699
2100.000 3.680
2105.000 3.649
2110.000 3.633
2115.000 3.600
2120.000 3.580
2125.000 3.533
2130.000 3.495
2135.000 3.474
2140.000 3.434
2145.000 3.413
2150.000 3.375
2155.000 3.329
2160.000 3.309
2165.000 3.256
2170.000 3.237
2175.000 3.182
2180.000 3.126
2185.000 3.101
2190.000 3.046
2195.000 3.024
2200.000 2.975
2205.000 2.943
2210.000 2.924
2215.000 2.887
2220.000 2.871
2225.000 2.826
2230.000 2.783
2235.000 2.760
2240.000 2.728
2245.000 2.710
2250.000 2.668
2255.000 2.636
2260.000 2.619
2265.000 2.582
2270.000 2.570
2275.000 2.540
2280.000 2.501
2285.000 2.488
2290.000 2.453
2295.000 2.441
2300.000 2.406
2305.000 2.375
2310.000 2.358
2315.000 2.332
2320.000 2.307
2325.000 2.290
2330.000 2.269
2335.000 2.253
2340.000 2.231
2345.000 2.217
2350.000 2.191
2355.000 2.162
2360.000 2.151
2365.000 2.126
2370.000 2.113
2375.000 2.086
2380.000 2.057
2385.000 2.044
2390.000 2.021
2395.000 2.009
2400.000 1.990
2405.000 1.962
2410.000 1.955
2415.000 1.929
2420.000 1.916
2425.000 1.889
2430.000 1.864
2435.000 1.852
2440.000 1.826
2445.000 1.813
2450.000 1.792
2455.000 1.767
2460.000 1.757
2465.000 1.736
2470.000 1.728
2475.000 1.707
2480.000 1.687
2485.000 1.679
2490.000 1.661
2495.000 1.648
2500.000 1.629
2505.000 1.611
2510.000 1.603
2515.000 1.587
2520.000 1.579
2525.000 1.558
2530.000 1.548
2535.000 1.536
2540.000 1.524
2545.000 1.515
2550.000 1.504
2555.000 1.491
2560.000 1.482
2565.000 1.471
2570.000 1.465
2575.000 1.454
2580.000 1.442
2585.000 1.434
2590.000 1.429
2595.000 1.424
2600.000 1.415
2605.000 1.405
2610.000 1.399
2615.000 1.390
2620.000 1.385
2625.000 1.379
2630.000 1.372
2635.000 1.367
2640.000 1.363
2645.000 1.356
2650.000 1.354
2655.000 1.349
2660.000 1.346
2665.000 1.344
2670.000 1.339
2675.000 1.337
2680.000 1.331
2685.000 1.330
2690.000 1.326
2695.000 1.327
2700.000 1.321
2705.000 1.322
2710.000 1.322
2715.000 1.318
2720.000 1.319
2725.000 1.316
2730.000 1.313
2735.000 1.312
2740.000 1.311
2745.000 1.312
2750.000 1.316
2755.000 1.316
2760.000 1.318
2765.000 1.319
2770.000 1.320
2775.000 1.324
2780.000 1.324
2785.000 1.324
2790.000 1.328
2795.000 1.328
2800.000 1.337
2805.000 1.336
2810.000 1.340
2815.000 1.348
2820.000 1.351
2825.000 1.356
2830.000 1.359
2835.000 1.366
2840.000 1.372
2845.000 1.375
2850.000 1.383
2855.000 1.386
2860.000 1.400
2865.000 1.410
2870.000 1.416
2875.000 1.424
2880.000 1.432
2885.000 1.439
2890.000 1.445
2895.000 1.447
2900.000 1.452
2905.000 1.454
2910.000 1.465
2915.000 1.475
2920.000 1.478
2925.000 1.480
2930.000 1.489
2935.000 1.493
2940.000 1.501
2945.000 1.507
2950.000 1.521
2955.000 1.525
2960.000 1.550
2965.000 1.551
2970.000 1.554
2975.000 1.551
2980.000 1.564
2985.000 1.571
2990.000 1.595
2995.000 1.592
3000.000 1.608
3005.000 1.605
3010.000 1.624
3015.000 1.631
3020.000 1.665
3025.000 1.666
3030.000 1.688
3035.000 1.689
3040.000 1.711
3045.000 1.722
3050.000 1.742
3055.000 1.764
3060.000 1.786
3065.000 1.783
3070.000 1.823
3075.000 1.824
3080.000 1.845
3085.000 1.870
3090.000 1.883
3095.000 1.908
3100.000 1.933
3105.000 1.947
3110.000 1.972
3115.000 1.988
3120.000 2.022
3125.000 2.052
3130.000 2.072
3135.000 2.107
3140.000 2.124
3145.000 2.163
3150.000 2.209
3155.000 2.233
3160.000 2.289
3165.000 2.312
3170.000 2.363
3175.000 2.403
3180.000 2.425
3185.000 2.467
3190.000 2.495
3195.000 2.562
3200.000 2.620
3205.000 2.658
3210.000 2.738
3215.000 2.775
3220.000 2.847
3225.000 2.929
3230.000 2.967
3235.000 3.058
3240.000 3.106
3245.000 3.205
3250.000 3.310
3255.000 3.365
3260.000 3.493
3265.000 3.623
3270.000 3.692
3275.000 3.837
3280.000 3.918
3285.000 4.088
3290.000 4.291
3295.000 4.388
3300.000 4.609
3305.000 4.710
3310.000 4.974
3315.000 5.130
3320.000 5.428
3325.000 5.767
3330.000 5.966
3335.000 6.405
3340.000 6.656
3345.000 7.266
3350.000 8.064
3355.000 8.503
3360.000 9.618
3365.000 10.321
3370.000 12.039
3375.000 14.336
3380.000 15.758
3385.000 19.309
3390.000 21.355
3395.000 26.121
3400.000 31.164
3405.000 33.625
3410.000 37.133
3415.000 37.860
3420.000 36.665
3425.000 30.706
3430.000 27.401
3435.000 21.368
3440.000 18.874
3445.000 15.048
3450.000 12.379
3455.000 11.342
3460.000 9.743
3465.000 9.130
3470.000 8.210
3475.000 7.560
3480.000 7.274
3485.000 6.761
3490.000 6.535
3495.000 6.123
3500.000 5.753
3505.000 5.581
3510.000 5.275
3515.000 5.132
3520.000 4.871
3525.000 4.647
3530.000 4.530
3535.000 4.297
3540.000 4.169
3545.000 3.917
3550.000 3.691
3555.000 3.590
3560.000 3.393
3565.000 3.287
3570.000 3.089
3575.000 2.906
3580.000 2.823
3585.000 2.675
3590.000 2.609
3595.000 2.488
3600.000 2.391
3605.000 2.336
3610.000 2.239
3615.000 2.201
3620.000 2.114
3625.000 2.081
3630.000 2.010
3635.000 1.943
3640.000 1.910
3645.000 1.850
3650.000 1.804
3655.000 1.784
3660.000 1.735
3665.000 1.710
3670.000 1.664
3675.000 1.644
3680.000 1.605
3685.000 1.573
3690.000 1.555
3695.000 1.521
3700.000 1.502
3705.000 1.470
3710.000 1.443
3715.000 1.429
3720.000 1.399
3725.000 1.386
3730.000 1.365
3735.000 1.342
3740.000 1.332
3745.000 1.310
3750.000 1.301
3755.000 1.277
3760.000 1.260
3765.000 1.253
3770.000 1.234
3775.000 1.226
3780.000 1.209
3785.000 1.196
3790.000 1.186
3795.000 1.177
3800.000 1.174
3805.000 1.159
3810.000 1.145
3815.000 1.138
3820.000 1.124
3825.000 1.112
3830.000 1.106
3835.000 1.101
3840.000 1.092
3845.000 1.084
3850.000 1.083
3855.000 1.071
3860.000 1.061
3865.000 1.057
3870.000 1.049
3875.000 1.045
3880.000 1.038
3885.000 1.032
3890.000 1.029
3895.000 1.021
3900.000 1.022
3905.000 1.013
3910.000 1.009
3915.000 1.008
3920.000 1.003
3925.000 0.999
3930.000 0.995
3935.000 0.993
3940.000 0.991
3945.000 0.990
3950.000 0.987
3955.000 0.984
3960.000 0.984
3965.000 0.976
3970.000 0.982
3975.000 0.974
3980.000 0.972
3985.000 0.980
3990.000 0.974
3995.000 0.979
4000.000 0.974
4005.000 0.990
4010.000 1.009
4015.000 1.014
4020.000 0.998
4025.000 1.021
4030.000 1.020
4035.000 1.003
4040.000 1.004
4045.000 0.998
4050.000 0.996
4055.000 1.005
4060.000 1.006
4065.000 1.007
4070.000 1.011
4075.000 1.016
4080.000 1.018
4085.000 1.029
4090.000 1.029
4095.000 1.037
4100.000 1.039
4105.000 1.053
4110.000 1.063
4115.000 1.068
4120.000 1.079
4125.000 1.086
4130.000 1.098
4135.000 1.110
4140.000 1.119
4145.000 1.133
4150.000 1.142
4155.000 1.162
4160.000 1.180
4165.000 1.188
4170.000 1.207
4175.000 1.221
4180.000 1.260
4185.000 1.294
4190.000 1.303
4195.000 1.328
4200.000 1.345
4205.000 1.373
4210.000 1.388
4215.000 1.435
4220.000 1.448
4225.000 1.451
4230.000 1.462
4235.000 1.464
4240.000 1.477
4245.000 1.487
4250.000 1.495
4255.000 1.512
4260.000 1.525
4265.000 1.549
4270.000 1.580
4275.000 1.597
4280.000 1.636
4285.000 1.660
4290.000 1.704
4295.000 1.758
4300.000 1.785
4305.000 1.854
4310.000 1.889
4315.000 1.959
4320.000 2.036
4325.000 2.083
4330.000 2.181
4335.000 2.234
4340.000 2.351
4345.000 2.489
4350.000 2.561
4355.000 2.727
4360.000 2.821
4365.000 3.036
4370.000 3.305
4375.000 3.465
4380.000 3.783
4385.000 3.963
4390.000 4.408
4395.000 4.986
4400.000 5.347
4405.000 6.249
4410.000 6.820
4415.000 8.272
4420.000 10.278
4425.000 11.438
4430.000 14.041
4435.000 15.297
4440.000 17.028
4445.000 16.496
4450.000 15.263
4455.000 12.201
4460.000 10.704
4465.000 8.242
4470.000 6.495
4475.000 5.825
4480.000 4.798
4485.000 4.398
4490.000 3.804
4495.000 3.378
4500.000 3.209
4505.000 2.895
4510.000 2.761
4515.000 2.511
4520.000 2.288
4525.000 2.195
4530.000 2.055
4535.000 2.003
4540.000 1.850
4545.000 1.720
4550.000 1.646
4555.000 1.497
4560.000 1.430
4565.000 1.322
4570.000 1.245
4575.000 1.204
4580.000 1.127
4585.000 1.088
4590.000 1.020
4595.000 0.967
4600.000 0.938
4605.000 0.886
4610.000 0.861
4615.000 0.818
4620.000 0.790
4625.000 0.776
4630.000 0.738
4635.000 0.721
4640.000 0.693
4645.000 0.666
4650.000 0.652
4655.000 0.617
4660.000 0.593
4665.000 0.584
4670.000 0.561
4675.000 0.547
4680.000 0.521
4685.000 0.508
4690.000 0.479
4695.000 0.454
4700.000 0.441
4705.000 0.416
4710.000 0.404
4715.000 0.389
4720.000 0.360
4725.000 0.345
4730.000 0.323
4735.000 0.313
4740.000 0.294
4745.000 0.275
4750.000 0.264
4755.000 0.244
4760.000 0.236
4765.000 0.221
4770.000 0.204
4775.000 0.197
4780.000 0.184
4785.000 0.178
4790.000 0.168
4795.000 0.163
4800.000 0.156
4805.000 0.147
4810.000 0.145
4815.000 0.142
4820.000 0.141
4825.000 0.140
4830.000 0.140
4835.000 0.142
4840.000 0.143
4845.000 0.145
4850.000 0.149
4855.000 0.155
4860.000 0.156
4865.000 0.163
4870.000 0.166
4875.000 0.172
4880.000 0.181
4885.000 0.187
4890.000 0.194
4895.000 0.198
4900.000 0.205
4905.000 0.213
4910.000 0.219
4915.000 0.231
4920.000 0.236
4925.000 0.244
4930.000 0.251
4935.000 0.255
4940.000 0.266
4945.000 0.272
4950.000 0.283
4955.000 0.288
4960.000 0.299
4965.000 0.307
4970.000 0.305
4975.000 0.325
4980.000 0.337
4985.000 0.340
4990.000 0.351
4995.000 0.357
5000.000 0.363
5005.000 0.381
5010.000 0.386
5015.000 0.399
5020.000 0.404
5025.000 0.409
5030.000 0.421
5035.000 0.416
5040.000 0.434
5045.000 0.437
5050.000 0.448
5055.000 0.463
5060.000 0.467
5065.000 0.485
5070.000 0.489
5075.000 0.499
5080.000 0.512
5085.000 0.519
5090.000 0.531
5095.000 0.533
5100.000 0.547
5105.000 0.557
5110.000 0.565
5115.000 0.573
5120.000 0.578
5125.000 0.587
5130.000 0.594
5135.000 0.600
5140.000 0.608
5145.000 0.611
5150.000 0.621
5155.000 0.627
5160.000 0.631
5165.000 0.636
5170.000 0.640
5175.000 0.644
5180.000 0.649
5185.000 0.653
5190.000 0.659
5195.000 0.659
5200.000 0.664
5205.000 0.668
5210.000 0.668
5215.000 0.667
5220.000 0.669
5225.000 0.670
5230.000 0.673
5235.000 0.671
5240.000 0.671
5245.000 0.673
5250.000 0.673
5255.000 0.668
5260.000 0.671
5265.000 0.670
5270.000 0.668
5275.000 0.667
5280.000 0.666
5285.000 0.666
5290.000 0.663
5295.000 0.661
5300.000 0.659
5305.000 0.658
5310.000 0.656
5315.000 0.654
5320.000 0.654
5325.000 0.648
5330.000 0.646
5335.000 0.644
5340.000 0.638
5345.000 0.641
5350.000 0.637
5355.000 0.644
5360.000 0.646
5365.000 0.642
5370.000 0.640
5375.000 0.633
5380.000 0.629
5385.000 0.627
5390.000 0.622
5395.000 0.624
5400.000 0.621
5405.000 0.623
5410.000 0.612
5415.000 0.610
5420.000 0.610
5425.000 0.605
5430.000 0.607
5435.000 0.607
5440.000 0.604
5445.000 0.605
5450.000 0.604
5455.000 0.602
5460.000 0.619
5465.000 0.615
5470.000 0.614
5475.000 0.609
5480.000 0.607
5485.000 0.606
5490.000 0.604
5495.000 0.604
5500.000 0.605
5505.000 0.602
5510.000 0.615
5515.000 0.609
5520.000 0.612
5525.000 0.609
5530.000 0.617
5535.000 0.613
5540.000 0.616
5545.000 0.619
5550.000 0.610
5555.000 0.607
5560.000 0.606
5565.000 0.607
5570.000 0.605
5575.000 0.604
5580.000 0.599
5585.000 0.595
5590.000 0.599
5595.000 0.604
5600.000 0.604
5605.000 0.600
5610.000 0.602
5615.000 0.598
5620.000 0.595
5625.000 0.595
5630.000 0.594
5635.000 0.597
5640.000 0.592
5645.000 0.591
5650.000 0.594
5655.000 0.593
5660.000 0.590
5665.000 0.586
5670.000 0.590
5675.000 0.588
5680.000 0.588
5685.000 0.594
5690.000 0.591
5695.000 0.593
5700.000 0.590
5705.000 0.590
5710.000 0.588
5715.000 0.592
5720.000 0.590
5725.000 0.587
5730.000 0.593
5735.000 0.591
5740.000 0.589
5745.000 0.592
5750.000 0.594
5755.000 0.597
5760.000 0.599
5765.000 0.596
5770.000 0.596
5775.000 0.589
5780.000 0.593
5785.000 0.594
5790.000 0.592
5795.000 0.591
5800.000 0.589
5805.000 0.590
5810.000 0.589
5815.000 0.590
5820.000 0.591
5825.000 0.591
5830.000 0.589
5835.000 0.592
5840.000 0.589
5845.000 0.589
5850.000 0.591
5855.000 0.594
5860.000 0.592
5865.000 0.597
5870.000 0.593
5875.000 0.595
5880.000 0.598
5885.000 0.596
5890.000 0.604
5895.000 0.603
5900.000 0.602
5905.000 0.599
5910.000 0.602
5915.000 0.607
5920.000 0.607
5925.000 0.607
5930.000 0.605
5935.000 0.613
5940.000 0.608
5945.000 0.611
5950.000 0.615
5955.000 0.611
5960.000 0.620
5965.000 0.620
5970.000 0.622
5975.000 0.617
5980.000 0.613
5985.000 0.623
5990.000 0.631
5995.000 0.630
6000.000 0.637
6005.000 0.630
6010.000 0.626
6015.000 0.631
6020.000 0.643
6025.000 0.642
6030.000 0.635
6035.000 0.642
6040.000 0.637
6045.000 0.637
6050.000 0.651
6055.000 0.645
6060.000 0.649
6065.000 0.653
6070.000 0.650
6075.000 0.655
6080.000 0.656
6085.000 0.665
6090.000 0.663
6095.000 0.664
6100.000 0.670
6105.000 0.671
6110.000 0.678
6115.000 0.676
6120.000 0.683
6125.000 0.688
6130.000 0.689
6135.000 0.695
6140.000 0.696
6145.000 0.700
6150.000 0.706
6155.000 0.710
6160.000 0.713
6165.000 0.714
6170.000 0.717
6175.000 0.721
6180.000 0.725
6185.000 0.729
6190.000 0.732
6195.000 0.733
6200.000 0.740
6205.000 0.741
6210.000 0.745
6215.000 0.747
6220.000 0.753
6225.000 0.759
6230.000 0.760
6235.000 0.769
6240.000 0.773
6245.000 0.774
6250.000 0.784
6255.000 0.786
6260.000 0.796
6265.000 0.801
6270.000 0.806
6275.000 0.814
6280.000 0.818
6285.000 0.827
6290.000 0.830
6295.000 0.843
6300.000 0.848
6305.000 0.863
6310.000 0.889
6315.000 0.895
6320.000 0.905
6325.000 0.900
6330.000 0.899
6335.000 0.898
6340.000 0.903
6345.000 0.909
6350.000 0.915
6355.000 0.928
6360.000 0.939
6365.000 0.942
6370.000 0.955
6375.000 0.959
6380.000 0.975
6385.000 0.981
6390.000 0.994
6395.000 1.004
6400.000 1.010
6405.000 1.025
6410.000 1.034
6415.000 1.041
6420.000 1.059
6425.000 1.065
6430.000 1.085
6435.000 1.097
6440.000 1.108
6445.000 1.124
6450.000 1.136
6455.000 1.158
6460.000 1.175
6465.000 1.188
6470.000 1.205
6475.000 1.230
6480.000 1.243
6485.000 1.265
6490.000 1.277
6495.000 1.306
6500.000 1.335
6505.000 1.350
6510.000 1.377
6515.000 1.394
6520.000 1.419
6525.000 1.449
6530.000 1.463
6535.000 1.497
6540.000 1.515
6545.000 1.547
6550.000 1.587
6555.000 1.607
6560.000 1.648
6565.000 1.669
6570.000 1.716
6575.000 1.767
6580.000 1.799
6585.000 1.855
6590.000 1.888
6595.000 1.950
6600.000 1.986
6605.000 2.055
6610.000 2.128
6615.000 2.165
6620.000 2.255
6625.000 2.291
6630.000 2.388
6635.000 2.489
6640.000 2.541
6645.000 2.648
6650.000 2.712
6655.000 2.841
6660.000 2.984
6665.000 3.066
6670.000 3.239
6675.000 3.329
6680.000 3.518
6685.000 3.742
6690.000 3.872
6695.000 4.156
6700.000 4.316
6705.000 4.697
6710.000 5.159
6715.000 5.434
6720.000 6.112
6725.000 6.523
6730.000 7.531
6735.000 8.865
6740.000 9.697
6745.000 11.852
6750.000 13.177
6755.000 16.360
6760.000 20.176
6765.000 22.207
6770.000 25.948
6775.000 27.389
6780.000 28.500
6785.000 26.046
6790.000 23.522
6795.000 18.425
6800.000 16.164
6805.000 12.552
6810.000 10.049
6815.000 9.098
6820.000 7.615
6825.000 7.028
6830.000 6.124
6835.000 5.553
6840.000 5.335
6845.000 4.946
6850.000 4.776
6855.000 4.461
6860.000 4.197
6865.000 4.069
6870.000 3.844
6875.000 3.729
6880.000 3.535
6885.000 3.445
6890.000 3.281
6895.000 3.129
6900.000 3.059
6905.000 2.895
6910.000 2.800
6915.000 2.629
6920.000 2.476
6925.000 2.409
6930.000 2.286
6935.000 2.231
6940.000 2.119
6945.000 2.025
6950.000 1.983
6955.000 1.901
6960.000 1.863
6965.000 1.793
6970.000 1.724
6975.000 1.697
6980.000 1.640
6985.000 1.611
6990.000 1.556
6995.000 1.511
7000.000 1.497
7005.000 1.452
7010.000 1.432
7015.000 1.397
7020.000 1.378
7025.000 1.355
7030.000 1.325
7035.000 1.316
7040.000 1.294
7045.000 1.275
7050.000 1.267
7055.000 1.237
7060.000 1.232
7065.000 1.207
7070.000 1.193
7075.000 1.183
7080.000 1.169
7085.000 1.157
7090.000 1.146
7095.000 1.136
7100.000 1.129
7105.000 1.117
7110.000 1.110
7115.000 1.102
7120.000 1.089
7125.000 1.089
7130.000 1.083
7135.000 1.078
7140.000 1.071
7145.000 1.067
7150.000 1.066
7155.000 1.064
7160.000 1.059
7165.000 1.058
7170.000 1.056
7175.000 1.055
7180.000 1.054
7185.000 1.053
7190.000 1.055
7195.000 1.057
7200.000 1.055
7205.000 1.058
7210.000 1.059
7215.000 1.062
7220.000 1.069
7225.000 1.069
7230.000 1.082
7235.000 1.086
7240.000 1.093
7245.000 1.096
7250.000 1.100
7255.000 1.103
7260.000 1.106
7265.000 1.112
7270.000 1.122
7275.000 1.125
7280.000 1.137
7285.000 1.139
7290.000 1.154
7295.000 1.166
7300.000 1.173
7305.000 1.190
7310.000 1.200
7315.000 1.220
7320.000 1.244
7325.000 1.251
7330.000 1.274
7335.000 1.284
7340.000 1.306
7345.000 1.337
7350.000 1.354
7355.000 1.390
7360.000 1.448
7365.000 1.446
7370.000 1.505
7375.000 1.517
7380.000 1.538
7385.000 1.560
7390.000 1.605
7395.000 1.653
7400.000 1.696
7405.000 1.773
7410.000 1.808
7415.000 1.892
7420.000 1.991
7425.000 2.049
7430.000 2.122
7435.000 2.159
7440.000 2.239
7445.000 2.327
7450.000 2.367
7455.000 2.452
7460.000 2.518
7465.000 2.642
7470.000 2.710
7475.000 2.835
7480.000 2.988
7485.000 3.063
7490.000 3.252
7495.000 3.345
7500.000 3.602
7505.000 3.876
7510.000 4.045
7515.000 4.412
7520.000 4.645
7525.000 5.193
7530.000 5.911
7535.000 6.348
7540.000 7.425
7545.000 8.083
7550.000 9.659
7555.000 11.606
7560.000 12.683
7565.000 14.805
7570.000 15.650
7575.000 16.459
7580.000 15.402
7585.000 14.260
7590.000 11.742
7595.000 10.539
7600.000 8.511
7605.000 6.998
7610.000 6.393
7615.000 5.454
7620.000 5.108
7625.000 4.585
7630.000 4.177
7635.000 3.992
7640.000 3.671
7645.000 3.528
7650.000 3.297
7655.000 3.148
7660.000 3.039
7665.000 2.817
7670.000 2.724
7675.000 2.547
7680.000 2.400
7685.000 2.334
7690.000 2.224
7695.000 2.157
7700.000 2.060
7705.000 1.968
7710.000 1.917
7715.000 1.806
7720.000 1.756
7725.000 1.662
7730.000 1.575
7735.000 1.535
7740.000 1.454
7745.000 1.422
7750.000 1.358
7755.000 1.302
7760.000 1.279
7765.000 1.227
7770.000 1.204
7775.000 1.167
7780.000 1.126
7785.000 1.109
7790.000 1.073
7795.000 1.055
7800.000 1.022
7805.000 0.992
7810.000 0.980
7815.000 0.952
7820.000 0.940
7825.000 0.914
7830.000 0.887
7835.000 0.885
7840.000 0.862
7845.000 0.851
7850.000 0.836
7855.000 0.821
7860.000 0.812
7865.000 0.790
7870.000 0.784
7875.000 0.763
7880.000 0.768
7885.000 0.755
7890.000 0.756
7895.000 0.752
7900.000 0.735
7905.000 0.715
7910.000 0.709
7915.000 0.693
7920.000 0.689
7925.000 0.674
7930.000 0.663
7935.000 0.656
7940.000 0.645
7945.000 0.643
7950.000 0.637
7955.000 0.627
7960.000 0.625
7965.000 0.619
7970.000 0.609
7975.000 0.602
7980.000 0.597
7985.000 0.592
7990.000 0.593
7995.000 0.583
8000.000 0.575
8005.000 0.574
8010.000 0.573
8015.000 0.567
8020.000 0.562
8025.000 0.563
8030.000 0.559
8035.000 0.563
8040.000 0.552
8045.000 0.549
8050.000 0.548
8055.000 0.539
8060.000 0.538
8065.000 0.529
8070.000 0.527
8075.000 0.523
8080.000 0.519
8085.000 0.514
8090.000 0.508
8095.000 0.505
8100.000 0.506
8105.000 0.509
8110.000 0.520
8115.000 0.525
8120.000 0.545
8125.000 0.558
8130.000 0.551
8135.000 0.545
8140.000 0.537
8145.000 0.534
8150.000 0.529
8155.000 0.528
8160.000 0.524
8165.000 0.520
8170.000 0.518
8175.000 0.517
8180.000 0.514
8185.000 0.513
8190.000 0.518
8195.000 0.518
8200.000 0.515
8205.000 0.511
8210.000 0.510
8215.000 0.513
8220.000 0.510
8225.000 0.511
8230.000 0.513
8235.000 0.509
8240.000 0.510
8245.000 0.517
8250.000 0.517
8255.000 0.514
8260.000 0.509
8265.000 0.506
8270.000 0.504
8275.000 0.505
8280.000 0.504
8285.000 0.502
8290.000 0.500
8295.000 0.497
8300.000 0.497
8305.000 0.497
8310.000 0.496
8315.000 0.495
8320.000 0.495
8325.000 0.495
8330.000 0.491
8335.000 0.492
8340.000 0.492
8345.000 0.492
8350.000 0.489
8355.000 0.488
8360.000 0.492
8365.000 0.500
8370.000 0.496
8375.000 0.495
8380.000 0.493
8385.000 0.491
8390.000 0.493
8395.000 0.491
8400.000 0.491
8405.000 0.489
8410.000 0.486
8415.000 0.487
8420.000 0.485
8425.000 0.482
8430.000 0.481
8435.000 0.488
8440.000 0.483
8445.000 0.481
8450.000 0.481
8455.000 0.478
8460.000 0.480
8465.000 0.470
8470.000 0.472
8475.000 0.473
8480.000 0.487
8485.000 0.482
8490.000 0.478
8495.000 0.479
8500.000 0.476
8505.000 0.476
8510.000 0.474
8515.000 0.475
8520.000 0.475
8525.000 0.476
8530.000 0.475
8535.000 0.474
8540.000 0.475
8545.000 0.474
8550.000 0.498
8555.000 0.498
8560.000 0.489
8565.000 0.486
8570.000 0.484
8575.000 0.479
8580.000 0.478
8585.000 0.475
8590.000 0.474
8595.000 0.475
8600.000 0.474
8605.000 0.472
8610.000 0.495
8615.000 0.488
8620.000 0.486
8625.000 0.485
8630.000 0.494
8635.000 0.485
8640.000 0.480
8645.000 0.480
8650.000 0.479
8655.000 0.480
8660.000 0.495
8665.000 0.492
8670.000 0.490
8675.000 0.496
8680.000 0.491
8685.000 0.488
8690.000 0.486
8695.000 0.481
8700.000 0.484
8705.000 0.482
8710.000 0.479
8715.000 0.478
8720.000 0.477
8725.000 0.480
8730.000 0.476
8735.000 0.476
8740.000 0.478
8745.000 0.477
8750.000 0.477
8755.000 0.479
8760.000 0.480
8765.000 0.480
8770.000 0.478
8775.000 0.484
8780.000 0.491
8785.000 0.493
8790.000 0.492
8795.000 0.485
8800.000 0.480
8805.000 0.479
8810.000 0.479
8815.000 0.485
8820.000 0.471
8825.000 0.475
8830.000 0.495
8835.000 0.475
8840.000 0.485
8845.000 0.502
8850.000 0.490
8855.000 0.487
8860.000 0.484
8865.000 0.480
8870.000 0.481
8875.000 0.476
8880.000 0.496
8885.000 0.499
8890.000 0.496
8895.000 0.491
8900.000 0.489
8905.000 0.485
8910.000 0.487
8915.000 0.486
8920.000 0.484
8925.000 0.482
8930.000 0.483
8935.000 0.481
8940.000 0.482
8945.000 0.481
8950.000 0.480
8955.000 0.480
8960.000 0.478
8965.000 0.486
8970.000 0.484
8975.000 0.486
8980.000 0.486
8985.000 0.483
8990.000 0.479
8995.000 0.479
9000.000 0.481
9005.000 0.481
9010.000 0.486
9015.000 0.489
9020.000 0.493
9025.000 0.491
9030.000 0.498
9035.000 0.492
9040.000 0.499
9045.000 0.497
9050.000 0.500
9055.000 0.508
9060.000 0.506
9065.000 0.501
9070.000 0.503
9075.000 0.504
9080.000 0.508
9085.000 0.508
9090.000 0.509
9095.000 0.512
9100.000 0.511
9105.000 0.511
9110.000 0.512
9115.000 0.511
9120.000 0.514
9125.000 0.517
9130.000 0.516
9135.000 0.517
9140.000 0.520
9145.000 0.520
9150.000 0.523
9155.000 0.529
9160.000 0.528
9165.000 0.528
9170.000 0.528
9175.000 0.528
9180.000 0.530
9185.000 0.529
9190.000 0.532
9195.000 0.532
9200.000 0.533
9205.000 0.535
9210.000 0.541
9215.000 0.540
9220.000 0.544
9225.000 0.544
9230.000 0.545
9235.000 0.547
9240.000 0.545
9245.000 0.549
9250.000 0.549
9255.000 0.552
9260.000 0.552
9265.000 0.556
9270.000 0.554
9275.000 0.555
9280.000 0.556
9285.000 0.556
9290.000 0.561
9295.000 0.564
9300.000 0.565
9305.000 0.571
9310.000 0.570
9315.000 0.572
9320.000 0.571
9325.000 0.571
9330.000 0.575
9335.000 0.575
9340.000 0.577
9345.000 0.578
9350.000 0.579
9355.000 0.578
9360.000 0.585
9365.000 0.596
9370.000 0.596
9375.000 0.594
9380.000 0.593
9385.000 0.589
9390.000 0.587
9395.000 0.587
9400.000 0.591
9405.000 0.591
9410.000 0.603
9415.000 0.605
9420.000 0.604
9425.000 0.607
9430.000 0.601
9435.000 0.602
9440.000 0.603
9445.000 0.601
9450.000 0.601
9455.000 0.604
9460.000 0.605
9465.000 0.609
9470.000 0.609
9475.000 0.609
9480.000 0.609
9485.000 0.613
9490.000 0.611
9495.000 0.616
9500.000 0.617
9505.000 0.620
9510.000 0.620
9515.000 0.621
9520.000 0.629
9525.000 0.632
9530.000 0.629
9535.000 0.631
9540.000 0.628
9545.000 0.636
9550.000 0.633
9555.000 0.641
9560.000 0.644
9565.000 0.644
9570.000 0.643
9575.000 0.647
9580.000 0.648
9585.000 0.648
9590.000 0.656
9595.000 0.652
9600.000 0.655
9605.000 0.664
9610.000 0.662
9615.000 0.673
9620.000 0.681
9625.000 0.680
9630.000 0.675
9635.000 0.679
9640.000 0.681
9645.000 0.690
9650.000 0.691
9655.000 0.691
9660.000 0.695
9665.000 0.694
9670.000 0.695
9675.000 0.695
9680.000 0.706
9685.000 0.704
9690.000 0.707
9695.000 0.710
9700.000 0.718
9705.000 0.724
9710.000 0.720
9715.000 0.720
9720.000 0.739
9725.000 0.738
9730.000 0.745
9735.000 0.745
9740.000 0.755
9745.000 0.758
9750.000 0.759
9755.000 0.784
9760.000 0.783
9765.000 0.784
9770.000 0.795
9775.000 0.792
9780.000 0.799
9785.000 0.806
9790.000 0.810
9795.000 0.823
9800.000 0.828
9805.000 0.835
9810.000 0.852
9815.000 0.855
9820.000 0.867
9825.000 0.868
9830.000 0.874
9835.000 0.882
9840.000 0.883
9845.000 0.894
9850.000 0.903
9855.000 0.916
9860.000 0.921
9865.000 0.930
9870.000 0.942
9875.000 0.952
9880.000 0.982
9885.000 0.985
9890.000 0.998
9895.000 1.010
9900.000 1.020
9905.000 1.036
9910.000 1.044
9915.000 1.075
9920.000 1.092
9925.000 1.104
9930.000 1.128
9935.000 1.140
9940.000 1.172
9945.000 1.203
9950.000 1.216
9955.000 1.237
9960.000 1.257
9965.000 1.293
9970.000 1.339
9975.000 1.361
9980.000 1.410
9985.000 1.429
9990.000 1.470
9995.000 1.521
10000.000 1.562
10005.000 1.612
10010.000 1.651
10015.000 1.734
10020.000 1.828
10025.000 1.865
10030.000 1.972
10035.000 2.028
10040.000 2.152
10045.000 2.301
10050.000 2.427
10055.000 2.600
10060.000 2.817
10065.000 2.942
10070.000 3.278
10075.000 3.468
10080.000 3.941
10085.000 4.217
10090.000 4.904
10095.000 5.684
10100.000 6.124
10105.000 7.065
10110.000 7.453
10115.000 7.695
10120.000 7.548
10125.000 7.149
10130.000 6.128
10135.000 5.592
10140.000 4.629
10145.000 4.170
10150.000 3.492
10155.000 3.015
10160.000 2.831
10165.000 2.505
10170.000 2.372
10175.000 2.136
10180.000 1.931
10185.000 1.842
10190.000 1.682
10195.000 1.615
10200.000 1.485
10205.000 1.366
10210.000 1.315
10215.000 1.222
10220.000 1.178
10225.000 1.098
10230.000 1.033
10235.000 1.000
10240.000 0.932
10245.000 0.907
10250.000 0.841
10255.000 0.774
10260.000 0.745
10265.000 0.688
10270.000 0.662
10275.000 0.614
10280.000 0.574
10285.000 0.556
10290.000 0.523
10295.000 0.507
10300.000 0.478
10305.000 0.450
10310.000 0.439
10315.000 0.416
10320.000 0.408
10325.000 0.387
10330.000 0.369
10335.000 0.361
10340.000 0.345
10345.000 0.338
10350.000 0.325
10355.000 0.322
10360.000 0.315
10365.000 0.310
10370.000 0.306
10375.000 0.300
10380.000 0.294
10385.000 0.296
10390.000 0.289
10395.000 0.281
10400.000 0.275
10405.000 0.270
10410.000 0.267
10415.000 0.260
10420.000 0.258
10425.000 0.256
10430.000 0.254
10435.000 0.250
10440.000 0.249
10445.000 0.250
10450.000 0.247
10455.000 0.247
10460.000 0.247
10465.000 0.247
10470.000 0.248
10475.000 0.249
10480.000 0.250
10485.000 0.251
10490.000 0.254
10495.000 0.254
10500.000 0.256
10505.000 0.261
10510.000 0.261
10515.000 0.265
10520.000 0.267
10525.000 0.271
10530.000 0.275
10535.000 0.277
10540.000 0.283
10545.000 0.284
10550.000 0.288
10555.000 0.299
10560.000 0.303
10565.000 0.308
10570.000 0.311
10575.000 0.319
10580.000 0.327
10585.000 0.330
10590.000 0.339
10595.000 0.349
10600.000 0.356
10605.000 0.364
10610.000 0.370
10615.000 0.375
10620.000 0.378
10625.000 0.387
10630.000 0.400
10635.000 0.409
10640.000 0.437
10645.000 0.449
10650.000 0.488
10655.000 0.526
10660.000 0.543
10665.000 0.593
10670.000 0.619
10675.000 0.655
10680.000 0.698
10685.000 0.705
10690.000 0.741
10695.000 0.761
10700.000 0.811
10705.000 0.862
10710.000 0.888
10715.000 0.952
10720.000 1.013
10725.000 1.050
10730.000 1.125
10735.000 1.170
10740.000 1.275
10745.000 1.337
10750.000 1.468
10755.000 1.543
10760.000 1.720
10765.000 1.940
10770.000 2.068
10775.000 2.361
10780.000 2.735
10785.000 2.957
10790.000 3.460
10795.000 3.739
10800.000 4.344
10805.000 4.644
10810.000 5.138
10815.000 5.388
10820.000 5.365
10825.000 5.013
10830.000 4.751
10835.000 4.144
10840.000 3.563
10845.000 3.307
10850.000 2.887
10855.000 2.716
10860.000 2.444
10865.000 2.283
10870.000 2.220
10875.000 2.098
10880.000 2.042
10885.000 1.945
10890.000 1.842
10895.000 1.794
10900.000 1.702
10905.000 1.650
10910.000 1.569
10915.000 1.489
10920.000 1.450
10925.000 1.386
10930.000 1.352
10935.000 1.297
10940.000 1.257
10945.000 1.224
10950.000 1.186
10955.000 1.169
10960.000 1.120
10965.000 1.083
10970.000 1.062
10975.000 1.035
10980.000 1.017
10985.000 0.994
10990.000 0.964
10995.000 0.956
11000.000 0.933
11005.000 0.926
11010.000 0.900
11015.000 0.891
11020.000 0.885
11025.000 0.883
11030.000 0.876
11035.000 0.860
11040.000 0.905
11045.000 0.878
11050.000 0.837
11055.000 0.818
11060.000 0.787
11065.000 0.768
11070.000 0.760
11075.000 0.745
11080.000 0.738
11085.000 0.725
11090.000 0.713
11095.000 0.713
11100.000 0.698
11105.000 0.696
11110.000 0.687
11115.000 0.680
11120.000 0.674
11125.000 0.665
11130.000 0.661
11135.000 0.658
11140.000 0.647
11145.000 0.644
11150.000 0.644
11155.000 0.640
11160.000 0.637
11165.000 0.631
11170.000 0.629
11175.000 0.628
11180.000 0.627
11185.000 0.619
11190.000 0.611
11195.000 0.608
11200.000 0.605
11205.000 0.599
11210.000 0.593
11215.000 0.594
11220.000 0.595
11225.000 0.587
11230.000 0.584
11235.000 0.575
11240.000 0.571
11245.000 0.568
11250.000 0.568
11255.000 0.563
11260.000 0.561
11265.000 0.555
11270.000 0.558
11275.000 0.557
11280.000 0.556
11285.000 0.554
11290.000 0.551
11295.000 0.549
11300.000 0.557
11305.000 0.554
11310.000 0.549
11315.000 0.541
11320.000 0.541
11325.000 0.539
11330.000 0.536
11335.000 0.531
11340.000 0.530
11345.000 0.530
11350.000 0.524
11355.000 0.527
11360.000 0.524
11365.000 0.521
11370.000 0.521
11375.000 0.520
11380.000 0.521
11385.000 0.520
11390.000 0.519
11395.000 0.515
11400.000 0.513
11405.000 0.512
11410.000 0.510
11415.000 0.508
11420.000 0.507
11425.000 0.506
11430.000 0.505
11435.000 0.503
11440.000 0.500
11445.000 0.500
11450.000 0.497
11455.000 0.497
11460.000 0.494
11465.000 0.493
11470.000 0.490
11475.000 0.488
11480.000 0.486
11485.000 0.494
11490.000 0.489
11495.000 0.487
11500.000 0.484
11505.000 0.484
11510.000 0.481
11515.000 0.481
11520.000 0.483
11525.000 0.481
11530.000 0.481
11535.000 0.481
11540.000 0.479
11545.000 0.475
11550.000 0.476
11555.000 0.476
11560.000 0.472
11565.000 0.475
11570.000 0.477
11575.000 0.477
11580.000 0.473
11585.000 0.473
11590.000 0.471
11595.000 0.473
11600.000 0.467
11605.000 0.466
11610.000 0.465
11615.000 0.464
11620.000 0.466
11625.000 0.464
11630.000 0.464
11635.000 0.467
11640.000 0.464
11645.000 0.463
11650.000 0.460
11655.000 0.461
11660.000 0.462
11665.000 0.460
11670.000 0.457
11675.000 0.462
11680.000 0.463
11685.000 0.462
11690.000 0.460
11695.000 0.462
11700.000 0.460
11705.000 0.462
11710.000 0.461
11715.000 0.458
11720.000 0.459
11725.000 0.454
11730.000 0.452
11735.000 0.453
11740.000 0.453
11745.000 0.449
11750.000 0.450
11755.000 0.454
11760.000 0.456
11765.000 0.456
11770.000 0.446
11775.000 0.447
11780.000 0.448
11785.000 0.450
11790.000 0.449
11795.000 0.448
11800.000 0.445
11805.000 0.446
11810.000 0.446
11815.000 0.442
11820.000 0.439
11825.000 0.445
11830.000 0.442
11835.000 0.445
11840.000 0.442
11845.000 0.445
11850.000 0.442
11855.000 0.442
11860.000 0.440
11865.000 0.441
11870.000 0.442
11875.000 0.437
11880.000 0.438
11885.000 0.439
11890.000 0.438
11895.000 0.436
11900.000 0.437
11905.000 0.439
11910.000 0.443
11915.000 0.442
11920.000 0.441
11925.000 0.442
11930.000 0.440
11935.000 0.439
11940.000 0.442
11945.000 0.437
11950.000 0.439
11955.000 0.435
11960.000 0.434
11965.000 0.438
11970.000 0.439
11975.000 0.445
11980.000 0.439
11985.000 0.440
11990.000 0.435
11995.000 0.441
12000.000 0.443
