105.000 0.072
110.000 0.177
115.000 12.607
120.000 13.691
125.000 16.143
130.000 17.037
135.000 18.097
140.000 18.849
145.000 18.964
150.000 19.263
155.000 19.506
160.000 19.363
165.000 19.205
170.000 19.059
175.000 18.919
180.000 18.768
185.000 18.676
190.000 18.481
195.000 18.553
200.000 18.737
205.000 18.729
210.000 19.011
215.000 19.077
220.000 19.343
225.000 19.531
230.000 19.715
235.000 19.895
240.000 19.968
245.000 20.201
250.000 20.450
255.000 20.587
260.000 20.947
265.000 21.303
270.000 21.600
275.000 22.061
280.000 22.276
285.000 22.755
290.000 23.055
295.000 23.664
300.000 24.285
305.000 24.577
310.000 25.167
315.000 25.519
320.000 25.331
325.000 25.339
330.000 25.845
335.000 26.741
340.000 27.259
345.000 28.284
350.000 29.217
355.000 29.801
360.000 30.835
365.000 31.356
370.000 32.532
375.000 33.824
380.000 34.438
385.000 35.743
390.000 36.461
395.000 37.860
400.000 39.413
405.000 40.125
410.000 41.638
415.000 42.334
420.000 43.626
425.000 44.819
430.000 45.355
435.000 46.167
440.000 46.466
445.000 46.553
450.000 46.116
455.000 45.669
460.000 44.320
465.000 43.450
470.000 41.471
475.000 40.502
480.000 38.474
485.000 36.517
490.000 35.525
495.000 33.764
500.000 32.847
505.000 31.131
510.000 29.517
515.000 28.745
520.000 27.289
525.000 26.583
530.000 25.252
535.000 23.943
540.000 23.311
545.000 22.023
550.000 21.409
555.000 20.113
560.000 18.833
565.000 18.232
570.000 16.918
575.000 16.301
580.000 15.053
585.000 13.863
590.000 13.293
595.000 12.212
600.000 11.668
605.000 10.631
610.000 9.632
615.000 9.172
620.000 8.319
625.000 7.959
630.000 7.280
635.000 6.727
640.000 6.498
645.000 6.055
650.000 5.903
655.000 5.657
660.000 5.471
665.000 5.390
670.000 5.234
675.000 5.161
680.000 5.020
685.000 4.914
690.000 4.869
695.000 4.753
700.000 4.707
705.000 4.622
710.000 4.535
715.000 4.496
720.000 4.424
725.000 4.392
730.000 4.330
735.000 4.280
740.000 4.248
745.000 4.214
750.000 4.183
755.000 4.147
760.000 4.097
765.000 4.090
770.000 4.055
775.000 4.038
780.000 4.033
785.000 4.031
790.000 4.052
795.000 4.072
800.000 4.095
805.000 4.129
810.000 4.150
815.000 4.142
820.000 4.150
825.000 4.155
830.000 4.161
835.000 4.174
840.000 4.187
845.000 4.209
850.000 4.226
855.000 4.272
860.000 4.327
865.000 4.360
870.000 4.457
875.000 4.490
880.000 4.605
885.000 4.734
890.000 4.794
895.000 4.980
900.000 5.064
905.000 5.287
910.000 5.562
915.000 5.724
920.000 6.105
925.000 6.311
930.000 6.912
935.000 7.754
940.000 8.285
945.000 9.752
950.000 10.724
955.000 13.303
960.000 16.730
965.000 18.645
970.000 21.869
975.000 22.528
980.000 20.552
985.000 15.517
990.000 13.069
995.000 9.428
1000.000 8.121
1005.000 6.218
1010.000 4.902
1015.000 4.421
1020.000 3.676
1025.000 3.411
1030.000 2.966
1035.000 2.545
1040.000 2.372
1045.000 2.073
1050.000 1.942
1055.000 1.727
1060.000 1.536
1065.000 1.439
1070.000 1.299
1075.000 1.252
1080.000 1.159
1085.000 1.116
1090.000 1.054
1095.000 1.007
1100.000 0.987
1105.000 0.955
1110.000 0.939
1115.000 0.912
1120.000 0.885
1125.000 0.882
1130.000 0.863
1135.000 0.861
1140.000 0.852
1145.000 0.844
1150.000 0.840
1155.000 0.836
1160.000 0.831
1165.000 0.832
1170.000 0.834
1175.000 0.832
1180.000 0.842
1185.000 0.845
1190.000 0.856
1195.000 0.859
1200.000 0.866
1205.000 0.881
1210.000 0.878
1215.000 0.890
1220.000 0.900
1225.000 0.907
1230.000 0.913
1235.000 0.915
1240.000 0.921
1245.000 0.927
1250.000 0.931
1255.000 0.938
1260.000 0.942
1265.000 0.953
1270.000 0.961
1275.000 0.965
1280.000 0.976
1285.000 0.980
1290.000 0.987
1295.000 0.997
1300.000 1.002
1305.000 1.010
1310.000 1.018
1315.000 1.030
1320.000 1.042
1325.000 1.043
1330.000 1.048
1335.000 1.062
1340.000 1.072
1345.000 1.082
1350.000 1.091
1355.000 1.100
1360.000 1.110
1365.000 1.123
1370.000 1.137
1375.000 1.140
1380.000 1.154
1385.000 1.161
1390.000 1.175
1395.000 1.187
1400.000 1.197
1405.000 1.210
1410.000 1.223
1415.000 1.236
1420.000 1.251
1425.000 1.260
1430.000 1.276
1435.000 1.284
1440.000 1.302
1445.000 1.320
1450.000 1.330
1455.000 1.349
1460.000 1.360
1465.000 1.380
1470.000 1.401
1475.000 1.419
1480.000 1.430
1485.000 1.445
1490.000 1.459
1495.000 1.489
1500.000 1.493
1505.000 1.518
1510.000 1.530
1515.000 1.550
1520.000 1.576
1525.000 1.587
1530.000 1.613
1535.000 1.621
1540.000 1.656
1545.000 1.677
1550.000 1.682
1555.000 1.694
1560.000 1.694
1565.000 1.713
1570.000 1.723
1575.000 1.728
1580.000 1.733
1585.000 1.735
1590.000 1.741
1595.000 1.743
1600.000 1.744
1605.000 1.741
1610.000 1.742
1615.000 1.743
1620.000 1.742
1625.000 1.746
1630.000 1.745
1635.000 1.790
1640.000 1.827
1645.000 1.875
1650.000 1.914
1655.000 2.029
1660.000 2.097
1665.000 2.278
1670.000 2.385
1675.000 2.648
1680.000 2.969
1685.000 3.207
1690.000 3.590
1695.000 3.785
1700.000 4.221
1705.000 4.747
1710.000 4.979
1715.000 5.348
1720.000 5.512
1725.000 5.837
1730.000 6.162
1735.000 6.333
1740.000 6.680
1745.000 6.854
1750.000 7.236
1755.000 7.651
1760.000 7.878
1765.000 8.344
1770.000 8.590
1775.000 9.125
1780.000 9.736
1785.000 10.064
1790.000 10.782
1795.000 11.190
1800.000 12.062
1805.000 13.122
1810.000 13.675
1815.000 14.943
1820.000 15.679
1825.000 17.494
1830.000 19.232
1835.000 20.288
1840.000 22.719
1845.000 24.082
1850.000 26.983
1855.000 30.288
1860.000 31.976
1865.000 35.240
1870.000 36.739
1875.000 39.198
1880.000 40.480
1885.000 40.528
1890.000 38.947
1895.000 37.207
1900.000 33.004
1905.000 28.848
1910.000 26.939
1915.000 23.520
1920.000 22.059
1925.000 19.602
1930.000 17.629
1935.000 16.850
1940.000 15.780
1945.000 15.339
1950.000 14.538
1955.000 13.785
1960.000 13.440
1965.000 12.791
1970.000 12.494
1975.000 11.910
1980.000 11.408
1985.000 11.168
1990.000 10.713
1995.000 10.489
2000.000 10.071
2005.000 9.673
2010.000 9.492
2015.000 9.164
2020.000 8.993
2025.000 8.678
2030.000 8.367
2035.000 8.243
2040.000 7.961
2045.000 7.839
2050.000 7.600
2055.000 7.356
2060.000 7.246
2065.000 7.025
2070.000 6.921
2075.000 6.718
2080.000 6.491
2085.000 6.380
2090.000 6.165
2095.000 6.064
2100.000 5.872
2105.000 5.693
2110.000 5.604
2115.000 5.436
2120.000 5.359
2125.000 5.194
2130.000 5.037
2135.000 4.963
2140.000 4.816
2145.000 4.750
2150.000 4.615
2155.000 4.428
2160.000 4.323
2165.000 4.137
2170.000 4.049
2175.000 3.876
2180.000 3.717
2185.000 3.643
2190.000 3.502
2195.000 3.432
2200.000 3.306
2205.000 3.184
2210.000 3.129
2215.000 3.025
2220.000 2.969
2225.000 2.877
2230.000 2.784
2235.000 2.741
2240.000 2.653
2245.000 2.610
2250.000 2.523
2255.000 2.487
2260.000 2.405
2265.000 2.336
2270.000 2.304
2275.000 2.245
2280.000 2.214
2285.000 2.159
2290.000 2.104
2295.000 2.076
2300.000 2.027
2305.000 1.998
2310.000 1.948
2315.000 1.901
2320.000 1.878
2325.000 1.838
2330.000 1.820
2335.000 1.777
2340.000 1.742
2345.000 1.722
2350.000 1.684
2355.000 1.666
2360.000 1.635
2365.000 1.604
2370.000 1.589
2375.000 1.557
2380.000 1.543
2385.000 1.513
2390.000 1.487
2395.000 1.474
2400.000 1.448
2405.000 1.435
2410.000 1.412
2415.000 1.386
2420.000 1.374
2425.000 1.352
2430.000 1.339
2435.000 1.320
2440.000 1.301
2445.000 1.290
2450.000 1.270
2455.000 1.263
2460.000 1.245
2465.000 1.227
2470.000 1.218
2475.000 1.203
2480.000 1.195
2485.000 1.177
2490.000 1.163
2495.000 1.155
2500.000 1.139
2505.000 1.135
2510.000 1.118
2515.000 1.104
2520.000 1.098
2525.000 1.085
2530.000 1.077
2535.000 1.064
2540.000 1.055
2545.000 1.048
2550.000 1.035
2555.000 1.028
2560.000 1.021
2565.000 1.005
2570.000 1.003
2575.000 0.993
2580.000 0.987
2585.000 0.979
2590.000 0.971
2595.000 0.967
2600.000 0.957
2605.000 0.949
2610.000 0.947
2615.000 0.935
2620.000 0.932
2625.000 0.923
2630.000 0.922
2635.000 0.917
2640.000 0.907
2645.000 0.908
2650.000 0.900
2655.000 0.897
2660.000 0.891
2665.000 0.884
2670.000 0.879
2675.000 0.875
2680.000 0.872
2685.000 0.868
2690.000 0.863
2695.000 0.861
2700.000 0.856
2705.000 0.853
2710.000 0.851
2715.000 0.846
2720.000 0.846
2725.000 0.839
2730.000 0.837
2735.000 0.833
2740.000 0.832
2745.000 0.833
2750.000 0.829
2755.000 0.828
2760.000 0.825
2765.000 0.824
2770.000 0.826
2775.000 0.824
2780.000 0.820
2785.000 0.818
2790.000 0.816
2795.000 0.814
2800.000 0.814
2805.000 0.816
2810.000 0.811
2815.000 0.810
2820.000 0.811
2825.000 0.811
2830.000 0.810
2835.000 0.809
2840.000 0.809
2845.000 0.811
2850.000 0.812
2855.000 0.810
2860.000 0.811
2865.000 0.812
2870.000 0.813
2875.000 0.815
2880.000 0.817
2885.000 0.817
2890.000 0.821
2895.000 0.824
2900.000 0.824
2905.000 0.824
2910.000 0.827
2915.000 0.829
2920.000 0.830
2925.000 0.835
2930.000 0.841
2935.000 0.842
2940.000 0.846
2945.000 0.848
2950.000 0.851
2955.000 0.857
2960.000 0.860
2965.000 0.871
2970.000 0.872
2975.000 0.881
2980.000 0.881
2985.000 0.892
2990.000 0.885
2995.000 0.899
3000.000 0.896
3005.000 0.912
3010.000 0.921
3015.000 0.926
3020.000 0.921
3025.000 0.938
3030.000 0.938
3035.000 0.958
3040.000 0.963
3045.000 0.969
3050.000 0.979
3055.000 0.980
3060.000 0.994
3065.000 1.011
3070.000 1.016
3075.000 1.030
3080.000 1.036
3085.000 1.060
3090.000 1.064
3095.000 1.080
3100.000 1.100
3105.000 1.109
3110.000 1.129
3115.000 1.138
3120.000 1.161
3125.000 1.182
3130.000 1.193
3135.000 1.224
3140.000 1.237
3145.000 1.264
3150.000 1.297
3155.000 1.315
3160.000 1.356
3165.000 1.380
3170.000 1.415
3175.000 1.451
3180.000 1.472
3185.000 1.518
3190.000 1.544
3195.000 1.596
3200.000 1.659
3205.000 1.690
3210.000 1.762
3215.000 1.799
3220.000 1.888
3225.000 1.977
3230.000 2.031
3235.000 2.142
3240.000 2.208
3245.000 2.330
3250.000 2.423
3255.000 2.478
3260.000 2.593
3265.000 2.716
3270.000 2.783
3275.000 2.927
3280.000 3.007
3285.000 3.180
3290.000 3.273
3295.000 3.474
3300.000 3.710
3305.000 3.839
3310.000 4.155
3315.000 4.332
3320.000 4.766
3325.000 5.324
3330.000 5.656
3335.000 6.486
3340.000 6.998
3345.000 8.325
3350.000 10.122
3355.000 11.312
3360.000 14.344
3365.000 16.274
3370.000 20.888
3375.000 26.018
3380.000 28.520
3385.000 32.493
3390.000 33.601
3395.000 32.941
3400.000 27.089
3405.000 23.591
3410.000 17.572
3415.000 15.192
3420.000 11.651
3425.000 9.301
3430.000 8.416
3435.000 7.144
3440.000 6.532
3445.000 5.681
3450.000 5.382
3455.000 5.105
3460.000 4.727
3465.000 4.559
3470.000 4.261
3475.000 4.124
3480.000 3.874
3485.000 3.663
3490.000 3.566
3495.000 3.389
3500.000 3.299
3505.000 3.092
3510.000 2.914
3515.000 2.830
3520.000 2.658
3525.000 2.572
3530.000 2.417
3535.000 2.292
3540.000 2.233
3545.000 2.129
3550.000 2.088
3555.000 2.001
3560.000 1.925
3565.000 1.893
3570.000 1.831
3575.000 1.798
3580.000 1.746
3585.000 1.702
3590.000 1.683
3595.000 1.643
3600.000 1.622
3605.000 1.591
3610.000 1.561
3615.000 1.547
3620.000 1.519
3625.000 1.507
3630.000 1.488
3635.000 1.469
3640.000 1.461
3645.000 1.448
3650.000 1.439
3655.000 1.425
3660.000 1.417
3665.000 1.413
3670.000 1.406
3675.000 1.403
3680.000 1.398
3685.000 1.397
3690.000 1.396
3695.000 1.397
3700.000 1.398
3705.000 1.397
3710.000 1.404
3715.000 1.407
3720.000 1.413
3725.000 1.419
3730.000 1.428
3735.000 1.445
3740.000 1.453
3745.000 1.468
3750.000 1.478
3755.000 1.499
3760.000 1.510
3765.000 1.535
3770.000 1.562
3775.000 1.580
3780.000 1.611
3785.000 1.629
3790.000 1.677
3795.000 1.710
3800.000 1.722
3805.000 1.748
3810.000 1.762
3815.000 1.798
3820.000 1.835
3825.000 1.856
3830.000 1.897
3835.000 1.919
3840.000 1.966
3845.000 2.026
3850.000 2.058
3855.000 2.123
3860.000 2.156
3865.000 2.232
3870.000 2.321
3875.000 2.371
3880.000 2.475
3885.000 2.529
3890.000 2.658
3895.000 2.800
3900.000 2.880
3905.000 3.059
3910.000 3.139
3915.000 3.312
3920.000 3.536
3925.000 3.777
3930.000 3.902
3935.000 4.031
3940.000 4.310
3945.000 4.671
3950.000 4.879
3955.000 5.508
3960.000 5.836
3965.000 6.626
3970.000 7.709
3975.000 8.428
3980.000 10.355
3985.000 11.634
3990.000 14.770
3995.000 18.599
4000.000 20.655
4005.000 24.146
4010.000 25.344
4015.000 25.366
4020.000 21.367
4025.000 18.861
4030.000 14.327
4035.000 12.221
4040.000 9.451
4045.000 7.558
4050.000 6.840
4055.000 5.738
4060.000 5.303
4065.000 4.692
4070.000 4.269
4075.000 4.088
4080.000 3.775
4085.000 3.639
4090.000 3.391
4095.000 3.163
4100.000 3.057
4105.000 2.870
4110.000 2.784
4115.000 2.598
4120.000 2.418
4125.000 2.317
4130.000 2.125
4135.000 2.040
4140.000 1.884
4145.000 1.752
4150.000 1.693
4155.000 1.590
4160.000 1.543
4165.000 1.459
4170.000 1.385
4175.000 1.348
4180.000 1.288
4185.000 1.259
4190.000 1.209
4195.000 1.164
4200.000 1.144
4205.000 1.103
4210.000 1.082
4215.000 1.042
4220.000 1.001
4225.000 0.981
4230.000 0.944
4235.000 0.927
4240.000 0.894
4245.000 0.866
4250.000 0.851
4255.000 0.826
4260.000 0.814
4265.000 0.795
4270.000 0.776
4275.000 0.769
4280.000 0.755
4285.000 0.750
4290.000 0.737
4295.000 0.728
4300.000 0.724
4305.000 0.718
4310.000 0.714
4315.000 0.706
4320.000 0.697
4325.000 0.707
4330.000 0.704
4335.000 0.701
4340.000 0.692
4345.000 0.683
4350.000 0.677
4355.000 0.671
4360.000 0.666
4365.000 0.661
4370.000 0.659
4375.000 0.656
4380.000 0.650
4385.000 0.649
4390.000 0.648
4395.000 0.645
4400.000 0.644
4405.000 0.642
4410.000 0.642
4415.000 0.641
4420.000 0.640
4425.000 0.646
4430.000 0.647
4435.000 0.648
4440.000 0.641
4445.000 0.640
4450.000 0.638
4455.000 0.640
4460.000 0.642
4465.000 0.642
4470.000 0.645
4475.000 0.647
4480.000 0.652
4485.000 0.652
4490.000 0.657
4495.000 0.659
4500.000 0.664
4505.000 0.670
4510.000 0.673
4515.000 0.682
4520.000 0.683
4525.000 0.691
4530.000 0.698
4535.000 0.703
4540.000 0.710
4545.000 0.716
4550.000 0.728
4555.000 0.749
4560.000 0.765
4565.000 0.774
4570.000 0.780
4575.000 0.796
4580.000 0.817
4585.000 0.822
4590.000 0.839
4595.000 0.848
4600.000 0.868
4605.000 0.890
4610.000 0.901
4615.000 0.930
4620.000 0.944
4625.000 0.973
4630.000 1.009
4635.000 1.035
4640.000 1.076
4645.000 1.096
4650.000 1.138
4655.000 1.165
4660.000 1.187
4665.000 1.233
4670.000 1.255
4675.000 1.299
4680.000 1.329
4685.000 1.343
4690.000 1.375
4695.000 1.395
4700.000 1.428
4705.000 1.471
4710.000 1.497
4715.000 1.551
4720.000 1.577
4725.000 1.651
4730.000 1.741
4735.000 1.795
4740.000 1.922
4745.000 2.008
4750.000 2.209
4755.000 2.498
4760.000 2.667
4765.000 3.118
4770.000 3.418
4775.000 4.215
4780.000 5.329
4785.000 5.985
4790.000 7.235
4795.000 7.644
4800.000 7.648
4805.000 6.460
4810.000 5.679
4815.000 4.311
4820.000 3.782
4825.000 3.002
4830.000 2.500
4835.000 2.301
4840.000 1.970
4845.000 1.844
4850.000 1.640
4855.000 1.483
4860.000 1.412
4865.000 1.303
4870.000 1.252
4875.000 1.172
4880.000 1.102
4885.000 1.070
4890.000 1.023
4895.000 1.003
4900.000 0.982
4905.000 0.940
4910.000 0.917
4915.000 0.868
4920.000 0.843
4925.000 0.801
4930.000 0.790
4935.000 0.763
4940.000 0.746
4945.000 0.734
4950.000 0.724
4955.000 0.721
4960.000 0.700
4965.000 0.689
4970.000 0.679
4975.000 0.674
4980.000 0.665
4985.000 0.648
4990.000 0.628
4995.000 0.622
5000.000 0.600
5005.000 0.605
5010.000 0.598
5015.000 0.587
5020.000 0.577
5025.000 0.565
5030.000 0.548
5035.000 0.541
5040.000 0.524
5045.000 0.520
5050.000 0.516
5055.000 0.515
5060.000 0.504
5065.000 0.496
5070.000 0.492
5075.000 0.486
5080.000 0.486
5085.000 0.476
5090.000 0.472
5095.000 0.472
5100.000 0.469
5105.000 0.466
5110.000 0.463
5115.000 0.461
5120.000 0.460
5125.000 0.457
5130.000 0.457
5135.000 0.458
5140.000 0.455
5145.000 0.454
5150.000 0.455
5155.000 0.452
5160.000 0.451
5165.000 0.457
5170.000 0.459
5175.000 0.456
5180.000 0.452
5185.000 0.453
5190.000 0.452
5195.000 0.450
5200.000 0.448
5205.000 0.449
5210.000 0.445
5215.000 0.442
5220.000 0.443
5225.000 0.439
5230.000 0.443
5235.000 0.437
5240.000 0.436
5245.000 0.434
5250.000 0.430
5255.000 0.430
5260.000 0.428
5265.000 0.422
5270.000 0.422
5275.000 0.418
5280.000 0.418
5285.000 0.419
5290.000 0.416
5295.000 0.412
5300.000 0.409
5305.000 0.408
5310.000 0.404
5315.000 0.400
5320.000 0.400
5325.000 0.400
5330.000 0.397
5335.000 0.397
5340.000 0.395
5345.000 0.394
5350.000 0.398
5355.000 0.397
5360.000 0.397
5365.000 0.402
5370.000 0.404
5375.000 0.402
5380.000 0.400
5385.000 0.399
5390.000 0.400
5395.000 0.399
5400.000 0.397
5405.000 0.398
5410.000 0.398
5415.000 0.418
5420.000 0.441
5425.000 0.435
5430.000 0.431
5435.000 0.422
5440.000 0.418
5445.000 0.416
5450.000 0.412
5455.000 0.411
5460.000 0.407
5465.000 0.405
5470.000 0.404
5475.000 0.403
5480.000 0.401
5485.000 0.402
5490.000 0.403
5495.000 0.402
5500.000 0.403
5505.000 0.403
5510.000 0.406
5515.000 0.409
5520.000 0.408
5525.000 0.413
5530.000 0.411
5535.000 0.410
5540.000 0.410
5545.000 0.410
5550.000 0.409
5555.000 0.411
5560.000 0.408
5565.000 0.412
5570.000 0.414
5575.000 0.416
5580.000 0.415
5585.000 0.418
5590.000 0.419
5595.000 0.422
5600.000 0.422
5605.000 0.423
5610.000 0.423
5615.000 0.426
5620.000 0.427
5625.000 0.427
5630.000 0.428
5635.000 0.429
5640.000 0.429
5645.000 0.433
5650.000 0.433
5655.000 0.431
5660.000 0.431
5665.000 0.429
5670.000 0.430
5675.000 0.428
5680.000 0.431
5685.000 0.432
5690.000 0.432
5695.000 0.430
5700.000 0.430
5705.000 0.433
5710.000 0.434
5715.000 0.435
5720.000 0.431
5725.000 0.431
5730.000 0.434
5735.000 0.436
5740.000 0.435
5745.000 0.436
5750.000 0.438
5755.000 0.436
5760.000 0.436
5765.000 0.436
5770.000 0.439
5775.000 0.439
5780.000 0.439
5785.000 0.438
5790.000 0.438
5795.000 0.439
5800.000 0.439
5805.000 0.440
5810.000 0.445
5815.000 0.448
5820.000 0.448
5825.000 0.449
5830.000 0.444
5835.000 0.444
5840.000 0.442
5845.000 0.447
5850.000 0.446
5855.000 0.446
5860.000 0.450
5865.000 0.456
5870.000 0.459
5875.000 0.460
5880.000 0.457
5885.000 0.455
5890.000 0.454
5895.000 0.456
5900.000 0.455
5905.000 0.456
5910.000 0.457
5915.000 0.455
5920.000 0.452
5925.000 0.459
5930.000 0.455
5935.000 0.458
5940.000 0.461
5945.000 0.464
5950.000 0.465
5955.000 0.462
5960.000 0.467
5965.000 0.459
5970.000 0.466
5975.000 0.464
5980.000 0.464
5985.000 0.466
5990.000 0.481
5995.000 0.480
6000.000 0.481
6005.000 0.474
6010.000 0.471
6015.000 0.471
6020.000 0.486
6025.000 0.485
6030.000 0.473
6035.000 0.483
6040.000 0.475
6045.000 0.474
6050.000 0.486
6055.000 0.478
6060.000 0.481
6065.000 0.482
6070.000 0.476
6075.000 0.483
6080.000 0.483
6085.000 0.484
6090.000 0.484
6095.000 0.484
6100.000 0.487
6105.000 0.490
6110.000 0.494
6115.000 0.491
6120.000 0.493
6125.000 0.492
6130.000 0.493
6135.000 0.495
6140.000 0.497
6145.000 0.498
6150.000 0.502
6155.000 0.503
6160.000 0.506
6165.000 0.507
6170.000 0.505
6175.000 0.510
6180.000 0.511
6185.000 0.515
6190.000 0.519
6195.000 0.518
6200.000 0.518
6205.000 0.523
6210.000 0.525
6215.000 0.526
6220.000 0.528
6225.000 0.530
6230.000 0.533
6235.000 0.541
6240.000 0.540
6245.000 0.543
6250.000 0.543
6255.000 0.548
6260.000 0.551
6265.000 0.555
6270.000 0.562
6275.000 0.565
6280.000 0.567
6285.000 0.568
6290.000 0.569
6295.000 0.578
6300.000 0.580
6305.000 0.590
6310.000 0.601
6315.000 0.603
6320.000 0.625
6325.000 0.622
6330.000 0.612
6335.000 0.615
6340.000 0.618
6345.000 0.626
6350.000 0.632
6355.000 0.633
6360.000 0.641
6365.000 0.644
6370.000 0.656
6375.000 0.655
6380.000 0.664
6385.000 0.665
6390.000 0.672
6395.000 0.683
6400.000 0.694
6405.000 0.701
6410.000 0.706
6415.000 0.712
6420.000 0.724
6425.000 0.727
6430.000 0.743
6435.000 0.759
6440.000 0.764
6445.000 0.778
6450.000 0.787
6455.000 0.805
6460.000 0.818
6465.000 0.829
6470.000 0.840
6475.000 0.848
6480.000 0.868
6485.000 0.891
6490.000 0.900
6495.000 0.952
6500.000 0.960
6505.000 0.974
6510.000 0.995
6515.000 1.011
6520.000 1.037
6525.000 1.053
6530.000 1.075
6535.000 1.103
6540.000 1.121
6545.000 1.152
6550.000 1.172
6555.000 1.203
6560.000 1.242
6565.000 1.267
6570.000 1.348
6575.000 1.380
6580.000 1.421
6585.000 1.493
6590.000 1.524
6595.000 1.579
6600.000 1.608
6605.000 1.678
6610.000 1.757
6615.000 1.805
6620.000 1.902
6625.000 1.951
6630.000 2.076
6635.000 2.209
6640.000 2.281
6645.000 2.448
6650.000 2.556
6655.000 2.778
6660.000 3.035
6665.000 3.189
6670.000 3.569
6675.000 3.795
6680.000 4.360
6685.000 5.115
6690.000 5.591
6695.000 6.820
6700.000 7.602
6705.000 9.614
6710.000 11.038
6715.000 14.109
6720.000 17.684
6725.000 19.518
6730.000 22.863
6735.000 23.863
6740.000 23.885
6745.000 20.277
6750.000 17.799
6755.000 13.450
6760.000 11.772
6765.000 9.059
6770.000 7.224
6775.000 6.545
6780.000 5.478
6785.000 5.059
6790.000 4.420
6795.000 3.989
6800.000 3.840
6805.000 3.595
6810.000 3.485
6815.000 3.281
6820.000 3.112
6825.000 3.046
6830.000 2.903
6835.000 2.834
6840.000 2.731
6845.000 2.618
6850.000 2.568
6855.000 2.485
6860.000 2.448
6865.000 2.403
6870.000 2.324
6875.000 2.290
6880.000 2.222
6885.000 2.178
6890.000 2.105
6895.000 2.044
6900.000 2.024
6905.000 1.974
6910.000 1.952
6915.000 1.914
6920.000 1.875
6925.000 1.864
6930.000 1.841
6935.000 1.826
6940.000 1.816
6945.000 1.811
6950.000 1.806
6955.000 1.801
6960.000 1.805
6965.000 1.801
6970.000 1.843
6975.000 1.850
6980.000 1.853
6985.000 1.865
6990.000 1.869
6995.000 1.886
7000.000 1.915
7005.000 1.934
7010.000 1.953
7015.000 1.998
7020.000 2.034
7025.000 2.054
7030.000 2.091
7035.000 2.146
7040.000 2.187
7045.000 2.204
7050.000 2.266
7055.000 2.297
7060.000 2.327
7065.000 2.375
7070.000 2.413
7075.000 2.494
7080.000 2.575
7085.000 2.612
7090.000 2.722
7095.000 2.769
7100.000 2.891
7105.000 3.022
7110.000 3.092
7115.000 3.254
7120.000 3.342
7125.000 3.580
7130.000 3.815
7135.000 3.938
7140.000 4.228
7145.000 4.397
7150.000 4.814
7155.000 5.364
7160.000 5.693
7165.000 6.481
7170.000 6.967
7175.000 8.172
7180.000 9.767
7185.000 10.733
7190.000 12.902
7195.000 14.083
7200.000 16.332
7205.000 17.772
7210.000 17.897
7215.000 16.566
7220.000 15.267
7225.000 12.477
7230.000 10.018
7235.000 9.130
7240.000 7.499
7245.000 6.856
7250.000 5.864
7255.000 5.225
7260.000 4.970
7265.000 4.529
7270.000 4.337
7275.000 4.001
7280.000 3.712
7285.000 3.584
7290.000 3.348
7295.000 3.239
7300.000 3.055
7305.000 2.931
7310.000 2.874
7315.000 2.718
7320.000 2.641
7325.000 2.514
7330.000 2.405
7335.000 2.351
7340.000 2.269
7345.000 2.194
7350.000 2.164
7355.000 2.069
7360.000 2.042
7365.000 1.917
7370.000 1.908
7375.000 1.800
7380.000 1.714
7385.000 1.677
7390.000 1.608
7395.000 1.584
7400.000 1.524
7405.000 1.479
7410.000 1.459
7415.000 1.418
7420.000 1.399
7425.000 1.365
7430.000 1.334
7435.000 1.319
7440.000 1.291
7445.000 1.278
7450.000 1.253
7455.000 1.233
7460.000 1.219
7465.000 1.203
7470.000 1.191
7475.000 1.177
7480.000 1.161
7485.000 1.154
7490.000 1.141
7495.000 1.139
7500.000 1.132
7505.000 1.119
7510.000 1.112
7515.000 1.101
7520.000 1.100
7525.000 1.093
7530.000 1.088
7535.000 1.082
7540.000 1.078
7545.000 1.075
7550.000 1.073
7555.000 1.069
7560.000 1.072
7565.000 1.068
7570.000 1.069
7575.000 1.071
7580.000 1.073
7585.000 1.074
7590.000 1.075
7595.000 1.075
7600.000 1.081
7605.000 1.083
7610.000 1.092
7615.000 1.099
7620.000 1.103
7625.000 1.137
7630.000 1.147
7635.000 1.151
7640.000 1.160
7645.000 1.165
7650.000 1.173
7655.000 1.180
7660.000 1.197
7665.000 1.217
7670.000 1.226
7675.000 1.255
7680.000 1.268
7685.000 1.297
7690.000 1.328
7695.000 1.350
7700.000 1.394
7705.000 1.415
7710.000 1.470
7715.000 1.528
7720.000 1.555
7725.000 1.622
7730.000 1.644
7735.000 1.695
7740.000 1.752
7745.000 1.786
7750.000 1.855
7755.000 1.888
7760.000 1.982
7765.000 2.071
7770.000 2.129
7775.000 2.248
7780.000 2.318
7785.000 2.466
7790.000 2.655
7795.000 2.767
7800.000 3.028
7805.000 3.194
7810.000 3.589
7815.000 4.102
7820.000 4.417
7825.000 5.126
7830.000 5.524
7835.000 6.306
7840.000 6.793
7845.000 6.773
7850.000 6.125
7855.000 5.630
7860.000 4.611
7865.000 3.727
7870.000 3.375
7875.000 2.826
7880.000 2.608
7885.000 2.246
7890.000 1.961
7895.000 1.839
7900.000 1.609
7905.000 1.515
7910.000 1.354
7915.000 1.214
7920.000 1.140
7925.000 1.011
7930.000 0.957
7935.000 0.856
7940.000 0.770
7945.000 0.734
7950.000 0.666
7955.000 0.638
7960.000 0.581
7965.000 0.538
7970.000 0.521
7975.000 0.483
7980.000 0.467
7985.000 0.445
7990.000 0.410
7995.000 0.406
8000.000 0.383
8005.000 0.367
8010.000 0.359
8015.000 0.350
8020.000 0.343
8025.000 0.338
8030.000 0.333
8035.000 0.328
8040.000 0.308
8045.000 0.300
8050.000 0.297
8055.000 0.293
8060.000 0.293
8065.000 0.295
8070.000 0.301
8075.000 0.299
8080.000 0.298
8085.000 0.287
8090.000 0.277
8095.000 0.273
8100.000 0.278
8105.000 0.281
8110.000 0.274
8115.000 0.268
8120.000 0.266
8125.000 0.257
8130.000 0.256
8135.000 0.252
8140.000 0.249
8145.000 0.249
8150.000 0.256
8155.000 0.259
8160.000 0.257
8165.000 0.253
8170.000 0.251
8175.000 0.248
8180.000 0.245
8185.000 0.244
8190.000 0.240
8195.000 0.240
8200.000 0.243
8205.000 0.245
8210.000 0.247
8215.000 0.248
8220.000 0.247
8225.000 0.248
8230.000 0.249
8235.000 0.249
8240.000 0.251
8245.000 0.252
8250.000 0.252
8255.000 0.254
8260.000 0.255
8265.000 0.254
8270.000 0.255
8275.000 0.257
8280.000 0.257
8285.000 0.258
8290.000 0.258
8295.000 0.258
8300.000 0.260
8305.000 0.260
8310.000 0.261
8315.000 0.260
8320.000 0.262
8325.000 0.263
8330.000 0.264
8335.000 0.265
8340.000 0.265
8345.000 0.265
8350.000 0.266
8355.000 0.271
8360.000 0.270
8365.000 0.271
8370.000 0.278
8375.000 0.278
8380.000 0.278
8385.000 0.278
8390.000 0.276
8395.000 0.284
8400.000 0.283
8405.000 0.281
8410.000 0.279
8415.000 0.281
8420.000 0.278
8425.000 0.280
8430.000 0.281
8435.000 0.281
8440.000 0.291
8445.000 0.291
8450.000 0.289
8455.000 0.288
8460.000 0.293
8465.000 0.294
8470.000 0.289
8475.000 0.289
8480.000 0.289
8485.000 0.287
8490.000 0.288
8495.000 0.289
8500.000 0.297
8505.000 0.294
8510.000 0.289
8515.000 0.293
8520.000 0.292
8525.000 0.292
8530.000 0.291
8535.000 0.290
8540.000 0.290
8545.000 0.292
8550.000 0.293
8555.000 0.292
8560.000 0.291
8565.000 0.291
8570.000 0.293
8575.000 0.294
8580.000 0.295
8585.000 0.294
8590.000 0.295
8595.000 0.295
8600.000 0.296
8605.000 0.293
8610.000 0.295
8615.000 0.296
8620.000 0.299
8625.000 0.298
8630.000 0.300
8635.000 0.299
8640.000 0.301
8645.000 0.299
8650.000 0.301
8655.000 0.309
8660.000 0.315
8665.000 0.312
8670.000 0.311
8675.000 0.309
8680.000 0.306
8685.000 0.305
8690.000 0.303
8695.000 0.305
8700.000 0.307
8705.000 0.305
8710.000 0.307
8715.000 0.309
8720.000 0.305
8725.000 0.305
8730.000 0.306
8735.000 0.310
8740.000 0.309
8745.000 0.305
8750.000 0.314
8755.000 0.319
8760.000 0.316
8765.000 0.316
8770.000 0.314
8775.000 0.313
8780.000 0.311
8785.000 0.317
8790.000 0.315
8795.000 0.317
8800.000 0.315
8805.000 0.313
8810.000 0.320
8815.000 0.322
8820.000 0.319
8825.000 0.333
8830.000 0.353
8835.000 0.326
8840.000 0.340
8845.000 0.328
8850.000 0.330
8855.000 0.324
8860.000 0.322
8865.000 0.321
8870.000 0.320
8875.000 0.319
8880.000 0.321
8885.000 0.319
8890.000 0.319
8895.000 0.318
8900.000 0.316
8905.000 0.314
8910.000 0.313
8915.000 0.310
8920.000 0.311
8925.000 0.312
8930.000 0.312
8935.000 0.316
8940.000 0.314
8945.000 0.316
8950.000 0.316
8955.000 0.317
8960.000 0.322
8965.000 0.327
8970.000 0.332
8975.000 0.338
8980.000 0.335
8985.000 0.328
8990.000 0.322
8995.000 0.321
9000.000 0.329
9005.000 0.320
9010.000 0.325
9015.000 0.325
9020.000 0.321
9025.000 0.327
9030.000 0.330
9035.000 0.321
9040.000 0.323
9045.000 0.324
9050.000 0.323
9055.000 0.325
9060.000 0.340
9065.000 0.335
9070.000 0.334
9075.000 0.336
9080.000 0.329
9085.000 0.327
9090.000 0.325
9095.000 0.323
9100.000 0.325
9105.000 0.324
9110.000 0.324
9115.000 0.324
9120.000 0.322
9125.000 0.325
9130.000 0.323
9135.000 0.324
9140.000 0.324
9145.000 0.322
9150.000 0.325
9155.000 0.323
9160.000 0.327
9165.000 0.329
9170.000 0.327
9175.000 0.329
9180.000 0.331
9185.000 0.330
9190.000 0.330
9195.000 0.331
9200.000 0.330
9205.000 0.331
9210.000 0.330
9215.000 0.330
9220.000 0.329
9225.000 0.330
9230.000 0.332
9235.000 0.329
9240.000 0.329
9245.000 0.328
9250.000 0.330
9255.000 0.333
9260.000 0.337
9265.000 0.336
9270.000 0.334
9275.000 0.334
9280.000 0.332
9285.000 0.331
9290.000 0.333
9295.000 0.331
9300.000 0.332
9305.000 0.330
9310.000 0.332
9315.000 0.330
9320.000 0.327
9325.000 0.330
9330.000 0.328
9335.000 0.329
9340.000 0.331
9345.000 0.328
9350.000 0.328
9355.000 0.327
9360.000 0.330
9365.000 0.328
9370.000 0.327
9375.000 0.328
9380.000 0.326
9385.000 0.327
9390.000 0.325
9395.000 0.325
9400.000 0.326
9405.000 0.327
9410.000 0.325
9415.000 0.326
9420.000 0.324
9425.000 0.325
9430.000 0.323
9435.000 0.322
9440.000 0.322
9445.000 0.320
9450.000 0.323
9455.000 0.323
9460.000 0.322
9465.000 0.320
9470.000 0.320
9475.000 0.320
9480.000 0.318
9485.000 0.320
9490.000 0.315
9495.000 0.318
9500.000 0.316
9505.000 0.315
9510.000 0.314
9515.000 0.309
9520.000 0.312
9525.000 0.310
9530.000 0.311
9535.000 0.313
9540.000 0.311
9545.000 0.307
9550.000 0.307
9555.000 0.305
9560.000 0.304
9565.000 0.303
9570.000 0.301
9575.000 0.303
9580.000 0.301
9585.000 0.304
9590.000 0.300
9595.000 0.296
9600.000 0.297
9605.000 0.300
9610.000 0.291
9615.000 0.293
9620.000 0.290
9625.000 0.290
9630.000 0.291
9635.000 0.289
9640.000 0.285
9645.000 0.279
9650.000 0.277
9655.000 0.277
9660.000 0.276
9665.000 0.270
9670.000 0.268
9675.000 0.265
9680.000 0.262
9685.000 0.260
9690.000 0.255
9695.000 0.252
9700.000 0.249
9705.000 0.243
9710.000 0.243
9715.000 0.241
9720.000 0.234
9725.000 0.235
9730.000 0.231
9735.000 0.227
9740.000 0.223
9745.000 0.216
9750.000 0.213
9755.000 0.209
9760.000 0.205
9765.000 0.200
9770.000 0.195
9775.000 0.191
9780.000 0.184
9785.000 0.180
9790.000 0.173
9795.000 0.166
9800.000 0.161
9805.000 0.153
9810.000 0.148
9815.000 0.142
9820.000 0.132
9825.000 0.128
9830.000 0.117
9835.000 0.112
9840.000 0.102
9845.000 0.092
9850.000 0.085
9855.000 0.071
9860.000 0.065
9865.000 0.051
9870.000 0.035
9875.000 0.030
9880.000 0.015
9885.000 0.013
9890.000 0.021
9895.000 0.039
9900.000 0.050
9905.000 0.073
9910.000 0.085
9915.000 0.112
9920.000 0.145
9925.000 0.163
9930.000 0.205
9935.000 0.225
9940.000 0.283
9945.000 0.352
9950.000 0.396
9955.000 0.506
9960.000 0.564
9965.000 0.716
9970.000 0.895
9975.000 0.992
9980.000 1.259
9985.000 1.570
9990.000 1.754
9995.000 1.935
10000.000 2.386
10005.000 2.945
10010.000 3.255
10015.000 3.965
10020.000 4.364
10025.000 5.313
10030.000 6.356
10035.000 6.897
10040.000 7.836
10045.000 8.210
10050.000 8.482
10055.000 8.099
10060.000 7.730
10065.000 6.907
10070.000 6.483
10075.000 5.696
10080.000 4.955
10085.000 4.597
10090.000 3.939
10095.000 3.644
10100.000 3.131
10105.000 2.710
10110.000 2.530
10115.000 2.231
10120.000 2.117
10125.000 1.913
10130.000 1.772
10135.000 1.722
10140.000 1.643
10145.000 1.611
10150.000 1.565
10155.000 1.526
10160.000 1.518
10165.000 1.482
10170.000 1.469
10175.000 1.439
10180.000 1.422
10185.000 1.416
10190.000 1.400
10195.000 1.393
10200.000 1.382
10205.000 1.362
10210.000 1.353
10215.000 1.344
10220.000 1.340
10225.000 1.336
10230.000 1.333
10235.000 1.330
10240.000 1.328
10245.000 1.335
10250.000 1.329
10255.000 1.333
10260.000 1.336
10265.000 1.337
10270.000 1.350
10275.000 1.361
10280.000 1.360
10285.000 1.363
10290.000 1.369
10295.000 1.378
10300.000 1.386
10305.000 1.388
10310.000 1.396
10315.000 1.414
10320.000 1.423
10325.000 1.444
10330.000 1.456
10335.000 1.482
10340.000 1.508
10345.000 1.521
10350.000 1.560
10355.000 1.572
10360.000 1.621
10365.000 1.663
10370.000 1.688
10375.000 1.739
10380.000 1.771
10385.000 1.838
10390.000 1.906
10395.000 1.944
10400.000 2.092
10405.000 2.176
10410.000 2.233
10415.000 2.371
10420.000 2.455
10425.000 2.612
10430.000 2.698
10435.000 2.916
10440.000 3.178
10445.000 3.344
10450.000 3.724
10455.000 3.942
10460.000 4.389
10465.000 4.820
10470.000 4.995
10475.000 5.126
10480.000 5.069
10485.000 4.721
10490.000 4.253
10495.000 4.022
10500.000 3.544
10505.000 3.311
10510.000 2.923
10515.000 2.555
10520.000 2.389
10525.000 2.095
10530.000 1.971
10535.000 1.744
10540.000 1.556
10545.000 1.474
10550.000 1.320
10555.000 1.255
10560.000 1.135
10565.000 1.027
10570.000 0.984
10575.000 0.889
10580.000 0.848
10585.000 0.779
10590.000 0.709
10595.000 0.671
10600.000 0.605
10605.000 0.576
10610.000 0.526
10615.000 0.480
10620.000 0.459
10625.000 0.422
10630.000 0.401
10635.000 0.365
10640.000 0.334
10645.000 0.304
10650.000 0.290
10655.000 0.279
10660.000 0.258
10665.000 0.239
10670.000 0.229
10675.000 0.209
10680.000 0.203
10685.000 0.193
10690.000 0.179
10695.000 0.171
10700.000 0.161
10705.000 0.157
10710.000 0.149
10715.000 0.142
10720.000 0.138
10725.000 0.132
10730.000 0.128
10735.000 0.124
10740.000 0.120
10745.000 0.115
10750.000 0.113
10755.000 0.112
10760.000 0.108
10765.000 0.104
10770.000 0.102
10775.000 0.097
10780.000 0.098
10785.000 0.097
10790.000 0.094
10795.000 0.094
10800.000 0.094
10805.000 0.094
10810.000 0.096
10815.000 0.097
10820.000 0.097
10825.000 0.101
10830.000 0.102
10835.000 0.106
10840.000 0.108
10845.000 0.111
10850.000 0.116
10855.000 0.120
10860.000 0.126
10865.000 0.135
10870.000 0.141
10875.000 0.149
10880.000 0.155
10885.000 0.165
10890.000 0.172
10895.000 0.184
10900.000 0.201
10905.000 0.212
10910.000 0.229
10915.000 0.242
10920.000 0.266
10925.000 0.300
10930.000 0.316
10935.000 0.360
10940.000 0.386
10945.000 0.451
10950.000 0.540
10955.000 0.594
10960.000 0.743
10965.000 0.823
10970.000 1.000
10975.000 1.189
10980.000 1.297
10985.000 1.515
10990.000 1.628
10995.000 1.850
11000.000 2.096
11005.000 2.328
11010.000 2.466
11015.000 2.607
11020.000 2.863
11025.000 3.030
11030.000 3.043
11035.000 2.881
11040.000 2.732
11045.000 2.393
11050.000 2.049
11055.000 1.892
11060.000 1.630
11065.000 1.522
11070.000 1.338
11075.000 1.203
11080.000 1.144
11085.000 1.056
11090.000 1.020
11095.000 0.973
11100.000 0.923
11105.000 0.896
11110.000 0.861
11115.000 0.844
11120.000 0.815
11125.000 0.786
11130.000 0.772
11135.000 0.752
11140.000 0.738
11145.000 0.716
11150.000 0.714
11155.000 0.703
11160.000 0.685
11165.000 0.676
11170.000 0.660
11175.000 0.648
11180.000 0.641
11185.000 0.627
11190.000 0.623
11195.000 0.612
11200.000 0.601
11205.000 0.602
11210.000 0.591
11215.000 0.588
11220.000 0.573
11225.000 0.568
11230.000 0.566
11235.000 0.560
11240.000 0.556
11245.000 0.551
11250.000 0.552
11255.000 0.547
11260.000 0.540
11265.000 0.538
11270.000 0.528
11275.000 0.529
11280.000 0.528
11285.000 0.518
11290.000 0.517
11295.000 0.515
11300.000 0.512
11305.000 0.512
11310.000 0.503
11315.000 0.500
11320.000 0.502
11325.000 0.500
11330.000 0.503
11335.000 0.502
11340.000 0.499
11345.000 0.497
11350.000 0.490
11355.000 0.490
11360.000 0.484
11365.000 0.481
11370.000 0.482
11375.000 0.482
11380.000 0.480
11385.000 0.481
11390.000 0.476
11395.000 0.475
11400.000 0.475
11405.000 0.472
11410.000 0.469
11415.000 0.465
11420.000 0.466
11425.000 0.464
11430.000 0.462
11435.000 0.463
11440.000 0.460
11445.000 0.460
11450.000 0.458
11455.000 0.455
11460.000 0.454
11465.000 0.453
11470.000 0.455
11475.000 0.450
11480.000 0.451
11485.000 0.451
11490.000 0.450
11495.000 0.448
11500.000 0.448
11505.000 0.447
11510.000 0.446
11515.000 0.447
11520.000 0.450
11525.000 0.450
11530.000 0.447
11535.000 0.445
11540.000 0.446
11545.000 0.441
11550.000 0.443
11555.000 0.443
11560.000 0.438
11565.000 0.439
11570.000 0.440
11575.000 0.439
11580.000 0.439
11585.000 0.433
11590.000 0.436
11595.000 0.437
11600.000 0.437
11605.000 0.434
11610.000 0.436
11615.000 0.436
11620.000 0.434
11625.000 0.433
11630.000 0.433
11635.000 0.434
11640.000 0.432
11645.000 0.432
11650.000 0.432
11655.000 0.431
11660.000 0.431
11665.000 0.428
11670.000 0.425
11675.000 0.428
11680.000 0.427
11685.000 0.430
11690.000 0.427
11695.000 0.430
11700.000 0.430
11705.000 0.430
11710.000 0.427
11715.000 0.424
11720.000 0.437
11725.000 0.441
11730.000 0.440
11735.000 0.437
11740.000 0.440
11745.000 0.432
11750.000 0.433
11755.000 0.428
11760.000 0.429
11765.000 0.423
11770.000 0.422
11775.000 0.419
11780.000 0.422
11785.000 0.421
11790.000 0.421
11795.000 0.422
11800.000 0.422
11805.000 0.420
11810.000 0.424
11815.000 0.422
11820.000 0.426
11825.000 0.421
11830.000 0.419
11835.000 0.417
11840.000 0.415
11845.000 0.418
11850.000 0.415
11855.000 0.412
11860.000 0.410
11865.000 0.409
11870.000 0.407
11875.000 0.408
11880.000 0.407
11885.000 0.408
11890.000 0.405
11895.000 0.407
11900.000 0.405
11905.000 0.408
11910.000 0.408
11915.000 0.409
11920.000 0.411
11925.000 0.407
11930.000 0.408
11935.000 0.407
11940.000 0.407
11945.000 0.409
11950.000 0.408
11955.000 0.404
11960.000 0.407
11965.000 0.406
11970.000 0.403
11975.000 0.405
11980.000 0.406
11985.000 0.406
11990.000 0.405
11995.000 0.404
12000.000 0.408
