105.000 0.358
110.000 0.317
115.000 6.814
120.000 7.678
125.000 8.897
130.000 9.116
135.000 9.340
140.000 10.161
145.000 10.413
150.000 11.511
155.000 12.143
160.000 13.206
165.000 13.769
170.000 13.720
175.000 13.979
180.000 14.218
185.000 14.541
190.000 15.185
195.000 15.122
200.000 15.814
205.000 16.108
210.000 16.753
215.000 17.174
220.000 17.307
225.000 17.544
230.000 17.422
235.000 16.795
240.000 15.921
245.000 15.385
250.000 15.188
255.000 15.175
260.000 15.543
265.000 15.743
270.000 16.223
275.000 16.459
280.000 16.771
285.000 16.944
290.000 17.281
295.000 17.336
300.000 17.726
305.000 17.925
310.000 18.416
315.000 18.653
320.000 19.144
325.000 19.740
330.000 20.022
335.000 20.706
340.000 21.049
345.000 21.875
350.000 22.921
355.000 23.574
360.000 25.066
365.000 26.946
370.000 27.970
375.000 30.144
380.000 31.271
385.000 33.437
390.000 35.570
395.000 36.593
400.000 38.661
405.000 39.624
410.000 41.622
415.000 42.529
420.000 44.426
425.000 46.167
430.000 47.803
435.000 48.506
440.000 49.100
445.000 50.170
450.000 50.877
455.000 51.012
460.000 51.180
465.000 50.939
470.000 50.957
475.000 50.661
480.000 50.141
485.000 49.840
490.000 49.325
495.000 49.125
500.000 48.966
505.000 48.840
510.000 48.934
515.000 49.115
520.000 49.576
525.000 50.209
530.000 50.518
535.000 51.433
540.000 52.104
545.000 53.626
550.000 55.902
555.000 57.257
560.000 60.608
565.000 62.726
570.000 67.320
575.000 69.105
580.000 68.619
585.000 66.739
590.000 65.722
595.000 63.958
600.000 61.406
605.000 58.680
610.000 49.299
615.000 36.061
620.000 31.560
625.000 24.885
630.000 22.362
635.000 18.247
640.000 16.533
645.000 13.795
650.000 11.638
655.000 10.763
660.000 9.218
665.000 8.566
670.000 7.434
675.000 6.484
680.000 6.066
685.000 5.366
690.000 4.792
695.000 4.554
700.000 4.087
705.000 3.887
710.000 3.529
715.000 3.367
720.000 3.093
725.000 2.843
730.000 2.735
735.000 2.542
740.000 2.439
745.000 2.307
750.000 2.155
755.000 2.062
760.000 1.940
765.000 1.868
770.000 1.760
775.000 1.656
780.000 1.609
785.000 1.524
790.000 1.484
795.000 1.421
800.000 1.369
805.000 1.343
810.000 1.277
815.000 1.217
820.000 1.189
825.000 1.122
830.000 1.098
835.000 1.062
840.000 0.998
845.000 0.979
850.000 0.957
855.000 0.916
860.000 0.878
865.000 0.862
870.000 0.821
875.000 0.786
880.000 0.811
885.000 0.789
890.000 0.771
895.000 0.750
900.000 0.695
905.000 0.678
910.000 0.658
915.000 0.642
920.000 0.619
925.000 0.594
930.000 0.615
935.000 0.563
940.000 0.563
945.000 0.542
950.000 0.539
955.000 0.520
960.000 0.509
965.000 0.501
970.000 0.494
975.000 0.491
980.000 0.489
985.000 0.474
990.000 0.464
995.000 0.472
1000.000 0.464
1005.000 0.466
1010.000 0.475
1015.000 0.472
1020.000 0.475
1025.000 0.484
1030.000 0.492
1035.000 0.503
1040.000 0.519
1045.000 0.543
1050.000 0.530
1055.000 0.582
1060.000 0.613
1065.000 0.626
1070.000 0.674
1075.000 0.703
1080.000 0.764
1085.000 0.843
1090.000 0.898
1095.000 0.982
1100.000 1.142
1105.000 1.220
1110.000 1.428
1115.000 1.548
1120.000 1.864
1125.000 2.332
1130.000 2.664
1135.000 3.788
1140.000 5.856
1145.000 7.717
1150.000 9.762
1155.000 14.019
1160.000 15.286
1165.000 13.555
1170.000 9.573
1175.000 8.072
1180.000 6.032
1185.000 4.698
1190.000 4.202
1195.000 3.460
1200.000 2.939
1205.000 2.733
1210.000 2.400
1215.000 2.267
1220.000 2.040
1225.000 1.951
1230.000 1.789
1235.000 1.665
1240.000 1.615
1245.000 1.521
1250.000 1.445
1255.000 1.410
1260.000 1.353
1265.000 1.331
1270.000 1.287
1275.000 1.269
1280.000 1.239
1285.000 1.211
1290.000 1.200
1295.000 1.180
1300.000 1.171
1305.000 1.152
1310.000 1.140
1315.000 1.128
1320.000 1.122
1325.000 1.114
1330.000 1.110
1335.000 1.102
1340.000 1.102
1345.000 1.106
1350.000 1.098
1355.000 1.095
1360.000 1.095
1365.000 1.099
1370.000 1.101
1375.000 1.103
1380.000 1.108
1385.000 1.114
1390.000 1.121
1395.000 1.128
1400.000 1.151
1405.000 1.150
1410.000 1.159
1415.000 1.171
1420.000 1.188
1425.000 1.197
1430.000 1.218
1435.000 1.237
1440.000 1.255
1445.000 1.274
1450.000 1.303
1455.000 1.322
1460.000 1.341
1465.000 1.375
1470.000 1.413
1475.000 1.456
1480.000 1.476
1485.000 1.500
1490.000 1.537
1495.000 1.569
1500.000 1.598
1505.000 1.614
1510.000 1.649
1515.000 1.664
1520.000 1.704
1525.000 1.720
1530.000 1.759
1535.000 1.780
1540.000 1.830
1545.000 1.874
1550.000 1.919
1555.000 1.946
1560.000 1.997
1565.000 2.025
1570.000 2.077
1575.000 2.104
1580.000 2.174
1585.000 2.206
1590.000 2.271
1595.000 2.331
1600.000 2.369
1605.000 2.442
1610.000 2.530
1615.000 2.577
1620.000 2.676
1625.000 2.736
1630.000 2.869
1635.000 2.950
1640.000 3.148
1645.000 3.454
1650.000 3.670
1655.000 4.277
1660.000 4.699
1665.000 5.918
1670.000 7.813
1675.000 9.093
1680.000 12.558
1685.000 17.747
1690.000 21.122
1695.000 28.781
1700.000 32.551
1705.000 38.607
1710.000 40.433
1715.000 40.330
1720.000 34.407
1725.000 30.602
1730.000 23.736
1735.000 20.887
1740.000 16.155
1745.000 12.897
1750.000 11.646
1755.000 9.665
1760.000 8.253
1765.000 7.688
1770.000 6.773
1775.000 6.401
1780.000 5.819
1785.000 5.432
1790.000 5.287
1795.000 5.008
1800.000 4.883
1805.000 4.656
1810.000 4.556
1815.000 4.376
1820.000 4.210
1825.000 4.134
1830.000 4.012
1835.000 3.953
1840.000 3.839
1845.000 3.735
1850.000 3.691
1855.000 3.606
1860.000 3.559
1865.000 3.454
1870.000 3.360
1875.000 3.330
1880.000 3.258
1885.000 3.226
1890.000 3.165
1895.000 3.117
1900.000 3.098
1905.000 3.063
1910.000 3.033
1915.000 3.033
1920.000 3.019
1925.000 3.011
1930.000 3.009
1935.000 3.004
1940.000 3.009
1945.000 3.006
1950.000 3.007
1955.000 3.011
1960.000 3.025
1965.000 3.042
1970.000 3.061
1975.000 3.078
1980.000 3.107
1985.000 3.116
1990.000 3.125
1995.000 3.136
2000.000 3.160
2005.000 3.185
2010.000 3.194
2015.000 3.226
2020.000 3.243
2025.000 3.257
2030.000 3.289
2035.000 3.297
2040.000 3.347
2045.000 3.381
2050.000 3.397
2055.000 3.448
2060.000 3.496
2065.000 3.527
2070.000 3.554
2075.000 3.613
2080.000 3.695
2085.000 3.733
2090.000 3.816
2095.000 3.857
2100.000 3.958
2105.000 4.065
2110.000 4.124
2115.000 4.239
2120.000 4.303
2125.000 4.456
2130.000 4.608
2135.000 4.691
2140.000 4.876
2145.000 5.094
2150.000 5.212
2155.000 5.475
2160.000 5.621
2165.000 5.973
2170.000 6.386
2175.000 6.633
2180.000 7.223
2185.000 7.581
2190.000 8.466
2195.000 9.651
2200.000 10.384
2205.000 12.254
2210.000 14.778
2215.000 16.308
2220.000 19.633
2225.000 20.948
2230.000 23.198
2235.000 23.535
2240.000 21.337
2245.000 19.452
2250.000 15.536
2255.000 12.193
2260.000 9.745
2265.000 8.789
2270.000 7.975
2275.000 6.812
2280.000 6.019
2285.000 5.673
2290.000 5.179
2295.000 4.915
2300.000 4.491
2305.000 4.078
2310.000 3.701
2315.000 3.534
2320.000 3.260
2325.000 3.129
2330.000 2.890
2335.000 2.748
2340.000 2.488
2345.000 2.260
2350.000 2.163
2355.000 2.074
2360.000 1.913
2365.000 1.774
2370.000 1.653
2375.000 1.600
2380.000 1.547
2385.000 1.455
2390.000 1.372
2395.000 1.297
2400.000 1.262
2405.000 1.229
2410.000 1.166
2415.000 1.110
2420.000 1.084
2425.000 1.035
2430.000 0.992
2435.000 0.972
2440.000 0.934
2445.000 0.915
2450.000 0.880
2455.000 0.864
2460.000 0.836
2465.000 0.807
2470.000 0.781
2475.000 0.770
2480.000 0.756
2485.000 0.735
2490.000 0.714
2495.000 0.704
2500.000 0.686
2505.000 0.667
2510.000 0.659
2515.000 0.642
2520.000 0.634
2525.000 0.628
2530.000 0.621
2535.000 0.605
2540.000 0.591
2545.000 0.578
2550.000 0.573
2555.000 0.559
2560.000 0.555
2565.000 0.543
2570.000 0.532
2575.000 0.527
2580.000 0.519
2585.000 0.515
2590.000 0.506
2595.000 0.503
2600.000 0.494
2605.000 0.490
2610.000 0.484
2615.000 0.477
2620.000 0.471
2625.000 0.466
2630.000 0.464
2635.000 0.459
2640.000 0.452
2645.000 0.451
2650.000 0.445
2655.000 0.443
2660.000 0.439
2665.000 0.434
2670.000 0.434
2675.000 0.429
2680.000 0.427
2685.000 0.424
2690.000 0.420
2695.000 0.418
2700.000 0.416
2705.000 0.412
2710.000 0.412
2715.000 0.413
2720.000 0.415
2725.000 0.432
2730.000 0.441
2735.000 0.435
2740.000 0.428
2745.000 0.424
2750.000 0.417
2755.000 0.411
2760.000 0.409
2765.000 0.407
2770.000 0.404
2775.000 0.403
2780.000 0.401
2785.000 0.398
2790.000 0.398
2795.000 0.397
2800.000 0.395
2805.000 0.394
2810.000 0.392
2815.000 0.393
2820.000 0.391
2825.000 0.391
2830.000 0.391
2835.000 0.390
2840.000 0.389
2845.000 0.388
2850.000 0.388
2855.000 0.387
2860.000 0.386
2865.000 0.388
2870.000 0.388
2875.000 0.387
2880.000 0.388
2885.000 0.388
2890.000 0.388
2895.000 0.387
2900.000 0.391
2905.000 0.390
2910.000 0.389
2915.000 0.391
2920.000 0.391
2925.000 0.393
2930.000 0.392
2935.000 0.396
2940.000 0.396
2945.000 0.395
2950.000 0.398
2955.000 0.406
2960.000 0.401
2965.000 0.402
2970.000 0.408
2975.000 0.413
2980.000 0.410
2985.000 0.417
2990.000 0.410
2995.000 0.421
3000.000 0.415
3005.000 0.425
3010.000 0.430
3015.000 0.429
3020.000 0.422
3025.000 0.436
3030.000 0.438
3035.000 0.446
3040.000 0.452
3045.000 0.453
3050.000 0.451
3055.000 0.452
3060.000 0.457
3065.000 0.468
3070.000 0.467
3075.000 0.472
3080.000 0.477
3085.000 0.483
3090.000 0.494
3095.000 0.496
3100.000 0.507
3105.000 0.514
3110.000 0.519
3115.000 0.528
3120.000 0.533
3125.000 0.544
3130.000 0.547
3135.000 0.559
3140.000 0.574
3145.000 0.578
3150.000 0.594
3155.000 0.601
3160.000 0.619
3165.000 0.642
3170.000 0.647
3175.000 0.667
3180.000 0.685
3185.000 0.698
3190.000 0.710
3195.000 0.736
3200.000 0.766
3205.000 0.781
3210.000 0.813
3215.000 0.831
3220.000 0.871
3225.000 0.915
3230.000 0.941
3235.000 0.994
3240.000 1.026
3245.000 1.093
3250.000 1.169
3255.000 1.214
3260.000 1.314
3265.000 1.439
3270.000 1.510
3275.000 1.684
3280.000 1.767
3285.000 1.933
3290.000 2.136
3295.000 2.264
3300.000 2.541
3305.000 2.717
3310.000 3.172
3315.000 3.460
3320.000 4.204
3325.000 5.269
3330.000 5.956
3335.000 7.766
3340.000 8.901
3345.000 11.727
3350.000 15.349
3355.000 17.414
3360.000 21.753
3365.000 23.698
3370.000 25.714
3375.000 23.633
3380.000 21.030
3385.000 15.508
3390.000 13.276
3395.000 9.873
3400.000 7.556
3405.000 6.717
3410.000 5.474
3415.000 5.009
3420.000 4.300
3425.000 3.781
3430.000 3.571
3435.000 3.295
3440.000 3.211
3445.000 3.072
3450.000 2.956
3455.000 2.903
3460.000 2.809
3465.000 2.737
3470.000 2.705
3475.000 2.649
3480.000 2.624
3485.000 2.581
3490.000 2.572
3495.000 2.547
3500.000 2.530
3505.000 2.531
3510.000 2.532
3515.000 2.538
3520.000 2.555
3525.000 2.566
3530.000 2.592
3535.000 2.633
3540.000 2.681
3545.000 2.711
3550.000 2.744
3555.000 2.811
3560.000 2.942
3565.000 2.989
3570.000 3.089
3575.000 3.149
3580.000 3.281
3585.000 3.454
3590.000 3.640
3595.000 3.743
3600.000 4.000
3605.000 4.169
3610.000 4.544
3615.000 4.779
3620.000 5.385
3625.000 5.779
3630.000 6.887
3635.000 8.518
3640.000 9.469
3645.000 12.042
3650.000 13.729
3655.000 17.886
3660.000 22.445
3665.000 24.409
3670.000 26.577
3675.000 24.448
3680.000 21.624
3685.000 15.887
3690.000 13.507
3695.000 9.980
3700.000 8.734
3705.000 6.910
3710.000 5.694
3715.000 5.203
3720.000 4.435
3725.000 4.163
3730.000 3.773
3735.000 3.470
3740.000 3.216
3745.000 3.104
3750.000 2.998
3755.000 2.810
3760.000 2.631
3765.000 2.450
3770.000 2.368
3775.000 2.285
3780.000 2.111
3785.000 1.954
3790.000 1.824
3795.000 1.762
3800.000 1.661
3805.000 1.616
3810.000 1.536
3815.000 1.468
3820.000 1.431
3825.000 1.402
3830.000 1.351
3835.000 1.306
3840.000 1.287
3845.000 1.250
3850.000 1.235
3855.000 1.207
3860.000 1.182
3865.000 1.168
3870.000 1.179
3875.000 1.162
3880.000 1.150
3885.000 1.130
3890.000 1.118
3895.000 1.103
3900.000 1.093
3905.000 1.086
3910.000 1.078
3915.000 1.077
3920.000 1.074
3925.000 1.071
3930.000 1.071
3935.000 1.072
3940.000 1.075
3945.000 1.081
3950.000 1.090
3955.000 1.094
3960.000 1.108
3965.000 1.103
3970.000 1.129
3975.000 1.137
3980.000 1.147
3985.000 1.185
3990.000 1.197
3995.000 1.229
4000.000 1.242
4005.000 1.337
4010.000 1.389
4015.000 1.414
4020.000 1.468
4025.000 1.556
4030.000 1.635
4035.000 1.676
4040.000 1.704
4045.000 1.765
4050.000 1.851
4055.000 1.899
4060.000 2.108
4065.000 2.158
4070.000 2.247
4075.000 2.313
4080.000 2.501
4085.000 2.742
4090.000 2.853
4095.000 3.163
4100.000 3.597
4105.000 3.866
4110.000 4.602
4115.000 5.135
4120.000 6.539
4125.000 7.475
4130.000 9.885
4135.000 11.382
4140.000 14.629
4145.000 16.962
4150.000 17.194
4155.000 14.925
4160.000 12.904
4165.000 9.154
4170.000 6.549
4175.000 5.636
4180.000 4.329
4185.000 3.852
4190.000 3.211
4195.000 2.700
4200.000 2.322
4205.000 2.183
4210.000 1.939
4215.000 1.831
4220.000 1.655
4225.000 1.575
4230.000 1.431
4235.000 1.289
4240.000 1.216
4245.000 1.088
4250.000 0.981
4255.000 0.932
4260.000 0.855
4265.000 0.820
4270.000 0.758
4275.000 0.709
4280.000 0.689
4285.000 0.648
4290.000 0.633
4295.000 0.602
4300.000 0.588
4305.000 0.564
4310.000 0.553
4315.000 0.537
4320.000 0.519
4325.000 0.509
4330.000 0.497
4335.000 0.490
4340.000 0.479
4345.000 0.469
4350.000 0.461
4355.000 0.455
4360.000 0.452
4365.000 0.445
4370.000 0.437
4375.000 0.440
4380.000 0.433
4385.000 0.430
4390.000 0.431
4395.000 0.426
4400.000 0.425
4405.000 0.422
4410.000 0.429
4415.000 0.427
4420.000 0.422
4425.000 0.426
4430.000 0.425
4435.000 0.425
4440.000 0.425
4445.000 0.427
4450.000 0.427
4455.000 0.437
4460.000 0.442
4465.000 0.449
4470.000 0.457
4475.000 0.463
4480.000 0.472
4485.000 0.477
4490.000 0.490
4495.000 0.508
4500.000 0.518
4505.000 0.556
4510.000 0.565
4515.000 0.590
4520.000 0.628
4525.000 0.646
4530.000 0.693
4535.000 0.755
4540.000 0.787
4545.000 0.880
4550.000 0.928
4555.000 1.028
4560.000 1.134
4565.000 1.199
4570.000 1.357
4575.000 1.451
4580.000 1.704
4585.000 1.867
4590.000 2.299
4595.000 2.949
4600.000 3.397
4605.000 4.614
4610.000 5.403
4615.000 7.280
4620.000 9.317
4625.000 10.336
4630.000 11.827
4635.000 12.007
4640.000 11.017
4645.000 8.358
4650.000 7.163
4655.000 5.283
4660.000 3.983
4665.000 3.477
4670.000 2.784
4675.000 2.522
4680.000 2.173
4685.000 2.002
4690.000 1.726
4695.000 1.536
4700.000 1.463
4705.000 1.335
4710.000 1.273
4715.000 1.177
4720.000 1.160
4725.000 1.088
4730.000 1.019
4735.000 0.962
4740.000 0.933
4745.000 0.892
4750.000 0.873
4755.000 0.835
4760.000 0.819
4765.000 0.790
4770.000 0.767
4775.000 0.758
4780.000 0.743
4785.000 0.740
4790.000 0.733
4795.000 0.732
4800.000 0.730
4805.000 0.732
4810.000 0.740
4815.000 0.746
4820.000 0.758
4825.000 0.764
4830.000 0.794
4835.000 0.806
4840.000 0.813
4845.000 0.817
4850.000 0.827
4855.000 0.835
4860.000 0.849
4865.000 0.862
4870.000 0.871
4875.000 0.890
4880.000 0.913
4885.000 0.936
4890.000 0.953
4895.000 0.969
4900.000 0.998
4905.000 1.041
4910.000 1.060
4915.000 1.115
4920.000 1.145
4925.000 1.158
4930.000 1.201
4935.000 1.232
4940.000 1.279
4945.000 1.310
4950.000 1.382
4955.000 1.470
4960.000 1.506
4965.000 1.599
4970.000 1.724
4975.000 1.816
4980.000 1.978
4985.000 2.068
4990.000 2.294
4995.000 2.420
5000.000 2.745
5005.000 3.207
5010.000 3.517
5015.000 4.316
5020.000 5.515
5025.000 6.316
5030.000 7.826
5035.000 8.490
5040.000 8.940
5045.000 8.559
5050.000 6.820
5055.000 4.935
5060.000 4.203
5065.000 3.101
5070.000 2.706
5075.000 2.114
5080.000 1.703
5085.000 1.546
5090.000 1.302
5095.000 1.211
5100.000 1.047
5105.000 0.925
5110.000 0.871
5115.000 0.748
5120.000 0.695
5125.000 0.608
5130.000 0.534
5135.000 0.504
5140.000 0.454
5145.000 0.432
5150.000 0.392
5155.000 0.363
5160.000 0.347
5165.000 0.325
5170.000 0.307
5175.000 0.299
5180.000 0.284
5185.000 0.281
5190.000 0.270
5195.000 0.266
5200.000 0.260
5205.000 0.255
5210.000 0.253
5215.000 0.250
5220.000 0.246
5225.000 0.247
5230.000 0.248
5235.000 0.247
5240.000 0.247
5245.000 0.248
5250.000 0.248
5255.000 0.253
5260.000 0.256
5265.000 0.256
5270.000 0.256
5275.000 0.256
5280.000 0.255
5285.000 0.259
5290.000 0.259
5295.000 0.259
5300.000 0.259
5305.000 0.260
5310.000 0.265
5315.000 0.266
5320.000 0.266
5325.000 0.265
5330.000 0.267
5335.000 0.270
5340.000 0.270
5345.000 0.268
5350.000 0.271
5355.000 0.281
5360.000 0.279
5365.000 0.279
5370.000 0.278
5375.000 0.279
5380.000 0.280
5385.000 0.277
5390.000 0.278
5395.000 0.280
5400.000 0.280
5405.000 0.281
5410.000 0.279
5415.000 0.279
5420.000 0.282
5425.000 0.283
5430.000 0.283
5435.000 0.285
5440.000 0.286
5445.000 0.286
5450.000 0.290
5455.000 0.292
5460.000 0.291
5465.000 0.290
5470.000 0.292
5475.000 0.291
5480.000 0.293
5485.000 0.293
5490.000 0.293
5495.000 0.293
5500.000 0.293
5505.000 0.297
5510.000 0.295
5515.000 0.295
5520.000 0.297
5525.000 0.302
5530.000 0.302
5535.000 0.300
5540.000 0.299
5545.000 0.300
5550.000 0.299
5555.000 0.300
5560.000 0.302
5565.000 0.302
5570.000 0.301
5575.000 0.302
5580.000 0.306
5585.000 0.304
5590.000 0.307
5595.000 0.307
5600.000 0.306
5605.000 0.307
5610.000 0.308
5615.000 0.310
5620.000 0.311
5625.000 0.310
5630.000 0.312
5635.000 0.315
5640.000 0.314
5645.000 0.313
5650.000 0.317
5655.000 0.319
5660.000 0.324
5665.000 0.324
5670.000 0.325
5675.000 0.324
5680.000 0.323
5685.000 0.324
5690.000 0.326
5695.000 0.326
5700.000 0.326
5705.000 0.327
5710.000 0.327
5715.000 0.330
5720.000 0.331
5725.000 0.331
5730.000 0.330
5735.000 0.333
5740.000 0.339
5745.000 0.340
5750.000 0.342
5755.000 0.341
5760.000 0.341
5765.000 0.341
5770.000 0.342
5775.000 0.342
5780.000 0.346
5785.000 0.344
5790.000 0.346
5795.000 0.348
5800.000 0.349
5805.000 0.348
5810.000 0.350
5815.000 0.350
5820.000 0.352
5825.000 0.354
5830.000 0.357
5835.000 0.358
5840.000 0.359
5845.000 0.358
5850.000 0.363
5855.000 0.365
5860.000 0.363
5865.000 0.365
5870.000 0.366
5875.000 0.370
5880.000 0.370
5885.000 0.373
5890.000 0.375
5895.000 0.377
5900.000 0.377
5905.000 0.400
5910.000 0.593
5915.000 0.626
5920.000 0.588
5925.000 0.522
5930.000 0.471
5935.000 0.455
5940.000 0.442
5945.000 0.415
5950.000 0.412
5955.000 0.399
5960.000 0.402
5965.000 0.404
5970.000 0.396
5975.000 0.396
5980.000 0.403
5985.000 0.397
5990.000 0.404
5995.000 0.397
6000.000 0.406
6005.000 0.392
6010.000 0.389
6015.000 0.395
6020.000 0.405
6025.000 0.397
6030.000 0.390
6035.000 0.397
6040.000 0.392
6045.000 0.387
6050.000 0.401
6055.000 0.394
6060.000 0.396
6065.000 0.394
6070.000 0.392
6075.000 0.397
6080.000 0.394
6085.000 0.400
6090.000 0.397
6095.000 0.396
6100.000 0.398
6105.000 0.402
6110.000 0.401
6115.000 0.401
6120.000 0.402
6125.000 0.399
6130.000 0.398
6135.000 0.414
6140.000 0.412
6145.000 0.412
6150.000 0.417
6155.000 0.416
6160.000 0.419
6165.000 0.422
6170.000 0.421
6175.000 0.422
6180.000 0.420
6185.000 0.422
6190.000 0.417
6195.000 0.415
6200.000 0.420
6205.000 0.418
6210.000 0.418
6215.000 0.422
6220.000 0.443
6225.000 0.440
6230.000 0.439
6235.000 0.438
6240.000 0.436
6245.000 0.435
6250.000 0.432
6255.000 0.430
6260.000 0.427
6265.000 0.430
6270.000 0.430
6275.000 0.428
6280.000 0.428
6285.000 0.430
6290.000 0.435
6295.000 0.433
6300.000 0.432
6305.000 0.432
6310.000 0.448
6315.000 0.447
6320.000 0.455
6325.000 0.451
6330.000 0.445
6335.000 0.444
6340.000 0.439
6345.000 0.443
6350.000 0.442
6355.000 0.450
6360.000 0.454
6365.000 0.457
6370.000 0.458
6375.000 0.456
6380.000 0.458
6385.000 0.460
6390.000 0.461
6395.000 0.463
6400.000 0.469
6405.000 0.471
6410.000 0.473
6415.000 0.479
6420.000 0.478
6425.000 0.481
6430.000 0.488
6435.000 0.496
6440.000 0.497
6445.000 0.507
6450.000 0.522
6455.000 0.529
6460.000 0.537
6465.000 0.539
6470.000 0.540
6475.000 0.543
6480.000 0.547
6485.000 0.552
6490.000 0.560
6495.000 0.568
6500.000 0.574
6505.000 0.583
6510.000 0.610
6515.000 0.611
6520.000 0.628
6525.000 0.635
6530.000 0.652
6535.000 0.668
6540.000 0.678
6545.000 0.699
6550.000 0.710
6555.000 0.738
6560.000 0.768
6565.000 0.784
6570.000 0.822
6575.000 0.859
6580.000 0.913
6585.000 0.951
6590.000 0.987
6595.000 1.037
6600.000 1.097
6605.000 1.132
6610.000 1.220
6615.000 1.272
6620.000 1.392
6625.000 1.550
6630.000 1.653
6635.000 1.950
6640.000 2.087
6645.000 2.420
6650.000 2.640
6655.000 3.361
6660.000 4.203
6665.000 4.772
6670.000 6.273
6675.000 7.238
6680.000 9.607
6685.000 12.352
6690.000 13.941
6695.000 16.563
6700.000 17.329
6705.000 16.853
6710.000 13.897
6715.000 12.112
6720.000 9.118
6725.000 7.962
6730.000 6.192
6735.000 4.987
6740.000 4.543
6745.000 3.835
6750.000 3.382
6755.000 3.213
6760.000 2.965
6765.000 2.871
6770.000 2.762
6775.000 2.706
6780.000 2.707
6785.000 2.714
6790.000 2.700
6795.000 2.680
6800.000 2.733
6805.000 2.735
6810.000 2.736
6815.000 2.753
6820.000 2.810
6825.000 2.850
6830.000 2.944
6835.000 3.008
6840.000 3.147
6845.000 3.328
6850.000 3.426
6855.000 3.662
6860.000 3.808
6865.000 4.179
6870.000 4.746
6875.000 5.125
6880.000 5.871
6885.000 6.664
6890.000 8.139
6895.000 10.208
6900.000 13.054
6905.000 14.648
6910.000 16.276
6915.000 19.059
6920.000 19.844
6925.000 17.412
6930.000 15.506
6935.000 13.521
6940.000 10.132
6945.000 7.788
6950.000 6.938
6955.000 5.669
6960.000 5.170
6965.000 4.415
6970.000 3.919
6975.000 3.738
6980.000 3.443
6985.000 3.319
6990.000 3.117
6995.000 2.931
7000.000 2.844
7005.000 2.705
7010.000 2.643
7015.000 2.529
7020.000 2.415
7025.000 2.386
7030.000 2.299
7035.000 2.254
7040.000 2.187
7045.000 2.161
7050.000 2.109
7055.000 2.083
7060.000 2.054
7065.000 2.005
7070.000 1.950
7075.000 1.931
7080.000 1.902
7085.000 1.875
7090.000 1.865
7095.000 1.850
7100.000 1.849
7105.000 1.844
7110.000 1.846
7115.000 1.852
7120.000 1.868
7125.000 1.878
7130.000 1.910
7135.000 1.931
7140.000 1.951
7145.000 1.971
7150.000 1.988
7155.000 2.018
7160.000 2.072
7165.000 2.093
7170.000 2.133
7175.000 2.157
7180.000 2.304
7185.000 2.340
7190.000 2.386
7195.000 2.456
7200.000 2.498
7205.000 2.595
7210.000 2.711
7215.000 2.785
7220.000 2.948
7225.000 3.043
7230.000 3.249
7235.000 3.517
7240.000 3.681
7245.000 4.099
7250.000 4.356
7255.000 5.016
7260.000 5.943
7265.000 6.543
7270.000 8.063
7275.000 9.002
7280.000 11.156
7285.000 12.322
7290.000 14.144
7295.000 14.392
7300.000 13.575
7305.000 10.931
7310.000 9.572
7315.000 7.355
7320.000 5.708
7325.000 5.091
7330.000 4.148
7335.000 3.798
7340.000 3.288
7345.000 2.959
7350.000 2.814
7355.000 2.552
7360.000 2.441
7365.000 2.242
7370.000 2.081
7375.000 1.988
7380.000 1.855
7385.000 1.716
7390.000 1.651
7395.000 1.520
7400.000 1.454
7405.000 1.349
7410.000 1.308
7415.000 1.234
7420.000 1.187
7425.000 1.122
7430.000 1.055
7435.000 1.027
7440.000 0.976
7445.000 0.930
7450.000 0.910
7455.000 0.876
7460.000 0.843
7465.000 0.831
7470.000 0.806
7475.000 0.797
7480.000 0.776
7485.000 0.767
7490.000 0.757
7495.000 0.749
7500.000 0.739
7505.000 0.732
7510.000 0.733
7515.000 0.728
7520.000 0.728
7525.000 0.726
7530.000 0.732
7535.000 0.738
7540.000 0.741
7545.000 0.748
7550.000 0.795
7555.000 0.803
7560.000 0.812
7565.000 0.817
7570.000 0.833
7575.000 0.841
7580.000 0.869
7585.000 0.881
7590.000 0.926
7595.000 0.966
7600.000 1.021
7605.000 1.073
7610.000 1.106
7615.000 1.190
7620.000 1.240
7625.000 1.399
7630.000 1.535
7635.000 1.673
7640.000 1.759
7645.000 1.965
7650.000 2.091
7655.000 2.446
7660.000 3.006
7665.000 3.317
7670.000 4.096
7675.000 4.584
7680.000 5.746
7685.000 6.363
7690.000 7.482
7695.000 7.893
7700.000 7.606
7705.000 6.334
7710.000 5.639
7715.000 4.448
7720.000 3.939
7725.000 3.151
7730.000 2.600
7735.000 2.390
7740.000 2.074
7745.000 1.953
7750.000 1.778
7755.000 1.642
7760.000 1.585
7765.000 1.481
7770.000 1.396
7775.000 1.359
7780.000 1.297
7785.000 1.261
7790.000 1.208
7795.000 1.178
7800.000 1.119
7805.000 1.066
7810.000 1.040
7815.000 0.998
7820.000 0.964
7825.000 0.949
7830.000 0.924
7835.000 0.943
7840.000 0.913
7845.000 0.886
7850.000 0.887
7855.000 0.871
7860.000 0.860
7865.000 0.846
7870.000 0.833
7875.000 0.827
7880.000 0.823
7885.000 0.820
7890.000 0.816
7895.000 0.817
7900.000 0.818
7905.000 0.821
7910.000 0.826
7915.000 0.835
7920.000 0.849
7925.000 0.860
7930.000 0.879
7935.000 0.889
7940.000 0.915
7945.000 0.931
7950.000 0.968
7955.000 1.014
7960.000 1.051
7965.000 1.112
7970.000 1.166
7975.000 1.202
7980.000 1.250
7985.000 1.326
7990.000 1.457
7995.000 1.503
8000.000 1.658
8005.000 1.854
8010.000 1.952
8015.000 2.109
8020.000 2.088
8025.000 1.991
8030.000 1.843
8035.000 1.530
8040.000 1.244
8045.000 1.125
8050.000 0.944
8055.000 0.789
8060.000 0.729
8065.000 0.634
8070.000 0.552
8075.000 0.517
8080.000 0.446
8085.000 0.422
8090.000 0.378
8095.000 0.346
8100.000 0.332
8105.000 0.308
8110.000 0.299
8115.000 0.289
8120.000 0.284
8125.000 0.285
8130.000 0.285
8135.000 0.284
8140.000 0.285
8145.000 0.292
8150.000 0.292
8155.000 0.297
8160.000 0.302
8165.000 0.313
8170.000 0.314
8175.000 0.313
8180.000 0.311
8185.000 0.301
8190.000 0.298
8195.000 0.297
8200.000 0.297
8205.000 0.297
8210.000 0.297
8215.000 0.299
8220.000 0.301
8225.000 0.303
8230.000 0.303
8235.000 0.315
8240.000 0.338
8245.000 0.374
8250.000 0.376
8255.000 0.378
8260.000 0.360
8265.000 0.341
8270.000 0.332
8275.000 0.320
8280.000 0.313
8285.000 0.309
8290.000 0.307
8295.000 0.306
8300.000 0.305
8305.000 0.308
8310.000 0.307
8315.000 0.309
8320.000 0.311
8325.000 0.311
8330.000 0.309
8335.000 0.313
8340.000 0.311
8345.000 0.314
8350.000 0.315
8355.000 0.316
8360.000 0.315
8365.000 0.315
8370.000 0.318
8375.000 0.317
8380.000 0.318
8385.000 0.320
8390.000 0.321
8395.000 0.319
8400.000 0.319
8405.000 0.319
8410.000 0.321
8415.000 0.324
8420.000 0.323
8425.000 0.323
8430.000 0.325
8435.000 0.324
8440.000 0.325
8445.000 0.326
8450.000 0.337
8455.000 0.333
8460.000 0.336
8465.000 0.332
8470.000 0.331
8475.000 0.333
8480.000 0.333
8485.000 0.332
8490.000 0.331
8495.000 0.331
8500.000 0.333
8505.000 0.333
8510.000 0.334
8515.000 0.335
8520.000 0.335
8525.000 0.336
8530.000 0.338
8535.000 0.340
8540.000 0.337
8545.000 0.336
8550.000 0.338
8555.000 0.337
8560.000 0.335
8565.000 0.339
8570.000 0.338
8575.000 0.341
8580.000 0.341
8585.000 0.342
8590.000 0.342
8595.000 0.340
8600.000 0.344
8605.000 0.343
8610.000 0.344
8615.000 0.342
8620.000 0.346
8625.000 0.349
8630.000 0.346
8635.000 0.345
8640.000 0.347
8645.000 0.347
8650.000 0.351
8655.000 0.347
8660.000 0.352
8665.000 0.352
8670.000 0.349
8675.000 0.351
8680.000 0.349
8685.000 0.350
8690.000 0.351
8695.000 0.351
8700.000 0.356
8705.000 0.354
8710.000 0.354
8715.000 0.354
8720.000 0.355
8725.000 0.354
8730.000 0.357
8735.000 0.359
8740.000 0.358
8745.000 0.357
8750.000 0.358
8755.000 0.358
8760.000 0.358
8765.000 0.361
8770.000 0.360
8775.000 0.362
8780.000 0.363
8785.000 0.359
8790.000 0.362
8795.000 0.362
8800.000 0.365
8805.000 0.368
8810.000 0.367
8815.000 0.374
8820.000 0.370
8825.000 0.358
8830.000 0.396
8835.000 0.368
8840.000 0.375
8845.000 0.369
8850.000 0.368
8855.000 0.360
8860.000 0.362
8865.000 0.363
8870.000 0.365
8875.000 0.369
8880.000 0.369
8885.000 0.371
8890.000 0.372
8895.000 0.374
8900.000 0.377
8905.000 0.377
8910.000 0.377
8915.000 0.377
8920.000 0.380
8925.000 0.384
8930.000 0.380
8935.000 0.384
8940.000 0.383
8945.000 0.387
8950.000 0.382
8955.000 0.384
8960.000 0.382
8965.000 0.387
8970.000 0.386
8975.000 0.389
8980.000 0.390
8985.000 0.387
8990.000 0.384
8995.000 0.386
9000.000 0.384
9005.000 0.383
9010.000 0.389
9015.000 0.381
9020.000 0.386
9025.000 0.392
9030.000 0.393
9035.000 0.386
9040.000 0.389
9045.000 0.388
9050.000 0.385
9055.000 0.395
9060.000 0.395
9065.000 0.395
9070.000 0.392
9075.000 0.395
9080.000 0.392
9085.000 0.394
9090.000 0.392
9095.000 0.395
9100.000 0.398
9105.000 0.398
9110.000 0.396
9115.000 0.399
9120.000 0.399
9125.000 0.398
9130.000 0.397
9135.000 0.398
9140.000 0.394
9145.000 0.397
9150.000 0.398
9155.000 0.398
9160.000 0.399
9165.000 0.397
9170.000 0.401
9175.000 0.397
9180.000 0.401
9185.000 0.403
9190.000 0.401
9195.000 0.402
9200.000 0.399
9205.000 0.402
9210.000 0.400
9215.000 0.400
9220.000 0.401
9225.000 0.402
9230.000 0.406
9235.000 0.404
9240.000 0.402
9245.000 0.406
9250.000 0.404
9255.000 0.406
9260.000 0.407
9265.000 0.401
9270.000 0.407
9275.000 0.405
9280.000 0.404
9285.000 0.406
9290.000 0.407
9295.000 0.410
9300.000 0.404
9305.000 0.403
9310.000 0.402
9315.000 0.404
9320.000 0.401
9325.000 0.404
9330.000 0.406
9335.000 0.406
9340.000 0.403
9345.000 0.403
9350.000 0.402
9355.000 0.400
9360.000 0.405
9365.000 0.404
9370.000 0.402
9375.000 0.403
9380.000 0.405
9385.000 0.402
9390.000 0.405
9395.000 0.404
9400.000 0.401
9405.000 0.402
9410.000 0.402
9415.000 0.404
9420.000 0.398
9425.000 0.407
9430.000 0.409
9435.000 0.406
9440.000 0.406
9445.000 0.401
9450.000 0.402
9455.000 0.400
9460.000 0.403
9465.000 0.402
9470.000 0.400
9475.000 0.399
9480.000 0.399
9485.000 0.400
9490.000 0.398
9495.000 0.394
9500.000 0.398
9505.000 0.398
9510.000 0.393
9515.000 0.393
9520.000 0.394
9525.000 0.394
9530.000 0.395
9535.000 0.391
9540.000 0.394
9545.000 0.395
9550.000 0.394
9555.000 0.396
9560.000 0.391
9565.000 0.390
9570.000 0.389
9575.000 0.392
9580.000 0.389
9585.000 0.388
9590.000 0.388
9595.000 0.389
9600.000 0.390
9605.000 0.389
9610.000 0.387
9615.000 0.388
9620.000 0.387
9625.000 0.389
9630.000 0.387
9635.000 0.386
9640.000 0.387
9645.000 0.385
9650.000 0.380
9655.000 0.382
9660.000 0.383
9665.000 0.380
9670.000 0.379
9675.000 0.378
9680.000 0.379
9685.000 0.376
9690.000 0.378
9695.000 0.374
9700.000 0.373
9705.000 0.375
9710.000 0.370
9715.000 0.370
9720.000 0.366
9725.000 0.363
9730.000 0.359
9735.000 0.357
9740.000 0.358
9745.000 0.361
9750.000 0.357
9755.000 0.351
9760.000 0.348
9765.000 0.349
9770.000 0.344
9775.000 0.343
9780.000 0.339
9785.000 0.335
9790.000 0.334
9795.000 0.329
9800.000 0.326
9805.000 0.325
9810.000 0.321
9815.000 0.312
9820.000 0.307
9825.000 0.302
9830.000 0.293
9835.000 0.291
9840.000 0.281
9845.000 0.270
9850.000 0.267
9855.000 0.254
9860.000 0.243
9865.000 0.234
9870.000 0.219
9875.000 0.215
9880.000 0.197
9885.000 0.187
9890.000 0.167
9895.000 0.147
9900.000 0.135
9905.000 0.113
9910.000 0.105
9915.000 0.098
9920.000 0.111
9925.000 0.130
9930.000 0.199
9935.000 0.332
9940.000 0.429
9945.000 0.730
9950.000 0.919
9955.000 1.401
9960.000 1.970
9965.000 2.319
9970.000 3.087
9975.000 3.522
9980.000 4.369
9985.000 4.714
9990.000 5.074
9995.000 4.887
10000.000 4.701
10005.000 4.271
10010.000 4.071
10015.000 3.729
10020.000 3.450
10025.000 3.310
10030.000 3.084
10035.000 2.976
10040.000 2.773
10045.000 2.565
10050.000 2.461
10055.000 2.269
10060.000 2.096
10065.000 2.011
10070.000 1.872
10075.000 1.815
10080.000 1.719
10085.000 1.679
10090.000 1.607
10095.000 1.582
10100.000 1.576
10105.000 1.590
10110.000 1.603
10115.000 1.652
10120.000 1.717
10125.000 1.758
10130.000 1.842
10135.000 1.899
10140.000 2.015
10145.000 2.085
10150.000 2.258
10155.000 2.479
10160.000 2.613
10165.000 2.962
10170.000 3.408
10175.000 3.684
10180.000 4.247
10185.000 4.500
10190.000 4.768
10195.000 4.730
10200.000 4.263
10205.000 3.561
10210.000 3.205
10215.000 2.590
10220.000 2.349
10225.000 1.958
10230.000 1.667
10235.000 1.541
10240.000 1.342
10245.000 1.250
10250.000 1.095
10255.000 0.973
10260.000 0.871
10265.000 0.823
10270.000 0.789
10275.000 0.715
10280.000 0.658
10285.000 0.629
10290.000 0.575
10295.000 0.547
10300.000 0.494
10305.000 0.451
10310.000 0.432
10315.000 0.396
10320.000 0.374
10325.000 0.362
10330.000 0.346
10335.000 0.335
10340.000 0.323
10345.000 0.312
10350.000 0.307
10355.000 0.306
10360.000 0.301
10365.000 0.300
10370.000 0.302
10375.000 0.303
10380.000 0.309
10385.000 0.309
10390.000 0.345
10395.000 0.348
10400.000 0.367
10405.000 0.396
10410.000 0.412
10415.000 0.456
10420.000 0.481
10425.000 0.542
10430.000 0.602
10435.000 0.631
10440.000 0.702
10445.000 0.789
10450.000 0.839
10455.000 0.959
10460.000 1.031
10465.000 1.231
10470.000 1.467
10475.000 1.625
10480.000 2.003
10485.000 2.234
10490.000 2.784
10495.000 3.083
10500.000 3.916
10505.000 4.751
10510.000 5.156
10515.000 5.812
10520.000 6.009
10525.000 6.116
10530.000 5.662
10535.000 5.269
10540.000 4.439
10545.000 3.659
10550.000 3.323
10555.000 2.764
10560.000 2.542
10565.000 2.236
10570.000 2.092
10575.000 1.844
10580.000 1.661
10585.000 1.593
10590.000 1.505
10595.000 1.419
10600.000 1.376
10605.000 1.324
10610.000 1.293
10615.000 1.255
10620.000 1.219
10625.000 1.197
10630.000 1.171
10635.000 1.163
10640.000 1.149
10645.000 1.146
10650.000 1.132
10655.000 1.125
10660.000 1.113
10665.000 1.095
10670.000 1.088
10675.000 1.069
10680.000 1.042
10685.000 1.036
10690.000 1.018
10695.000 1.008
10700.000 0.996
10705.000 0.993
10710.000 0.985
10715.000 0.991
10720.000 0.991
10725.000 0.995
10730.000 0.997
10735.000 1.002
10740.000 1.014
10745.000 1.025
10750.000 1.027
10755.000 1.046
10760.000 1.056
10765.000 1.069
10770.000 1.075
10775.000 1.098
10780.000 1.115
10785.000 1.126
10790.000 1.170
10795.000 1.185
10800.000 1.195
10805.000 1.205
10810.000 1.224
10815.000 1.249
10820.000 1.275
10825.000 1.330
10830.000 1.361
10835.000 1.440
10840.000 1.532
10845.000 1.646
10850.000 1.700
10855.000 1.750
10860.000 1.857
10865.000 1.935
10870.000 1.935
10875.000 1.875
10880.000 1.809
10885.000 1.607
10890.000 1.354
10895.000 1.232
10900.000 1.004
10905.000 0.909
10910.000 0.736
10915.000 0.597
10920.000 0.485
10925.000 0.442
10930.000 0.398
10935.000 0.321
10940.000 0.258
10945.000 0.206
10950.000 0.184
10955.000 0.142
10960.000 0.130
10965.000 0.100
10970.000 0.085
10975.000 0.060
10980.000 0.039
10985.000 0.033
10990.000 0.023
10995.000 0.024
11000.000 0.026
11005.000 0.029
11010.000 0.034
11015.000 0.045
11020.000 0.045
11025.000 0.054
11030.000 0.051
11035.000 0.060
11040.000 0.062
11045.000 0.065
11050.000 0.070
11055.000 0.071
11060.000 0.073
11065.000 0.080
11070.000 0.077
11075.000 0.084
11080.000 0.088
11085.000 0.091
11090.000 0.091
11095.000 0.096
11100.000 0.105
11105.000 0.119
11110.000 0.125
11115.000 0.155
11120.000 0.174
11125.000 0.227
11130.000 0.312
11135.000 0.376
11140.000 0.554
11145.000 0.679
11150.000 0.940
11155.000 1.067
11160.000 1.280
11165.000 1.390
11170.000 1.416
11175.000 1.373
11180.000 1.278
11185.000 1.217
11190.000 1.099
11195.000 1.038
11200.000 0.923
11205.000 0.818
11210.000 0.774
11215.000 0.696
11220.000 0.663
11225.000 0.610
11230.000 0.566
11235.000 0.549
11240.000 0.521
11245.000 0.514
11250.000 0.497
11255.000 0.494
11260.000 0.486
11265.000 0.480
11270.000 0.476
11275.000 0.469
11280.000 0.464
11285.000 0.463
11290.000 0.455
11295.000 0.455
11300.000 0.450
11305.000 0.448
11310.000 0.444
11315.000 0.444
11320.000 0.440
11325.000 0.441
11330.000 0.442
11335.000 0.436
11340.000 0.422
11345.000 0.429
11350.000 0.428
11355.000 0.426
11360.000 0.424
11365.000 0.419
11370.000 0.419
11375.000 0.418
11380.000 0.416
11385.000 0.419
11390.000 0.421
11395.000 0.416
11400.000 0.414
11405.000 0.410
11410.000 0.416
11415.000 0.417
11420.000 0.418
11425.000 0.413
11430.000 0.412
11435.000 0.410
11440.000 0.409
11445.000 0.408
11450.000 0.408
11455.000 0.409
11460.000 0.409
11465.000 0.406
11470.000 0.404
11475.000 0.407
11480.000 0.405
11485.000 0.404
11490.000 0.400
11495.000 0.401
11500.000 0.401
11505.000 0.401
11510.000 0.402
11515.000 0.401
11520.000 0.401
11525.000 0.402
11530.000 0.405
11535.000 0.400
11540.000 0.401
11545.000 0.400
11550.000 0.403
11555.000 0.403
11560.000 0.400
11565.000 0.402
11570.000 0.401
11575.000 0.398
11580.000 0.399
11585.000 0.399
11590.000 0.396
11595.000 0.399
11600.000 0.398
11605.000 0.399
11610.000 0.393
11615.000 0.395
11620.000 0.397
11625.000 0.395
11630.000 0.393
11635.000 0.397
11640.000 0.394
11645.000 0.398
11650.000 0.396
11655.000 0.397
11660.000 0.400
11665.000 0.395
11670.000 0.391
11675.000 0.398
11680.000 0.394
11685.000 0.395
11690.000 0.398
11695.000 0.394
11700.000 0.395
11705.000 0.392
11710.000 0.394
11715.000 0.392
11720.000 0.394
11725.000 0.394
11730.000 0.393
11735.000 0.392
11740.000 0.394
11745.000 0.389
11750.000 0.391
11755.000 0.391
11760.000 0.390
11765.000 0.387
11770.000 0.389
11775.000 0.386
11780.000 0.384
11785.000 0.388
11790.000 0.384
11795.000 0.386
11800.000 0.388
11805.000 0.390
11810.000 0.387
11815.000 0.390
11820.000 0.386
11825.000 0.389
11830.000 0.388
11835.000 0.387
11840.000 0.390
11845.000 0.387
11850.000 0.387
11855.000 0.387
11860.000 0.387
11865.000 0.389
11870.000 0.389
11875.000 0.389
11880.000 0.386
11885.000 0.384
11890.000 0.386
11895.000 0.386
11900.000 0.385
11905.000 0.394
11910.000 0.394
11915.000 0.400
11920.000 0.398
11925.000 0.401
11930.000 0.392
11935.000 0.388
11940.000 0.390
11945.000 0.390
11950.000 0.393
11955.000 0.389
11960.000 0.386
11965.000 0.383
11970.000 0.385
11975.000 0.386
11980.000 0.384
11985.000 0.385
11990.000 0.379
11995.000 0.381
12000.000 0.380
