105.000 0.088
110.000 0.852
115.000 4.291
120.000 5.684
125.000 6.914
130.000 7.443
135.000 8.151
140.000 8.380
145.000 8.524
150.000 8.923
155.000 9.061
160.000 9.024
165.000 9.112
170.000 9.029
175.000 9.072
180.000 9.230
185.000 9.553
190.000 9.730
195.000 9.929
200.000 10.416
205.000 10.572
210.000 11.128
215.000 11.324
220.000 11.958
225.000 12.551
230.000 12.861
235.000 13.570
240.000 13.840
245.000 14.735
250.000 15.950
255.000 16.675
260.000 17.597
265.000 18.158
270.000 19.854
275.000 21.662
280.000 22.591
285.000 24.581
290.000 25.645
295.000 27.829
300.000 30.253
305.000 31.619
310.000 34.507
315.000 36.202
320.000 39.902
325.000 44.169
330.000 46.630
335.000 52.060
340.000 55.042
345.000 61.841
350.000 69.537
355.000 72.935
360.000 72.301
365.000 70.348
370.000 66.197
375.000 65.027
380.000 65.009
385.000 64.318
390.000 63.707
395.000 62.433
400.000 61.173
405.000 60.361
410.000 58.108
415.000 57.168
420.000 55.883
425.000 54.697
430.000 54.330
435.000 53.464
440.000 52.867
445.000 51.403
450.000 49.227
455.000 47.955
460.000 45.166
465.000 43.599
470.000 40.304
475.000 36.759
480.000 34.973
485.000 31.302
490.000 29.618
495.000 26.347
500.000 25.015
505.000 22.476
510.000 20.261
515.000 19.273
520.000 17.451
525.000 16.642
530.000 15.158
535.000 13.859
540.000 13.286
545.000 12.278
550.000 11.837
555.000 11.059
560.000 10.379
565.000 10.088
570.000 9.570
575.000 9.342
580.000 8.953
585.000 8.634
590.000 8.492
595.000 8.286
600.000 8.193
605.000 8.029
610.000 7.830
615.000 7.659
620.000 7.357
625.000 7.214
630.000 7.023
635.000 6.983
640.000 7.055
645.000 7.179
650.000 7.273
655.000 7.502
660.000 7.800
665.000 7.992
670.000 8.409
675.000 8.689
680.000 9.406
685.000 10.500
690.000 11.258
695.000 13.324
700.000 14.824
705.000 19.215
710.000 26.283
715.000 30.971
720.000 41.674
725.000 47.091
730.000 54.918
735.000 47.459
740.000 35.382
745.000 20.992
750.000 17.099
755.000 12.236
760.000 9.381
765.000 8.379
770.000 6.801
775.000 6.171
780.000 5.161
785.000 4.408
790.000 4.107
795.000 3.575
800.000 3.368
805.000 3.004
810.000 2.835
815.000 2.553
820.000 2.311
825.000 2.208
830.000 2.027
835.000 1.942
840.000 1.797
845.000 1.674
850.000 1.619
855.000 1.521
860.000 1.477
865.000 1.394
870.000 1.323
875.000 1.293
880.000 1.235
885.000 1.206
890.000 1.163
895.000 1.120
900.000 1.102
905.000 1.066
910.000 1.049
915.000 1.021
920.000 0.995
925.000 0.991
930.000 0.969
935.000 0.959
940.000 0.949
945.000 0.939
950.000 0.934
955.000 0.924
960.000 0.924
965.000 0.925
970.000 0.939
975.000 0.935
980.000 0.946
985.000 0.958
990.000 0.962
995.000 0.987
1000.000 1.011
1005.000 1.034
1010.000 1.058
1015.000 1.107
1020.000 1.185
1025.000 1.216
1030.000 1.314
1035.000 1.377
1040.000 1.539
1045.000 1.770
1050.000 1.915
1055.000 2.346
1060.000 2.684
1065.000 3.718
1070.000 5.609
1075.000 6.959
1080.000 10.245
1085.000 11.274
1090.000 8.894
1095.000 5.323
1100.000 4.322
1105.000 3.017
1110.000 2.603
1115.000 2.017
1120.000 1.617
1125.000 1.470
1130.000 1.252
1135.000 1.156
1140.000 1.025
1145.000 0.918
1150.000 0.879
1155.000 0.809
1160.000 0.779
1165.000 0.735
1170.000 0.701
1175.000 0.684
1180.000 0.659
1185.000 0.650
1190.000 0.632
1195.000 0.623
1200.000 0.619
1205.000 0.612
1210.000 0.610
1215.000 0.613
1220.000 0.615
1225.000 0.618
1230.000 0.625
1235.000 0.629
1240.000 0.643
1245.000 0.655
1250.000 0.664
1255.000 0.680
1260.000 0.691
1265.000 0.715
1270.000 0.750
1275.000 0.762
1280.000 0.788
1285.000 0.797
1290.000 0.849
1295.000 0.895
1300.000 0.924
1305.000 0.980
1310.000 1.018
1315.000 1.095
1320.000 1.166
1325.000 1.201
1330.000 1.283
1335.000 1.324
1340.000 1.424
1345.000 1.537
1350.000 1.611
1355.000 1.774
1360.000 1.865
1365.000 2.096
1370.000 2.394
1375.000 2.592
1380.000 3.043
1385.000 3.331
1390.000 4.137
1395.000 4.652
1400.000 6.059
1405.000 8.280
1410.000 9.832
1415.000 14.378
1420.000 17.562
1425.000 24.912
1430.000 30.213
1435.000 30.799
1440.000 25.083
1445.000 20.576
1450.000 14.149
1455.000 10.214
1460.000 8.815
1465.000 6.770
1470.000 6.028
1475.000 4.919
1480.000 4.147
1485.000 3.836
1490.000 3.372
1495.000 3.187
1500.000 2.915
1505.000 2.729
1510.000 2.652
1515.000 2.513
1520.000 2.467
1525.000 2.361
1530.000 2.263
1535.000 2.209
1540.000 2.114
1545.000 2.071
1550.000 1.999
1555.000 1.938
1560.000 1.907
1565.000 1.861
1570.000 1.850
1575.000 1.804
1580.000 1.771
1585.000 1.755
1590.000 1.729
1595.000 1.717
1600.000 1.691
1605.000 1.674
1610.000 1.663
1615.000 1.645
1620.000 1.637
1625.000 1.629
1630.000 1.625
1635.000 1.636
1640.000 1.665
1645.000 1.688
1650.000 1.765
1655.000 1.897
1660.000 1.986
1665.000 2.152
1670.000 2.255
1675.000 2.516
1680.000 2.858
1685.000 3.079
1690.000 3.551
1695.000 3.850
1700.000 4.532
1705.000 5.426
1710.000 5.931
1715.000 7.164
1720.000 7.868
1725.000 9.630
1730.000 11.966
1735.000 13.410
1740.000 17.076
1745.000 19.365
1750.000 24.934
1755.000 31.423
1760.000 34.723
1765.000 40.830
1770.000 43.071
1775.000 44.249
1780.000 38.235
1785.000 33.611
1790.000 25.373
1795.000 21.983
1800.000 16.760
1805.000 13.060
1810.000 11.649
1815.000 9.502
1820.000 8.688
1825.000 7.414
1830.000 6.479
1835.000 6.105
1840.000 5.501
1845.000 5.304
1850.000 5.017
1855.000 4.774
1860.000 4.664
1865.000 4.479
1870.000 4.394
1875.000 4.242
1880.000 4.069
1885.000 3.983
1890.000 3.837
1895.000 3.781
1900.000 3.683
1905.000 3.606
1910.000 3.577
1915.000 3.540
1920.000 3.526
1925.000 3.516
1930.000 3.522
1935.000 3.530
1940.000 3.563
1945.000 3.584
1950.000 3.654
1955.000 3.744
1960.000 3.790
1965.000 3.876
1970.000 3.924
1975.000 4.005
1980.000 4.112
1985.000 4.173
1990.000 4.293
1995.000 4.383
2000.000 4.539
2005.000 4.638
2010.000 4.835
2015.000 5.088
2020.000 5.231
2025.000 5.522
2030.000 5.675
2035.000 6.076
2040.000 6.570
2045.000 6.870
2050.000 7.635
2055.000 8.117
2060.000 9.319
2065.000 10.969
2070.000 12.036
2075.000 14.754
2080.000 16.468
2085.000 20.519
2090.000 24.863
2095.000 26.909
2100.000 29.774
2105.000 30.229
2110.000 27.925
2115.000 22.725
2120.000 20.093
2125.000 15.515
2130.000 13.746
2135.000 11.058
2140.000 9.147
2145.000 8.391
2150.000 7.215
2155.000 6.807
2160.000 6.174
2165.000 5.665
2170.000 5.440
2175.000 5.058
2180.000 4.881
2185.000 4.570
2190.000 4.299
2195.000 4.175
2200.000 3.962
2205.000 3.860
2210.000 3.686
2215.000 3.532
2220.000 3.460
2225.000 3.325
2230.000 3.243
2235.000 3.085
2240.000 2.944
2245.000 2.888
2250.000 2.789
2255.000 2.745
2260.000 2.677
2265.000 2.622
2270.000 2.612
2275.000 2.589
2280.000 2.587
2285.000 2.591
2290.000 2.612
2295.000 2.633
2300.000 2.693
2305.000 2.738
2310.000 2.843
2315.000 2.991
2320.000 3.083
2325.000 3.236
2330.000 3.327
2335.000 3.542
2340.000 3.838
2345.000 4.033
2350.000 4.579
2355.000 4.958
2360.000 6.055
2365.000 7.803
2370.000 8.992
2375.000 11.900
2380.000 13.330
2385.000 14.471
2390.000 11.371
2395.000 9.192
2400.000 5.928
2405.000 4.877
2410.000 3.463
2415.000 2.577
2420.000 2.250
2425.000 1.757
2430.000 1.573
2435.000 1.280
2440.000 1.061
2445.000 0.974
2450.000 0.821
2455.000 0.755
2460.000 0.645
2465.000 0.559
2470.000 0.522
2475.000 0.461
2480.000 0.431
2485.000 0.384
2490.000 0.346
2495.000 0.331
2500.000 0.301
2505.000 0.288
2510.000 0.266
2515.000 0.248
2520.000 0.240
2525.000 0.226
2530.000 0.220
2535.000 0.210
2540.000 0.201
2545.000 0.199
2550.000 0.193
2555.000 0.190
2560.000 0.185
2565.000 0.185
2570.000 0.180
2575.000 0.180
2580.000 0.178
2585.000 0.176
2590.000 0.177
2595.000 0.176
2600.000 0.176
2605.000 0.175
2610.000 0.175
2615.000 0.176
2620.000 0.175
2625.000 0.176
2630.000 0.176
2635.000 0.177
2640.000 0.177
2645.000 0.179
2650.000 0.179
2655.000 0.179
2660.000 0.181
2665.000 0.180
2670.000 0.182
2675.000 0.181
2680.000 0.182
2685.000 0.182
2690.000 0.184
2695.000 0.186
2700.000 0.185
2705.000 0.184
2710.000 0.186
2715.000 0.187
2720.000 0.188
2725.000 0.188
2730.000 0.188
2735.000 0.190
2740.000 0.191
2745.000 0.193
2750.000 0.192
2755.000 0.193
2760.000 0.195
2765.000 0.194
2770.000 0.195
2775.000 0.197
2780.000 0.195
2785.000 0.196
2790.000 0.198
2795.000 0.196
2800.000 0.200
2805.000 0.198
2810.000 0.200
2815.000 0.200
2820.000 0.200
2825.000 0.202
2830.000 0.202
2835.000 0.202
2840.000 0.205
2845.000 0.204
2850.000 0.205
2855.000 0.205
2860.000 0.207
2865.000 0.207
2870.000 0.205
2875.000 0.208
2880.000 0.209
2885.000 0.208
2890.000 0.208
2895.000 0.211
2900.000 0.211
2905.000 0.211
2910.000 0.213
2915.000 0.214
2920.000 0.211
2925.000 0.216
2930.000 0.215
2935.000 0.214
2940.000 0.214
2945.000 0.219
2950.000 0.219
2955.000 0.213
2960.000 0.218
2965.000 0.218
2970.000 0.223
2975.000 0.220
2980.000 0.223
2985.000 0.225
2990.000 0.215
2995.000 0.219
3000.000 0.214
3005.000 0.216
3010.000 0.225
3015.000 0.222
3020.000 0.219
3025.000 0.214
3030.000 0.229
3035.000 0.215
3040.000 0.218
3045.000 0.221
3050.000 0.225
3055.000 0.228
3060.000 0.228
3065.000 0.224
3070.000 0.226
3075.000 0.226
3080.000 0.227
3085.000 0.231
3090.000 0.228
3095.000 0.230
3100.000 0.232
3105.000 0.235
3110.000 0.236
3115.000 0.239
3120.000 0.239
3125.000 0.243
3130.000 0.241
3135.000 0.245
3140.000 0.247
3145.000 0.250
3150.000 0.256
3155.000 0.257
3160.000 0.262
3165.000 0.265
3170.000 0.270
3175.000 0.272
3180.000 0.280
3185.000 0.289
3190.000 0.292
3195.000 0.303
3200.000 0.309
3205.000 0.320
3210.000 0.335
3215.000 0.346
3220.000 0.362
3225.000 0.374
3230.000 0.394
3235.000 0.424
3240.000 0.439
3245.000 0.471
3250.000 0.490
3255.000 0.534
3260.000 0.585
3265.000 0.614
3270.000 0.686
3275.000 0.725
3280.000 0.825
3285.000 0.957
3290.000 1.043
3295.000 1.267
3300.000 1.411
3305.000 1.829
3310.000 2.533
3315.000 3.050
3320.000 4.508
3325.000 5.438
3330.000 7.664
3335.000 10.461
3340.000 12.181
3345.000 16.285
3350.000 18.433
3355.000 21.334
3360.000 20.058
3365.000 17.831
3370.000 13.926
3375.000 12.501
3380.000 10.250
3385.000 8.476
3390.000 7.735
3395.000 6.549
3400.000 6.077
3405.000 5.328
3410.000 4.799
3415.000 4.594
3420.000 4.300
3425.000 4.196
3430.000 4.085
3435.000 4.130
3440.000 4.191
3445.000 4.446
3450.000 4.624
3455.000 5.128
3460.000 5.905
3465.000 6.443
3470.000 8.100
3475.000 9.232
3480.000 12.444
3485.000 16.954
3490.000 19.396
3495.000 22.956
3500.000 23.259
3505.000 19.389
3510.000 13.527
3515.000 11.214
3520.000 8.038
3525.000 6.960
3530.000 5.410
3535.000 4.388
3540.000 4.004
3545.000 3.414
3550.000 3.218
3555.000 2.934
3560.000 2.722
3565.000 2.623
3570.000 2.458
3575.000 2.380
3580.000 2.219
3585.000 2.077
3590.000 2.016
3595.000 1.898
3600.000 1.848
3605.000 1.759
3610.000 1.695
3615.000 1.672
3620.000 1.636
3625.000 1.625
3630.000 1.615
3635.000 1.621
3640.000 1.627
3645.000 1.657
3650.000 1.676
3655.000 1.733
3660.000 1.789
3665.000 1.823
3670.000 1.899
3675.000 1.944
3680.000 2.054
3685.000 2.203
3690.000 2.292
3695.000 2.491
3700.000 2.579
3705.000 2.777
3710.000 3.067
3715.000 3.260
3720.000 3.764
3725.000 4.095
3730.000 5.018
3735.000 6.448
3740.000 7.449
3745.000 10.210
3750.000 12.011
3755.000 15.987
3760.000 19.202
3765.000 19.881
3770.000 17.687
3775.000 15.155
3780.000 10.503
3785.000 8.756
3790.000 6.341
3795.000 4.868
3800.000 4.361
3805.000 3.554
3810.000 3.229
3815.000 2.745
3820.000 2.426
3825.000 2.318
3830.000 2.131
3835.000 2.037
3840.000 1.875
3845.000 1.749
3850.000 1.689
3855.000 1.589
3860.000 1.543
3865.000 1.444
3870.000 1.357
3875.000 1.318
3880.000 1.250
3885.000 1.223
3890.000 1.175
3895.000 1.138
3900.000 1.122
3905.000 1.097
3910.000 1.089
3915.000 1.076
3920.000 1.067
3925.000 1.065
3930.000 1.067
3935.000 1.071
3940.000 1.079
3945.000 1.095
3950.000 1.105
3955.000 1.140
3960.000 1.159
3965.000 1.203
3970.000 1.255
3975.000 1.290
3980.000 1.351
3985.000 1.380
3990.000 1.461
3995.000 1.553
4000.000 1.590
4005.000 1.734
4010.000 1.812
4015.000 2.032
4020.000 2.309
4025.000 2.534
4030.000 2.974
4035.000 3.261
4040.000 4.013
4045.000 5.244
4050.000 6.099
4055.000 8.409
4060.000 9.760
4065.000 12.220
4070.000 12.666
4075.000 11.163
4080.000 7.894
4085.000 6.489
4090.000 4.515
4095.000 3.847
4100.000 2.915
4105.000 2.310
4110.000 2.088
4115.000 1.739
4120.000 1.604
4125.000 1.403
4130.000 1.259
4135.000 1.196
4140.000 1.093
4145.000 1.050
4150.000 0.974
4155.000 0.893
4160.000 0.858
4165.000 0.797
4170.000 0.772
4175.000 0.727
4180.000 0.691
4185.000 0.677
4190.000 0.653
4195.000 0.640
4200.000 0.621
4205.000 0.610
4210.000 0.602
4215.000 0.593
4220.000 0.590
4225.000 0.584
4230.000 0.580
4235.000 0.577
4240.000 0.575
4245.000 0.576
4250.000 0.576
4255.000 0.579
4260.000 0.582
4265.000 0.591
4270.000 0.598
4275.000 0.616
4280.000 0.640
4285.000 0.659
4290.000 0.697
4295.000 0.719
4300.000 0.780
4305.000 0.841
4310.000 0.873
4315.000 0.946
4320.000 0.988
4325.000 1.097
4330.000 1.249
4335.000 1.348
4340.000 1.618
4345.000 1.810
4350.000 2.347
4355.000 3.236
4360.000 3.956
4365.000 5.703
4370.000 6.711
4375.000 8.477
4380.000 8.933
4385.000 8.396
4390.000 6.309
4395.000 5.308
4400.000 3.788
4405.000 2.818
4410.000 2.484
4415.000 1.998
4420.000 1.819
4425.000 1.538
4430.000 1.332
4435.000 1.258
4440.000 1.146
4445.000 1.102
4450.000 1.028
4455.000 0.972
4460.000 0.944
4465.000 0.902
4470.000 0.884
4475.000 0.852
4480.000 0.827
4485.000 0.814
4490.000 0.795
4495.000 0.784
4500.000 0.771
4505.000 0.759
4510.000 0.755
4515.000 0.752
4520.000 0.747
4525.000 0.745
4530.000 0.744
4535.000 0.746
4540.000 0.747
4545.000 0.749
4550.000 0.757
4555.000 0.768
4560.000 0.773
4565.000 0.786
4570.000 0.796
4575.000 0.817
4580.000 0.840
4585.000 0.852
4590.000 0.882
4595.000 0.901
4600.000 0.944
4605.000 0.997
4610.000 1.027
4615.000 1.101
4620.000 1.142
4625.000 1.246
4630.000 1.398
4635.000 1.496
4640.000 1.766
4645.000 1.954
4650.000 2.474
4655.000 3.213
4660.000 3.652
4665.000 4.595
4670.000 4.994
4675.000 5.102
4680.000 4.659
4685.000 3.362
4690.000 2.291
4695.000 1.915
4700.000 1.384
4705.000 1.192
4710.000 0.909
4715.000 0.715
4720.000 0.652
4725.000 0.538
4730.000 0.496
4735.000 0.410
4740.000 0.345
4745.000 0.317
4750.000 0.270
4755.000 0.255
4760.000 0.220
4765.000 0.196
4770.000 0.184
4775.000 0.166
4780.000 0.157
4785.000 0.142
4790.000 0.132
4795.000 0.127
4800.000 0.120
4805.000 0.115
4810.000 0.111
4815.000 0.110
4820.000 0.109
4825.000 0.112
4830.000 0.112
4835.000 0.118
4840.000 0.132
4845.000 0.138
4850.000 0.154
4855.000 0.169
4860.000 0.196
4865.000 0.233
4870.000 0.254
4875.000 0.314
4880.000 0.355
4885.000 0.463
4890.000 0.638
4895.000 0.767
4900.000 1.106
4905.000 1.320
4910.000 1.827
4915.000 2.439
4920.000 2.834
4925.000 3.905
4930.000 4.591
4935.000 6.027
4940.000 6.920
4945.000 7.035
4950.000 6.431
4955.000 5.800
4960.000 4.737
4965.000 3.925
4970.000 3.577
4975.000 3.025
4980.000 2.783
4985.000 2.343
4990.000 2.024
4995.000 1.863
5000.000 1.637
5005.000 1.524
5010.000 1.365
5015.000 1.243
5020.000 1.204
5025.000 1.118
5030.000 1.108
5035.000 1.069
5040.000 1.065
5045.000 1.060
5050.000 1.053
5055.000 1.062
5060.000 1.067
5065.000 1.078
5070.000 1.084
5075.000 1.106
5080.000 1.125
5085.000 1.159
5090.000 1.216
5095.000 1.252
5100.000 1.328
5105.000 1.378
5110.000 1.504
5115.000 1.680
5120.000 1.781
5125.000 2.001
5130.000 2.111
5135.000 2.174
5140.000 1.922
5145.000 1.708
5150.000 1.215
5155.000 0.993
5160.000 0.675
5165.000 0.470
5170.000 0.395
5175.000 0.281
5180.000 0.242
5185.000 0.186
5190.000 0.161
5195.000 0.157
5200.000 0.153
5205.000 0.155
5210.000 0.161
5215.000 0.169
5220.000 0.172
5225.000 0.181
5230.000 0.188
5235.000 0.197
5240.000 0.206
5245.000 0.209
5250.000 0.220
5255.000 0.226
5260.000 0.232
5265.000 0.234
5270.000 0.240
5275.000 0.245
5280.000 0.247
5285.000 0.251
5290.000 0.255
5295.000 0.259
5300.000 0.263
5305.000 0.265
5310.000 0.272
5315.000 0.271
5320.000 0.273
5325.000 0.281
5330.000 0.281
5335.000 0.282
5340.000 0.284
5345.000 0.288
5350.000 0.290
5355.000 0.290
5360.000 0.292
5365.000 0.295
5370.000 0.297
5375.000 0.299
5380.000 0.301
5385.000 0.303
5390.000 0.304
5395.000 0.306
5400.000 0.306
5405.000 0.306
5410.000 0.312
5415.000 0.310
5420.000 0.313
5425.000 0.314
5430.000 0.316
5435.000 0.318
5440.000 0.318
5445.000 0.315
5450.000 0.319
5455.000 0.320
5460.000 0.322
5465.000 0.321
5470.000 0.323
5475.000 0.321
5480.000 0.320
5485.000 0.321
5490.000 0.323
5495.000 0.323
5500.000 0.322
5505.000 0.325
5510.000 0.322
5515.000 0.328
5520.000 0.332
5525.000 0.337
5530.000 0.339
5535.000 0.335
5540.000 0.334
5545.000 0.330
5550.000 0.330
5555.000 0.327
5560.000 0.327
5565.000 0.327
5570.000 0.325
5575.000 0.327
5580.000 0.328
5585.000 0.332
5590.000 0.332
5595.000 0.331
5600.000 0.336
5605.000 0.332
5610.000 0.332
5615.000 0.331
5620.000 0.328
5625.000 0.331
5630.000 0.331
5635.000 0.330
5640.000 0.330
5645.000 0.331
5650.000 0.336
5655.000 0.334
5660.000 0.331
5665.000 0.333
5670.000 0.332
5675.000 0.332
5680.000 0.333
5685.000 0.337
5690.000 0.333
5695.000 0.333
5700.000 0.333
5705.000 0.331
5710.000 0.333
5715.000 0.331
5720.000 0.332
5725.000 0.330
5730.000 0.336
5735.000 0.332
5740.000 0.337
5745.000 0.334
5750.000 0.333
5755.000 0.334
5760.000 0.333
5765.000 0.331
5770.000 0.336
5775.000 0.331
5780.000 0.331
5785.000 0.333
5790.000 0.333
5795.000 0.331
5800.000 0.333
5805.000 0.333
5810.000 0.332
5815.000 0.336
5820.000 0.333
5825.000 0.331
5830.000 0.333
5835.000 0.336
5840.000 0.338
5845.000 0.335
5850.000 0.337
5855.000 0.339
5860.000 0.338
5865.000 0.339
5870.000 0.337
5875.000 0.339
5880.000 0.338
5885.000 0.343
5890.000 0.338
5895.000 0.339
5900.000 0.340
5905.000 0.341
5910.000 0.339
5915.000 0.336
5920.000 0.337
5925.000 0.341
5930.000 0.337
5935.000 0.337
5940.000 0.336
5945.000 0.339
5950.000 0.340
5955.000 0.340
5960.000 0.335
5965.000 0.345
5970.000 0.340
5975.000 0.346
5980.000 0.348
5985.000 0.343
5990.000 0.344
5995.000 0.340
6000.000 0.349
6005.000 0.344
6010.000 0.341
6015.000 0.342
6020.000 0.357
6025.000 0.343
6030.000 0.345
6035.000 0.357
6040.000 0.351
6045.000 0.352
6050.000 0.358
6055.000 0.346
6060.000 0.346
6065.000 0.347
6070.000 0.345
6075.000 0.345
6080.000 0.349
6085.000 0.345
6090.000 0.349
6095.000 0.347
6100.000 0.346
6105.000 0.341
6110.000 0.347
6115.000 0.350
6120.000 0.348
6125.000 0.346
6130.000 0.349
6135.000 0.352
6140.000 0.347
6145.000 0.351
6150.000 0.349
6155.000 0.348
6160.000 0.348
6165.000 0.350
6170.000 0.346
6175.000 0.354
6180.000 0.352
6185.000 0.347
6190.000 0.351
6195.000 0.352
6200.000 0.356
6205.000 0.355
6210.000 0.351
6215.000 0.355
6220.000 0.352
6225.000 0.352
6230.000 0.352
6235.000 0.349
6240.000 0.351
6245.000 0.352
6250.000 0.354
6255.000 0.353
6260.000 0.358
6265.000 0.356
6270.000 0.354
6275.000 0.357
6280.000 0.357
6285.000 0.358
6290.000 0.359
6295.000 0.360
6300.000 0.360
6305.000 0.355
6310.000 0.361
6315.000 0.379
6320.000 0.372
6325.000 0.366
6330.000 0.359
6335.000 0.361
6340.000 0.361
6345.000 0.358
6350.000 0.359
6355.000 0.359
6360.000 0.366
6365.000 0.362
6370.000 0.364
6375.000 0.362
6380.000 0.361
6385.000 0.366
6390.000 0.364
6395.000 0.367
6400.000 0.371
6405.000 0.368
6410.000 0.369
6415.000 0.366
6420.000 0.368
6425.000 0.368
6430.000 0.368
6435.000 0.367
6440.000 0.369
6445.000 0.373
6450.000 0.370
6455.000 0.374
6460.000 0.376
6465.000 0.373
6470.000 0.374
6475.000 0.378
6480.000 0.380
6485.000 0.380
6490.000 0.378
6495.000 0.389
6500.000 0.389
6505.000 0.391
6510.000 0.393
6515.000 0.397
6520.000 0.402
6525.000 0.409
6530.000 0.413
6535.000 0.418
6540.000 0.423
6545.000 0.432
6550.000 0.434
6555.000 0.444
6560.000 0.448
6565.000 0.464
6570.000 0.478
6575.000 0.487
6580.000 0.509
6585.000 0.525
6590.000 0.559
6595.000 0.597
6600.000 0.618
6605.000 0.667
6610.000 0.705
6615.000 0.794
6620.000 0.919
6625.000 1.002
6630.000 1.232
6635.000 1.391
6640.000 1.862
6645.000 2.592
6650.000 3.103
6655.000 4.417
6660.000 5.250
6665.000 7.139
6670.000 9.016
6675.000 9.607
6680.000 9.322
6685.000 8.579
6690.000 6.917
6695.000 5.625
6700.000 5.114
6705.000 4.340
6710.000 4.064
6715.000 3.663
6720.000 3.428
6725.000 3.373
6730.000 3.442
6735.000 3.566
6740.000 4.001
6745.000 4.759
6750.000 5.287
6755.000 6.777
6760.000 7.756
6765.000 10.134
6770.000 12.508
6775.000 13.375
6780.000 13.557
6785.000 12.496
6790.000 9.453
6795.000 6.966
6800.000 6.040
6805.000 4.715
6810.000 4.242
6815.000 3.540
6820.000 3.073
6825.000 2.903
6830.000 2.639
6835.000 2.552
6840.000 2.440
6845.000 2.369
6850.000 2.339
6855.000 2.299
6860.000 2.289
6865.000 2.274
6870.000 2.276
6875.000 2.296
6880.000 2.339
6885.000 2.363
6890.000 2.424
6895.000 2.514
6900.000 2.574
6905.000 2.709
6910.000 2.793
6915.000 2.995
6920.000 3.275
6925.000 3.457
6930.000 3.959
6935.000 4.289
6940.000 5.199
6945.000 6.554
6950.000 7.429
6955.000 9.550
6960.000 10.697
6965.000 12.487
6970.000 12.559
6975.000 11.611
6980.000 8.913
6985.000 7.646
6990.000 5.675
6995.000 4.392
7000.000 3.934
7005.000 3.216
7010.000 2.952
7015.000 2.578
7020.000 2.325
7025.000 2.218
7030.000 2.045
7035.000 1.958
7040.000 1.836
7045.000 1.781
7050.000 1.677
7055.000 1.612
7060.000 1.570
7065.000 1.530
7070.000 1.501
7075.000 1.462
7080.000 1.434
7085.000 1.423
7090.000 1.410
7095.000 1.403
7100.000 1.409
7105.000 1.407
7110.000 1.415
7115.000 1.440
7120.000 1.458
7125.000 1.495
7130.000 1.550
7135.000 1.583
7140.000 1.660
7145.000 1.710
7150.000 1.826
7155.000 1.966
7160.000 2.063
7165.000 2.321
7170.000 2.481
7175.000 2.920
7180.000 3.572
7185.000 4.009
7190.000 5.186
7195.000 5.935
7200.000 7.698
7205.000 9.405
7210.000 10.048
7215.000 10.179
7220.000 9.445
7225.000 7.336
7230.000 5.489
7235.000 4.782
7240.000 3.754
7245.000 3.374
7250.000 2.790
7255.000 2.392
7260.000 2.240
7265.000 2.020
7270.000 1.943
7275.000 1.817
7280.000 1.721
7285.000 1.681
7290.000 1.604
7295.000 1.577
7300.000 1.517
7305.000 1.474
7310.000 1.456
7315.000 1.425
7320.000 1.415
7325.000 1.393
7330.000 1.384
7335.000 1.386
7340.000 1.387
7345.000 1.383
7350.000 1.399
7355.000 1.412
7360.000 1.441
7365.000 1.594
7370.000 1.587
7375.000 1.560
7380.000 1.552
7385.000 1.560
7390.000 1.594
7395.000 1.621
7400.000 1.689
7405.000 1.736
7410.000 1.843
7415.000 1.967
7420.000 2.045
7425.000 2.242
7430.000 2.375
7435.000 2.701
7440.000 3.175
7445.000 3.487
7450.000 4.275
7455.000 4.786
7460.000 5.908
7465.000 6.910
7470.000 7.195
7475.000 6.789
7480.000 6.163
7485.000 4.748
7490.000 3.592
7495.000 3.153
7500.000 2.492
7505.000 2.255
7510.000 1.887
7515.000 1.638
7520.000 1.539
7525.000 1.385
7530.000 1.312
7535.000 1.204
7540.000 1.110
7545.000 1.068
7550.000 0.996
7555.000 0.962
7560.000 0.908
7565.000 0.848
7570.000 0.821
7575.000 0.771
7580.000 0.750
7585.000 0.716
7590.000 0.692
7595.000 0.679
7600.000 0.667
7605.000 0.660
7610.000 0.653
7615.000 0.650
7620.000 0.652
7625.000 0.660
7630.000 0.668
7635.000 0.688
7640.000 0.718
7645.000 0.735
7650.000 0.786
7655.000 0.812
7660.000 0.887
7665.000 0.966
7670.000 1.013
7675.000 1.123
7680.000 1.196
7685.000 1.398
7690.000 1.694
7695.000 1.895
7700.000 2.406
7705.000 2.722
7710.000 3.430
7715.000 4.189
7720.000 4.393
7725.000 4.163
7730.000 3.799
7735.000 3.016
7740.000 2.372
7745.000 2.124
7750.000 1.740
7755.000 1.603
7760.000 1.399
7765.000 1.248
7770.000 1.193
7775.000 1.112
7780.000 1.079
7785.000 1.028
7790.000 0.987
7795.000 0.970
7800.000 0.940
7805.000 0.927
7810.000 0.903
7815.000 0.884
7820.000 0.874
7825.000 0.873
7830.000 0.869
7835.000 0.866
7840.000 0.871
7845.000 0.873
7850.000 0.878
7855.000 0.888
7860.000 0.897
7865.000 0.916
7870.000 0.933
7875.000 0.964
7880.000 0.980
7885.000 1.022
7890.000 1.082
7895.000 1.112
7900.000 1.192
7905.000 1.241
7910.000 1.376
7915.000 1.551
7920.000 1.653
7925.000 1.897
7930.000 2.009
7935.000 2.176
7940.000 2.164
7945.000 1.910
7950.000 1.528
7955.000 1.347
7960.000 1.072
7965.000 0.959
7970.000 0.797
7975.000 0.665
7980.000 0.612
7985.000 0.526
7990.000 0.491
7995.000 0.433
8000.000 0.387
8005.000 0.369
8010.000 0.334
8015.000 0.323
8020.000 0.293
8025.000 0.280
8030.000 0.262
8035.000 0.256
8040.000 0.247
8045.000 0.231
8050.000 0.214
8055.000 0.199
8060.000 0.170
8065.000 0.154
8070.000 0.100
8075.000 0.046
8080.000 0.024
8085.000 0.040
8090.000 0.072
8095.000 0.144
8100.000 0.198
8105.000 0.223
8110.000 0.258
8115.000 0.277
8120.000 0.305
8125.000 0.312
8130.000 0.307
8135.000 0.308
8140.000 0.310
8145.000 0.324
8150.000 0.336
8155.000 0.335
8160.000 0.338
8165.000 0.337
8170.000 0.339
8175.000 0.334
8180.000 0.338
8185.000 0.335
8190.000 0.336
8195.000 0.334
8200.000 0.332
8205.000 0.336
8210.000 0.333
8215.000 0.335
8220.000 0.331
8225.000 0.330
8230.000 0.332
8235.000 0.330
8240.000 0.330
8245.000 0.332
8250.000 0.331
8255.000 0.334
8260.000 0.337
8265.000 0.333
8270.000 0.334
8275.000 0.335
8280.000 0.335
8285.000 0.337
8290.000 0.335
8295.000 0.336
8300.000 0.336
8305.000 0.336
8310.000 0.335
8315.000 0.334
8320.000 0.334
8325.000 0.335
8330.000 0.336
8335.000 0.335
8340.000 0.336
8345.000 0.336
8350.000 0.338
8355.000 0.338
8360.000 0.338
8365.000 0.337
8370.000 0.339
8375.000 0.339
8380.000 0.337
8385.000 0.342
8390.000 0.340
8395.000 0.341
8400.000 0.342
8405.000 0.341
8410.000 0.343
8415.000 0.341
8420.000 0.342
8425.000 0.346
8430.000 0.341
8435.000 0.341
8440.000 0.343
8445.000 0.346
8450.000 0.347
8455.000 0.346
8460.000 0.349
8465.000 0.348
8470.000 0.346
8475.000 0.349
8480.000 0.349
8485.000 0.348
8490.000 0.347
8495.000 0.349
8500.000 0.351
8505.000 0.353
8510.000 0.353
8515.000 0.352
8520.000 0.353
8525.000 0.355
8530.000 0.355
8535.000 0.358
8540.000 0.360
8545.000 0.360
8550.000 0.357
8555.000 0.359
8560.000 0.360
8565.000 0.362
8570.000 0.361
8575.000 0.364
8580.000 0.362
8585.000 0.365
8590.000 0.364
8595.000 0.365
8600.000 0.365
8605.000 0.366
8610.000 0.367
8615.000 0.367
8620.000 0.367
8625.000 0.367
8630.000 0.368
8635.000 0.370
8640.000 0.373
8645.000 0.374
8650.000 0.375
8655.000 0.376
8660.000 0.375
8665.000 0.374
8670.000 0.379
8675.000 0.379
8680.000 0.375
8685.000 0.375
8690.000 0.377
8695.000 0.379
8700.000 0.377
8705.000 0.374
8710.000 0.381
8715.000 0.379
8720.000 0.380
8725.000 0.379
8730.000 0.380
8735.000 0.380
8740.000 0.381
8745.000 0.382
8750.000 0.380
8755.000 0.382
8760.000 0.381
8765.000 0.382
8770.000 0.382
8775.000 0.380
8780.000 0.382
8785.000 0.385
8790.000 0.382
8795.000 0.385
8800.000 0.384
8805.000 0.384
8810.000 0.386
8815.000 0.394
8820.000 0.387
8825.000 0.376
8830.000 0.372
8835.000 0.388
8840.000 0.388
8845.000 0.390
8850.000 0.394
8855.000 0.390
8860.000 0.388
8865.000 0.388
8870.000 0.386
8875.000 0.386
8880.000 0.385
8885.000 0.384
8890.000 0.381
8895.000 0.378
8900.000 0.385
8905.000 0.382
8910.000 0.383
8915.000 0.380
8920.000 0.383
8925.000 0.386
8930.000 0.391
8935.000 0.386
8940.000 0.389
8945.000 0.387
8950.000 0.388
8955.000 0.384
8960.000 0.390
8965.000 0.389
8970.000 0.396
8975.000 0.395
8980.000 0.391
8985.000 0.390
8990.000 0.388
8995.000 0.390
9000.000 0.392
9005.000 0.383
9010.000 0.388
9015.000 0.385
9020.000 0.386
9025.000 0.398
9030.000 0.393
9035.000 0.390
9040.000 0.388
9045.000 0.381
9050.000 0.385
9055.000 0.386
9060.000 0.382
9065.000 0.390
9070.000 0.386
9075.000 0.387
9080.000 0.387
9085.000 0.390
9090.000 0.386
9095.000 0.387
9100.000 0.388
9105.000 0.387
9110.000 0.387
9115.000 0.389
9120.000 0.390
9125.000 0.390
9130.000 0.392
9135.000 0.393
9140.000 0.392
9145.000 0.390
9150.000 0.389
9155.000 0.386
9160.000 0.387
9165.000 0.391
9170.000 0.391
9175.000 0.389
9180.000 0.392
9185.000 0.388
9190.000 0.393
9195.000 0.391
9200.000 0.388
9205.000 0.387
9210.000 0.388
9215.000 0.388
9220.000 0.392
9225.000 0.392
9230.000 0.393
9235.000 0.396
9240.000 0.394
9245.000 0.389
9250.000 0.387
9255.000 0.393
9260.000 0.392
9265.000 0.391
9270.000 0.387
9275.000 0.390
9280.000 0.390
9285.000 0.392
9290.000 0.390
9295.000 0.392
9300.000 0.391
9305.000 0.390
9310.000 0.389
9315.000 0.392
9320.000 0.392
9325.000 0.393
9330.000 0.393
9335.000 0.393
9340.000 0.391
9345.000 0.391
9350.000 0.393
9355.000 0.393
9360.000 0.394
9365.000 0.387
9370.000 0.391
9375.000 0.392
9380.000 0.393
9385.000 0.390
9390.000 0.392
9395.000 0.389
9400.000 0.389
9405.000 0.393
9410.000 0.394
9415.000 0.393
9420.000 0.395
9425.000 0.391
9430.000 0.399
9435.000 0.395
9440.000 0.393
9445.000 0.392
9450.000 0.392
9455.000 0.391
9460.000 0.390
9465.000 0.394
9470.000 0.395
9475.000 0.393
9480.000 0.394
9485.000 0.397
9490.000 0.397
9495.000 0.397
9500.000 0.396
9505.000 0.394
9510.000 0.398
9515.000 0.396
9520.000 0.397
9525.000 0.397
9530.000 0.398
9535.000 0.395
9540.000 0.400
9545.000 0.401
9550.000 0.399
9555.000 0.397
9560.000 0.397
9565.000 0.399
9570.000 0.397
9575.000 0.396
9580.000 0.397
9585.000 0.395
9590.000 0.396
9595.000 0.397
9600.000 0.396
9605.000 0.396
9610.000 0.395
9615.000 0.400
9620.000 0.397
9625.000 0.398
9630.000 0.399
9635.000 0.394
9640.000 0.393
9645.000 0.396
9650.000 0.396
9655.000 0.397
9660.000 0.399
9665.000 0.398
9670.000 0.398
9675.000 0.397
9680.000 0.400
9685.000 0.396
9690.000 0.395
9695.000 0.399
9700.000 0.398
9705.000 0.400
9710.000 0.396
9715.000 0.400
9720.000 0.398
9725.000 0.401
9730.000 0.401
9735.000 0.404
9740.000 0.405
9745.000 0.402
9750.000 0.405
9755.000 0.404
9760.000 0.407
9765.000 0.410
9770.000 0.410
9775.000 0.412
9780.000 0.412
9785.000 0.412
9790.000 0.413
9795.000 0.415
9800.000 0.415
9805.000 0.418
9810.000 0.420
9815.000 0.429
9820.000 0.429
9825.000 0.431
9830.000 0.437
9835.000 0.438
9840.000 0.442
9845.000 0.441
9850.000 0.446
9855.000 0.452
9860.000 0.455
9865.000 0.469
9870.000 0.474
9875.000 0.490
9880.000 0.508
9885.000 0.511
9890.000 0.536
9895.000 0.551
9900.000 0.586
9905.000 0.630
9910.000 0.657
9915.000 0.725
9920.000 0.771
9925.000 0.901
9930.000 1.067
9935.000 1.163
9940.000 1.266
9945.000 1.245
9950.000 1.076
9955.000 0.838
9960.000 0.741
9965.000 0.596
9970.000 0.549
9975.000 0.497
9980.000 0.482
9985.000 0.484
9990.000 0.521
9995.000 0.540
10000.000 0.620
10005.000 0.779
10010.000 0.895
10015.000 1.222
10020.000 1.457
10025.000 2.097
10030.000 2.926
10035.000 3.378
10040.000 4.215
10045.000 4.556
10050.000 4.888
10055.000 4.613
10060.000 4.342
10065.000 3.654
10070.000 3.326
10075.000 2.754
10080.000 2.320
10085.000 2.144
10090.000 1.862
10095.000 1.750
10100.000 1.581
10105.000 1.457
10110.000 1.413
10115.000 1.367
10120.000 1.358
10125.000 1.358
10130.000 1.365
10135.000 1.374
10140.000 1.396
10145.000 1.416
10150.000 1.466
10155.000 1.528
10160.000 1.559
10165.000 1.649
10170.000 1.699
10175.000 1.830
10180.000 2.004
10185.000 2.116
10190.000 2.382
10195.000 2.537
10200.000 2.878
10205.000 3.113
10210.000 3.128
10215.000 2.883
10220.000 2.669
10225.000 2.190
10230.000 1.781
10235.000 1.610
10240.000 1.315
10245.000 1.193
10250.000 1.003
10255.000 0.852
10260.000 0.792
10265.000 0.692
10270.000 0.646
10275.000 0.574
10280.000 0.516
10285.000 0.491
10290.000 0.450
10295.000 0.433
10300.000 0.406
10305.000 0.393
10310.000 0.372
10315.000 0.361
10320.000 0.357
10325.000 0.354
10330.000 0.355
10335.000 0.365
10340.000 0.390
10345.000 0.403
10350.000 0.450
10355.000 0.485
10360.000 0.551
10365.000 0.630
10370.000 0.678
10375.000 0.798
10380.000 0.882
10385.000 1.099
10390.000 1.390
10395.000 1.614
10400.000 2.113
10405.000 2.422
10410.000 3.121
10415.000 3.809
10420.000 4.117
10425.000 4.508
10430.000 4.568
10435.000 4.344
10440.000 3.790
10445.000 3.466
10450.000 2.886
10455.000 2.628
10460.000 2.203
10465.000 1.876
10470.000 1.750
10475.000 1.547
10480.000 1.463
10485.000 1.335
10490.000 1.249
10495.000 1.213
10500.000 1.176
10505.000 1.163
10510.000 1.131
10515.000 1.124
10520.000 1.115
10525.000 1.098
10530.000 1.094
10535.000 1.091
10540.000 1.088
10545.000 1.094
10550.000 1.099
10555.000 1.097
10560.000 1.107
10565.000 1.126
10570.000 1.136
10575.000 1.167
10580.000 1.177
10585.000 1.212
10590.000 1.251
10595.000 1.278
10600.000 1.338
10605.000 1.370
10610.000 1.452
10615.000 1.494
10620.000 1.602
10625.000 1.700
10630.000 1.749
10635.000 1.841
10640.000 1.874
10645.000 1.928
10650.000 1.904
10655.000 1.853
10660.000 1.691
10665.000 1.569
10670.000 1.303
10675.000 1.041
10680.000 0.947
10685.000 0.773
10690.000 0.695
10695.000 0.576
10700.000 0.491
10705.000 0.453
10710.000 0.399
10715.000 0.372
10720.000 0.321
10725.000 0.273
10730.000 0.248
10735.000 0.206
10740.000 0.189
10745.000 0.161
10750.000 0.137
10755.000 0.129
10760.000 0.115
10765.000 0.113
10770.000 0.105
10775.000 0.104
10780.000 0.105
10785.000 0.111
10790.000 0.115
10795.000 0.129
10800.000 0.150
10805.000 0.162
10810.000 0.195
10815.000 0.219
10820.000 0.274
10825.000 0.363
10830.000 0.423
10835.000 0.589
10840.000 0.692
10845.000 0.942
10850.000 1.228
10855.000 1.386
10860.000 1.730
10865.000 1.915
10870.000 2.258
10875.000 2.507
10880.000 2.577
10885.000 2.582
10890.000 2.524
10895.000 2.324
10900.000 2.071
10905.000 1.954
10910.000 1.734
10915.000 1.633
10920.000 1.442
10925.000 1.282
10930.000 1.208
10935.000 1.093
10940.000 1.040
10945.000 0.960
10950.000 0.884
10955.000 0.854
10960.000 0.807
10965.000 0.784
10970.000 0.759
10975.000 0.743
10980.000 0.735
10985.000 0.741
10990.000 0.741
10995.000 0.743
11000.000 0.748
11005.000 0.754
11010.000 0.757
11015.000 0.764
11020.000 0.774
11025.000 0.808
11030.000 0.815
11035.000 0.874
11040.000 0.873
11045.000 0.905
11050.000 0.911
11055.000 0.898
11060.000 0.882
11065.000 0.862
11070.000 0.794
11075.000 0.681
11080.000 0.616
11085.000 0.490
11090.000 0.433
11095.000 0.336
11100.000 0.261
11105.000 0.228
11110.000 0.182
11115.000 0.165
11120.000 0.148
11125.000 0.144
11130.000 0.145
11135.000 0.148
11140.000 0.149
11145.000 0.161
11150.000 0.175
11155.000 0.179
11160.000 0.185
11165.000 0.193
11170.000 0.200
11175.000 0.211
11180.000 0.213
11185.000 0.234
11190.000 0.248
11195.000 0.293
11200.000 0.322
11205.000 0.400
11210.000 0.486
11215.000 0.518
11220.000 0.559
11225.000 0.560
11230.000 0.546
11235.000 0.517
11240.000 0.499
11245.000 0.471
11250.000 0.458
11255.000 0.436
11260.000 0.425
11265.000 0.420
11270.000 0.415
11275.000 0.412
11280.000 0.411
11285.000 0.406
11290.000 0.404
11295.000 0.408
11300.000 0.406
11305.000 0.399
11310.000 0.400
11315.000 0.397
11320.000 0.396
11325.000 0.395
11330.000 0.391
11335.000 0.392
11340.000 0.389
11345.000 0.391
11350.000 0.389
11355.000 0.390
11360.000 0.392
11365.000 0.388
11370.000 0.389
11375.000 0.386
11380.000 0.385
11385.000 0.384
11390.000 0.385
11395.000 0.385
11400.000 0.384
11405.000 0.386
11410.000 0.389
11415.000 0.386
11420.000 0.384
11425.000 0.382
11430.000 0.383
11435.000 0.381
11440.000 0.381
11445.000 0.381
11450.000 0.384
11455.000 0.381
11460.000 0.383
11465.000 0.381
11470.000 0.383
11475.000 0.381
11480.000 0.385
11485.000 0.384
11490.000 0.381
11495.000 0.385
11500.000 0.385
11505.000 0.380
11510.000 0.384
11515.000 0.383
11520.000 0.384
11525.000 0.384
11530.000 0.382
11535.000 0.383
11540.000 0.384
11545.000 0.383
11550.000 0.382
11555.000 0.381
11560.000 0.378
11565.000 0.378
11570.000 0.379
11575.000 0.379
11580.000 0.377
11585.000 0.379
11590.000 0.379
11595.000 0.380
11600.000 0.378
11605.000 0.378
11610.000 0.375
11615.000 0.376
11620.000 0.377
11625.000 0.377
11630.000 0.375
11635.000 0.377
11640.000 0.378
11645.000 0.382
11650.000 0.382
11655.000 0.378
11660.000 0.376
11665.000 0.381
11670.000 0.381
11675.000 0.376
11680.000 0.376
11685.000 0.376
11690.000 0.379
11695.000 0.377
11700.000 0.379
11705.000 0.378
11710.000 0.374
11715.000 0.377
11720.000 0.377
11725.000 0.379
11730.000 0.376
11735.000 0.376
11740.000 0.378
11745.000 0.376
11750.000 0.376
11755.000 0.374
11760.000 0.379
11765.000 0.377
11770.000 0.376
11775.000 0.378
11780.000 0.380
11785.000 0.377
11790.000 0.376
11795.000 0.374
11800.000 0.375
11805.000 0.373
11810.000 0.375
11815.000 0.371
11820.000 0.368
11825.000 0.369
11830.000 0.370
11835.000 0.372
11840.000 0.371
11845.000 0.368
11850.000 0.372
11855.000 0.372
11860.000 0.369
11865.000 0.370
11870.000 0.371
11875.000 0.371
11880.000 0.368
11885.000 0.371
11890.000 0.366
11895.000 0.370
11900.000 0.370
11905.000 0.372
11910.000 0.373
11915.000 0.371
11920.000 0.365
11925.000 0.370
11930.000 0.369
11935.000 0.370
11940.000 0.371
11945.000 0.369
11950.000 0.367
11955.000 0.369
11960.000 0.368
11965.000 0.363
11970.000 0.367
11975.000 0.367
11980.000 0.365
11985.000 0.366
11990.000 0.370
11995.000 0.369
12000.000 0.374
