105.000 0.024
110.000 0.076
115.000 6.805
120.000 7.513
125.000 8.826
130.000 10.050
135.000 10.520
140.000 11.462
145.000 11.899
150.000 13.150
160.000 15.098
165.000 15.509
170.000 16.345
175.000 16.880
180.000 17.902
185.000 18.547
190.000 20.103
195.000 22.300
200.000 25.195
205.000 26.496
210.000 28.505
215.000 32.743
220.000 37.985
225.000 41.210
230.000 46.709
235.000 52.744
240.000 55.603
245.000 60.212
250.000 59.035
255.000 56.273
260.000 44.339
265.000 39.373
270.000 34.023
275.000 30.146
280.000 28.695
285.000 26.180
290.000 25.332
295.000 23.593
300.000 22.291
305.000 21.813
310.000 19.810
315.000 19.333
320.000 18.858
325.000 18.780
330.000 18.829
335.000 19.165
340.000 19.417
345.000 20.305
350.000 20.797
355.000 22.134
360.000 23.650
365.000 24.549
370.000 26.744
375.000 28.086
380.000 31.428
385.000 35.515
390.000 37.721
395.000 42.145
400.000 44.330
405.000 48.746
410.000 53.288
415.000 55.644
420.000 60.362
425.000 62.749
430.000 67.428
435.000 72.228
440.000 74.776
445.000 76.942
450.000 77.392
455.000 76.659
460.000 75.170
465.000 74.294
470.000 72.744
475.000 72.175
480.000 71.540
485.000 71.150
490.000 70.424
495.000 67.152
500.000 64.291
505.000 53.142
510.000 42.991
515.000 39.639
520.000 34.536
525.000 32.340
530.000 28.418
535.000 24.884
540.000 23.253
545.000 20.278
550.000 18.967
555.000 16.653
560.000 14.753
565.000 13.917
570.000 12.499
575.000 11.880
580.000 10.817
585.000 9.942
590.000 9.556
595.000 8.888
600.000 8.596
605.000 8.097
610.000 7.678
615.000 7.506
620.000 7.228
625.000 7.119
630.000 7.006
635.000 6.990
640.000 7.032
645.000 7.197
650.000 7.350
655.000 7.809
660.000 8.168
665.000 9.170
670.000 10.839
675.000 12.053
680.000 15.643
685.000 20.652
690.000 23.608
695.000 30.165
700.000 33.131
705.000 34.464
710.000 24.336
715.000 18.921
720.000 12.387
725.000 10.397
730.000 7.691
735.000 5.942
740.000 5.302
745.000 4.328
750.000 3.938
755.000 3.330
760.000 3.091
765.000 2.685
770.000 2.384
775.000 2.256
780.000 2.042
785.000 1.887
790.000 1.820
795.000 1.717
800.000 1.667
805.000 1.596
810.000 1.531
815.000 1.506
820.000 1.452
825.000 1.429
830.000 1.403
835.000 1.391
840.000 1.376
845.000 1.383
850.000 1.391
855.000 1.417
860.000 1.452
865.000 1.487
870.000 1.572
875.000 1.633
880.000 1.750
885.000 1.943
890.000 2.076
895.000 2.402
900.000 2.616
905.000 3.263
910.000 3.705
915.000 4.886
920.000 6.214
925.000 6.395
930.000 5.053
935.000 4.158
940.000 2.930
945.000 2.223
950.000 1.979
955.000 1.616
960.000 1.480
965.000 1.269
970.000 1.108
975.000 1.048
980.000 0.944
985.000 0.903
990.000 0.846
995.000 0.785
1000.000 0.752
1005.000 0.721
1010.000 0.705
1015.000 0.677
1020.000 0.649
1025.000 0.644
1030.000 0.627
1035.000 0.622
1040.000 0.611
1045.000 0.608
1050.000 0.614
1055.000 0.622
1060.000 0.632
1065.000 0.648
1070.000 0.672
1075.000 0.690
1080.000 0.733
1085.000 0.759
1090.000 0.824
1095.000 0.914
1100.000 0.973
1105.000 1.115
1110.000 1.215
1115.000 1.469
1120.000 1.850
1125.000 2.094
1130.000 2.632
1135.000 2.817
1140.000 2.586
1145.000 1.884
1150.000 1.602
1155.000 1.235
1160.000 1.111
1165.000 0.921
1170.000 0.790
1175.000 0.742
1180.000 0.666
1185.000 0.637
1190.000 0.587
1195.000 0.555
1200.000 0.545
1205.000 0.524
1210.000 0.516
1215.000 0.504
1220.000 0.504
1225.000 0.501
1230.000 0.503
1235.000 0.510
1240.000 0.519
1245.000 0.539
1250.000 0.551
1255.000 0.564
1260.000 0.595
1265.000 0.636
1270.000 0.690
1275.000 0.723
1280.000 0.801
1285.000 0.852
1290.000 0.979
1295.000 1.146
1300.000 1.260
1305.000 1.572
1310.000 1.802
1315.000 2.531
1320.000 3.852
1325.000 4.697
1330.000 6.104
1335.000 6.362
1340.000 5.489
1345.000 3.994
1350.000 3.453
1355.000 3.016
1360.000 2.380
1365.000 1.963
1370.000 1.677
1375.000 1.563
1380.000 1.475
1385.000 1.324
1390.000 1.227
1395.000 1.179
1400.000 1.116
1405.000 1.067
1410.000 1.051
1415.000 1.032
1420.000 1.022
1425.000 1.022
1430.000 1.040
1435.000 1.059
1440.000 1.105
1445.000 1.172
1450.000 1.215
1455.000 1.271
1460.000 1.412
1465.000 1.610
1470.000 1.867
1475.000 2.015
1480.000 2.429
1485.000 2.728
1490.000 3.553
1495.000 4.768
1500.000 5.548
1505.000 6.762
1510.000 7.019
1515.000 6.185
1520.000 5.290
1525.000 3.701
1530.000 2.693
1535.000 2.345
1540.000 1.850
1545.000 1.668
1550.000 1.386
1555.000 1.280
1560.000 1.105
1565.000 0.978
1570.000 0.925
1575.000 0.842
1580.000 0.785
1585.000 0.763
1590.000 0.727
1595.000 0.713
1600.000 0.701
1605.000 0.702
1610.000 0.712
1615.000 0.749
1620.000 0.779
1625.000 0.868
1630.000 1.015
1635.000 1.133
1640.000 1.499
1645.000 1.775
1650.000 2.445
1655.000 2.828
1660.000 2.776
1665.000 2.255
1670.000 1.953
1675.000 1.511
1680.000 1.360
1685.000 1.149
1690.000 1.011
1695.000 0.965
1700.000 0.898
1705.000 0.859
1710.000 0.849
1715.000 0.851
1720.000 0.865
1725.000 0.931
1730.000 1.053
1735.000 1.152
1740.000 1.366
1745.000 1.497
1750.000 1.736
1755.000 1.673
1760.000 1.492
1765.000 1.021
1770.000 0.827
1775.000 0.562
1780.000 0.475
1785.000 0.351
1790.000 0.275
1795.000 0.250
1800.000 0.209
1805.000 0.185
1810.000 0.177
1815.000 0.166
1820.000 0.163
1825.000 0.156
1830.000 0.152
1835.000 0.150
1840.000 0.150
1845.000 0.149
1850.000 0.149
1855.000 0.149
1860.000 0.150
1865.000 0.147
1870.000 0.149
1875.000 0.150
1880.000 0.149
1885.000 0.150
1890.000 0.149
1895.000 0.150
1900.000 0.149
1905.000 0.152
1910.000 0.154
1915.000 0.154
1920.000 0.154
1925.000 0.154
1930.000 0.154
1935.000 0.153
1940.000 0.155
1945.000 0.155
1950.000 0.157
1955.000 0.155
1960.000 0.154
1965.000 0.156
1970.000 0.153
1975.000 0.161
1980.000 0.160
1985.000 0.158
1990.000 0.162
1995.000 0.156
2000.000 0.155
2005.000 0.162
2010.000 0.164
2015.000 0.160
2020.000 0.156
2025.000 0.160
2030.000 0.157
2035.000 0.163
2040.000 0.163
2045.000 0.164
2050.000 0.162
2055.000 0.165
2060.000 0.159
2065.000 0.162
2070.000 0.159
2075.000 0.159
2080.000 0.162
2085.000 0.163
2090.000 0.162
2095.000 0.162
2100.000 0.162
2105.000 0.161
2110.000 0.162
2115.000 0.163
2120.000 0.162
2125.000 0.163
2130.000 0.162
2135.000 0.163
2140.000 0.163
2145.000 0.163
2150.000 0.163
2155.000 0.164
2160.000 0.164
2165.000 0.164
2170.000 0.163
2175.000 0.164
2180.000 0.163
2185.000 0.164
2190.000 0.164
2195.000 0.163
2200.000 0.162
2205.000 0.163
2210.000 0.163
2215.000 0.164
2220.000 0.161
2225.000 0.163
2230.000 0.163
2235.000 0.163
2240.000 0.162
2245.000 0.162
2250.000 0.163
2255.000 0.163
2260.000 0.161
2265.000 0.162
2270.000 0.162
2275.000 0.163
2280.000 0.163
2285.000 0.163
2290.000 0.165
2295.000 0.164
2300.000 0.163
2305.000 0.165
2310.000 0.164
2315.000 0.165
2320.000 0.164
2325.000 0.165
2330.000 0.165
2335.000 0.165
2340.000 0.165
2345.000 0.165
2350.000 0.165
2355.000 0.165
2360.000 0.166
2365.000 0.165
2370.000 0.165
2375.000 0.167
2380.000 0.166
2385.000 0.168
2390.000 0.165
2395.000 0.166
2400.000 0.167
2405.000 0.167
2410.000 0.167
2415.000 0.168
2420.000 0.168
2425.000 0.168
2430.000 0.167
2435.000 0.169
2440.000 0.169
2445.000 0.170
2450.000 0.170
2455.000 0.169
2460.000 0.169
2465.000 0.169
2470.000 0.169
2475.000 0.171
2480.000 0.170
2485.000 0.170
2490.000 0.171
2495.000 0.172
2500.000 0.171
2505.000 0.173
2510.000 0.173
2515.000 0.173
2520.000 0.173
2525.000 0.174
2530.000 0.174
2535.000 0.174
2540.000 0.175
2545.000 0.175
2550.000 0.175
2555.000 0.175
2560.000 0.176
2565.000 0.178
2570.000 0.176
2575.000 0.179
2580.000 0.178
2585.000 0.178
2590.000 0.178
2595.000 0.178
2600.000 0.178
2605.000 0.178
2610.000 0.180
2615.000 0.180
2620.000 0.180
2625.000 0.180
2630.000 0.183
2635.000 0.181
2640.000 0.185
2645.000 0.182
2650.000 0.183
2655.000 0.184
2660.000 0.183
2665.000 0.186
2670.000 0.185
2675.000 0.184
2680.000 0.186
2685.000 0.186
2690.000 0.186
2695.000 0.187
2700.000 0.187
2705.000 0.189
2710.000 0.189
2715.000 0.188
2720.000 0.189
2725.000 0.189
2730.000 0.190
2735.000 0.190
2740.000 0.191
2745.000 0.191
2750.000 0.193
2755.000 0.194
2760.000 0.194
2765.000 0.194
2770.000 0.192
2775.000 0.194
2780.000 0.194
2785.000 0.193
2790.000 0.192
2795.000 0.194
2800.000 0.194
2805.000 0.197
2810.000 0.196
2815.000 0.195
2820.000 0.195
2825.000 0.195
2830.000 0.196
2835.000 0.195
2840.000 0.195
2845.000 0.196
2850.000 0.197
2855.000 0.197
2860.000 0.199
2865.000 0.204
2870.000 0.202
2875.000 0.200
2880.000 0.200
2885.000 0.199
2890.000 0.199
2895.000 0.200
2900.000 0.201
2905.000 0.201
2910.000 0.200
2915.000 0.201
2920.000 0.202
2925.000 0.200
2930.000 0.204
2935.000 0.203
2940.000 0.204
2945.000 0.203
2950.000 0.201
2955.000 0.204
2960.000 0.200
2965.000 0.205
2970.000 0.204
2975.000 0.207
2980.000 0.206
2985.000 0.201
2990.000 0.203
2995.000 0.202
3000.000 0.207
3005.000 0.201
3010.000 0.202
3015.000 0.202
3020.000 0.212
3025.000 0.201
3030.000 0.202
3035.000 0.212
3040.000 0.210
3045.000 0.211
3050.000 0.213
3055.000 0.206
3060.000 0.208
3065.000 0.207
3070.000 0.212
3075.000 0.210
3080.000 0.210
3085.000 0.208
3090.000 0.211
3095.000 0.212
3100.000 0.210
3105.000 0.212
3110.000 0.211
3115.000 0.214
3120.000 0.213
3125.000 0.212
3130.000 0.212
3135.000 0.212
3140.000 0.213
3145.000 0.214
3150.000 0.213
3155.000 0.212
3160.000 0.214
3165.000 0.216
3170.000 0.217
3175.000 0.217
3180.000 0.215
3185.000 0.216
3190.000 0.215
3195.000 0.216
3200.000 0.216
3205.000 0.217
3210.000 0.216
3215.000 0.217
3220.000 0.218
3225.000 0.218
3230.000 0.218
3235.000 0.215
3240.000 0.217
3245.000 0.218
3250.000 0.218
3255.000 0.218
3260.000 0.220
3265.000 0.219
3270.000 0.218
3275.000 0.219
3280.000 0.220
3285.000 0.221
3290.000 0.222
3295.000 0.225
3300.000 0.224
3305.000 0.226
3310.000 0.226
3315.000 0.227
3320.000 0.231
3325.000 0.233
3330.000 0.238
3335.000 0.245
3340.000 0.251
3345.000 0.262
3350.000 0.273
3355.000 0.301
3360.000 0.350
3365.000 0.376
3370.000 0.467
3375.000 0.540
3380.000 0.782
3385.000 1.260
3390.000 1.618
3395.000 2.682
3400.000 3.430
3405.000 5.490
3410.000 8.446
3415.000 10.197
3420.000 13.218
3425.000 13.928
3430.000 13.989
3435.000 14.054
3440.000 14.889
3445.000 16.662
3450.000 17.735
3455.000 19.101
3460.000 18.116
3465.000 16.667
3470.000 13.684
3475.000 12.566
3480.000 11.004
3485.000 10.505
3490.000 9.915
3495.000 9.782
3500.000 9.890
3505.000 10.485
3510.000 10.968
3515.000 12.374
3520.000 14.277
3525.000 15.447
3530.000 17.912
3535.000 19.430
3540.000 19.311
3545.000 16.802
3550.000 14.924
3555.000 11.355
3560.000 9.891
3565.000 7.595
3570.000 6.734
3575.000 5.459
3580.000 4.568
3585.000 4.266
3590.000 3.836
3595.000 3.576
3600.000 3.513
3605.000 3.501
3610.000 3.548
3615.000 3.756
3620.000 4.157
3625.000 4.462
3630.000 5.357
3635.000 5.984
3640.000 7.723
3645.000 9.788
3650.000 10.578
3655.000 10.514
3660.000 9.602
3665.000 7.242
3670.000 6.209
3675.000 4.693
3680.000 3.726
3685.000 3.383
3690.000 2.947
3695.000 2.800
3700.000 2.581
3705.000 2.439
3710.000 2.388
3715.000 2.329
3720.000 2.315
3725.000 2.322
3730.000 2.379
3735.000 2.427
3740.000 2.560
3745.000 2.777
3750.000 2.937
3755.000 3.420
3760.000 3.740
3765.000 4.709
3770.000 6.256
3775.000 7.271
3780.000 9.499
3785.000 10.367
3790.000 10.501
3795.000 8.405
3800.000 7.178
3805.000 5.205
3810.000 4.510
3815.000 3.513
3820.000 2.871
3825.000 2.638
3830.000 2.306
3835.000 2.199
3840.000 2.049
3845.000 1.957
3850.000 1.931
3855.000 1.883
3860.000 1.872
3865.000 1.866
3870.000 1.892
3875.000 1.916
3880.000 1.998
3885.000 2.054
3890.000 2.209
3895.000 2.482
3900.000 2.660
3905.000 3.186
3910.000 3.549
3915.000 4.454
3920.000 5.346
3925.000 5.550
3930.000 5.151
3935.000 4.607
3940.000 3.470
3945.000 2.995
3950.000 2.302
3955.000 1.877
3960.000 1.723
3965.000 1.528
3970.000 1.383
3975.000 1.318
3980.000 1.265
3985.000 1.201
3990.000 1.156
3995.000 1.147
4000.000 1.158
4005.000 1.182
4010.000 1.212
4015.000 1.310
4020.000 1.395
4025.000 1.598
4030.000 1.907
4035.000 2.123
4040.000 2.692
4045.000 3.547
4050.000 4.056
4055.000 4.547
4060.000 5.197
4065.000 4.792
4070.000 3.643
4075.000 3.117
4080.000 2.332
4085.000 2.053
4090.000 1.665
4095.000 1.398
4100.000 1.310
4105.000 1.180
4110.000 1.136
4115.000 1.055
4120.000 1.008
4125.000 0.994
4130.000 0.981
4135.000 0.975
4140.000 0.984
4145.000 1.017
4150.000 1.044
4155.000 1.127
4160.000 1.182
4165.000 1.299
4170.000 1.379
4175.000 1.378
4180.000 1.257
4185.000 1.135
4190.000 0.887
4195.000 0.782
4200.000 0.637
4205.000 0.540
4210.000 0.508
4215.000 0.470
4220.000 0.459
4225.000 0.456
4230.000 0.478
4235.000 0.497
4240.000 0.550
4245.000 0.583
4250.000 0.662
4255.000 0.712
4260.000 0.832
4265.000 0.949
4270.000 0.985
4275.000 0.920
4280.000 0.753
4285.000 0.683
4290.000 0.582
4295.000 0.542
4300.000 0.485
4305.000 0.431
4310.000 0.403
4315.000 0.349
4320.000 0.323
4325.000 0.257
4330.000 0.227
4335.000 0.182
4340.000 0.181
4345.000 0.189
4350.000 0.202
4355.000 0.216
4360.000 0.220
4365.000 0.229
4370.000 0.231
4375.000 0.237
4380.000 0.240
4385.000 0.241
4390.000 0.245
4395.000 0.246
4400.000 0.248
4405.000 0.249
4410.000 0.251
4415.000 0.251
4420.000 0.252
4425.000 0.255
4430.000 0.254
4435.000 0.255
4440.000 0.254
4445.000 0.255
4450.000 0.256
4455.000 0.257
4460.000 0.259
4465.000 0.261
4470.000 0.260
4475.000 0.259
4480.000 0.262
4485.000 0.261
4490.000 0.262
4495.000 0.264
4500.000 0.264
4505.000 0.267
4510.000 0.266
4515.000 0.266
4520.000 0.266
4525.000 0.267
4530.000 0.269
4535.000 0.269
4540.000 0.268
4545.000 0.271
4550.000 0.271
4555.000 0.273
4560.000 0.275
4565.000 0.274
4570.000 0.273
4575.000 0.276
4580.000 0.275
4585.000 0.278
4590.000 0.281
4595.000 0.280
4600.000 0.280
4605.000 0.281
4610.000 0.283
4615.000 0.282
4620.000 0.284
4625.000 0.286
4630.000 0.287
4635.000 0.289
4640.000 0.289
4645.000 0.291
4650.000 0.288
4655.000 0.294
4660.000 0.296
4665.000 0.295
4670.000 0.296
4675.000 0.296
4680.000 0.297
4685.000 0.298
4690.000 0.300
4695.000 0.300
4700.000 0.300
4705.000 0.301
4710.000 0.299
4715.000 0.300
4720.000 0.306
4725.000 0.300
4730.000 0.302
4735.000 0.303
4740.000 0.304
4745.000 0.302
4750.000 0.303
4755.000 0.302
4760.000 0.304
4765.000 0.305
4770.000 0.305
4775.000 0.305
4780.000 0.307
4785.000 0.304
4790.000 0.305
4795.000 0.303
4800.000 0.304
4805.000 0.305
4810.000 0.306
4815.000 0.307
4820.000 0.307
4825.000 0.306
4830.000 0.306
4835.000 0.305
4840.000 0.305
4845.000 0.307
4850.000 0.307
4855.000 0.307
4860.000 0.309
4865.000 0.306
4870.000 0.308
4875.000 0.306
4880.000 0.309
4885.000 0.307
4890.000 0.311
4895.000 0.308
4900.000 0.308
4905.000 0.311
4910.000 0.313
4915.000 0.315
4920.000 0.317
4925.000 0.309
4930.000 0.314
4935.000 0.312
4940.000 0.309
4945.000 0.312
4950.000 0.309
4955.000 0.309
4960.000 0.312
4965.000 0.313
4970.000 0.322
4975.000 0.312
4980.000 0.308
4985.000 0.320
4990.000 0.309
4995.000 0.323
5000.000 0.317
5005.000 0.323
5010.000 0.315
5015.000 0.324
5020.000 0.314
5025.000 0.323
5030.000 0.309
5035.000 0.319
5040.000 0.311
5045.000 0.313
5050.000 0.320
5055.000 0.312
5060.000 0.315
5065.000 0.315
5070.000 0.311
5075.000 0.313
5080.000 0.316
5085.000 0.316
5090.000 0.314
5095.000 0.315
5100.000 0.318
5105.000 0.316
5110.000 0.314
5115.000 0.315
5120.000 0.318
5125.000 0.315
5130.000 0.317
5135.000 0.315
5140.000 0.315
5145.000 0.318
5150.000 0.318
5155.000 0.313
5160.000 0.315
5165.000 0.318
5170.000 0.316
5175.000 0.317
5180.000 0.315
5185.000 0.314
5190.000 0.318
5195.000 0.319
5200.000 0.319
5205.000 0.315
5210.000 0.317
5215.000 0.318
5220.000 0.320
5225.000 0.320
5230.000 0.318
5235.000 0.320
5240.000 0.320
5245.000 0.319
5250.000 0.318
5255.000 0.317
5260.000 0.321
5265.000 0.323
5270.000 0.327
5275.000 0.323
5280.000 0.325
5285.000 0.322
5290.000 0.323
5295.000 0.325
5300.000 0.323
5305.000 0.333
5310.000 0.336
5315.000 0.345
5320.000 0.345
5325.000 0.340
5330.000 0.339
5335.000 0.340
5340.000 0.335
5345.000 0.334
5350.000 0.333
5355.000 0.332
5360.000 0.336
5365.000 0.332
5370.000 0.333
5375.000 0.331
5380.000 0.326
5385.000 0.332
5390.000 0.331
5395.000 0.331
5400.000 0.333
5405.000 0.332
5410.000 0.330
5415.000 0.332
5420.000 0.330
5425.000 0.330
5430.000 0.334
5435.000 0.335
5440.000 0.336
5445.000 0.333
5450.000 0.337
5455.000 0.336
5460.000 0.334
5465.000 0.334
5470.000 0.332
5475.000 0.335
5480.000 0.334
5485.000 0.335
5490.000 0.337
5495.000 0.334
5500.000 0.337
5505.000 0.335
5510.000 0.337
5515.000 0.339
5520.000 0.340
5525.000 0.337
5530.000 0.342
5535.000 0.342
5540.000 0.339
5545.000 0.336
5550.000 0.338
5555.000 0.337
5560.000 0.338
5565.000 0.337
5570.000 0.338
5575.000 0.341
5580.000 0.340
5585.000 0.342
5590.000 0.338
5595.000 0.342
5600.000 0.341
5605.000 0.342
5610.000 0.340
5615.000 0.343
5620.000 0.339
5625.000 0.337
5630.000 0.337
5635.000 0.340
5640.000 0.342
5645.000 0.340
5650.000 0.340
5655.000 0.339
5660.000 0.339
5665.000 0.343
5670.000 0.343
5675.000 0.343
5680.000 0.340
5685.000 0.343
5690.000 0.345
5695.000 0.345
5700.000 0.349
5705.000 0.346
5710.000 0.344
5715.000 0.345
5720.000 0.342
5725.000 0.346
5730.000 0.346
5735.000 0.344
5740.000 0.347
5745.000 0.350
5750.000 0.347
5755.000 0.347
5760.000 0.346
5765.000 0.347
5770.000 0.348
5775.000 0.348
5780.000 0.346
5785.000 0.350
5790.000 0.350
5795.000 0.348
5800.000 0.352
5805.000 0.350
5810.000 0.350
5815.000 0.350
5820.000 0.353
5825.000 0.353
5830.000 0.352
5835.000 0.354
5840.000 0.355
5845.000 0.358
5850.000 0.354
5855.000 0.359
5860.000 0.362
5865.000 0.361
5870.000 0.359
5875.000 0.357
5880.000 0.364
5885.000 0.359
5890.000 0.359
5895.000 0.361
5900.000 0.361
5905.000 0.361
5910.000 0.356
5915.000 0.355
5920.000 0.360
5925.000 0.362
5930.000 0.358
5935.000 0.361
5940.000 0.359
5945.000 0.365
5950.000 0.364
5955.000 0.359
5960.000 0.364
5965.000 0.364
5970.000 0.370
5975.000 0.370
5980.000 0.372
5985.000 0.373
5990.000 0.359
5995.000 0.363
6000.000 0.376
6005.000 0.359
6010.000 0.363
6015.000 0.359
6020.000 0.378
6025.000 0.369
6030.000 0.367
6035.000 0.378
6040.000 0.370
6045.000 0.370
6050.000 0.375
6055.000 0.369
6060.000 0.369
6065.000 0.372
6070.000 0.371
6075.000 0.368
6080.000 0.377
6085.000 0.369
6090.000 0.370
6095.000 0.372
6100.000 0.376
6105.000 0.373
6110.000 0.374
6115.000 0.374
6120.000 0.374
6125.000 0.375
6130.000 0.372
6135.000 0.377
6140.000 0.374
6145.000 0.377
6150.000 0.372
6155.000 0.375
6160.000 0.377
6165.000 0.377
6170.000 0.378
6175.000 0.377
6180.000 0.375
6185.000 0.376
6190.000 0.377
6195.000 0.376
6200.000 0.377
6205.000 0.375
6210.000 0.378
6215.000 0.378
6220.000 0.379
6225.000 0.378
6230.000 0.379
6235.000 0.377
6240.000 0.380
6245.000 0.381
6250.000 0.378
6255.000 0.381
6260.000 0.381
6265.000 0.381
6270.000 0.383
6275.000 0.382
6280.000 0.380
6285.000 0.382
6290.000 0.383
6295.000 0.381
6300.000 0.382
6305.000 0.382
6310.000 0.380
6315.000 0.408
6320.000 0.405
6325.000 0.394
6330.000 0.387
6335.000 0.388
6340.000 0.387
6345.000 0.387
6350.000 0.383
6355.000 0.385
6360.000 0.389
6365.000 0.390
6370.000 0.386
6375.000 0.388
6380.000 0.386
6385.000 0.384
6390.000 0.385
6395.000 0.388
6400.000 0.388
6405.000 0.389
6410.000 0.392
6415.000 0.388
6420.000 0.388
6425.000 0.386
6430.000 0.387
6435.000 0.385
6440.000 0.391
6445.000 0.391
6450.000 0.392
6455.000 0.389
6460.000 0.390
6465.000 0.392
6470.000 0.392
6475.000 0.390
6480.000 0.391
6485.000 0.394
6490.000 0.394
6495.000 0.392
6500.000 0.389
6505.000 0.389
6510.000 0.394
6515.000 0.393
6520.000 0.395
6525.000 0.398
6530.000 0.393
6535.000 0.395
6540.000 0.396
6545.000 0.393
6550.000 0.391
6555.000 0.395
6560.000 0.393
6565.000 0.395
6570.000 0.395
6575.000 0.393
6580.000 0.394
6585.000 0.395
6590.000 0.391
6595.000 0.393
6600.000 0.390
6605.000 0.394
6610.000 0.395
6615.000 0.396
6620.000 0.394
6625.000 0.395
6630.000 0.398
6635.000 0.397
6640.000 0.393
6645.000 0.395
6650.000 0.392
6655.000 0.393
6660.000 0.393
6665.000 0.394
6670.000 0.394
6675.000 0.391
6680.000 0.394
6685.000 0.394
6690.000 0.396
6695.000 0.400
6700.000 0.395
6705.000 0.396
6710.000 0.397
6715.000 0.401
6720.000 0.403
6725.000 0.401
6730.000 0.407
6735.000 0.410
6740.000 0.411
6745.000 0.422
6750.000 0.426
6755.000 0.434
6760.000 0.453
6765.000 0.477
6770.000 0.513
6775.000 0.543
6780.000 0.639
6785.000 0.716
6790.000 0.979
6795.000 1.530
6800.000 1.977
6805.000 3.257
6810.000 4.021
6815.000 5.525
6820.000 6.941
6825.000 7.639
6830.000 9.103
6835.000 9.911
6840.000 11.153
6845.000 11.348
6850.000 11.209
6855.000 11.029
6860.000 11.130
6865.000 11.772
6870.000 12.226
6875.000 13.484
6880.000 14.747
6885.000 15.206
6890.000 15.027
6895.000 14.277
6900.000 12.019
6905.000 9.867
6910.000 9.022
6915.000 7.764
6920.000 7.306
6925.000 6.747
6930.000 6.624
6935.000 6.761
6940.000 7.308
6945.000 7.764
6950.000 8.835
6955.000 9.442
6960.000 9.423
6965.000 8.318
6970.000 7.528
6975.000 6.074
6980.000 5.492
6985.000 4.629
6990.000 4.102
6995.000 3.920
7000.000 3.713
7005.000 3.684
7010.000 3.723
7015.000 3.940
7020.000 4.118
7025.000 4.656
7030.000 5.379
7035.000 5.796
7040.000 6.356
7045.000 6.381
7050.000 5.835
7055.000 4.845
7060.000 4.377
7065.000 3.646
7070.000 3.377
7075.000 2.973
7080.000 2.683
7085.000 2.577
7090.000 2.472
7095.000 2.431
7100.000 2.411
7105.000 2.477
7110.000 2.535
7115.000 2.733
7120.000 2.876
7125.000 3.288
7130.000 3.794
7135.000 4.010
7140.000 4.218
7145.000 4.118
7150.000 3.526
7155.000 2.965
7160.000 2.765
7165.000 2.460
7170.000 2.361
7175.000 2.206
7180.000 2.154
7185.000 2.114
7190.000 2.117
7195.000 2.151
7200.000 2.255
7205.000 2.428
7210.000 2.539
7215.000 2.826
7220.000 2.993
7225.000 3.289
7230.000 3.350
7235.000 3.239
7240.000 3.045
7245.000 2.571
7250.000 2.140
7255.000 1.796
7260.000 1.660
7265.000 1.453
7270.000 1.375
7275.000 1.252
7280.000 1.217
7285.000 1.166
7290.000 1.150
7295.000 1.153
7300.000 1.196
7305.000 1.267
7310.000 1.302
7315.000 1.368
7320.000 1.372
7325.000 1.288
7330.000 1.179
7335.000 1.138
7340.000 1.107
7345.000 1.079
7350.000 1.078
7355.000 1.126
7360.000 1.160
7365.000 1.242
7370.000 1.262
7375.000 1.220
7380.000 1.114
7385.000 1.033
7390.000 0.941
7395.000 0.729
7400.000 0.551
7405.000 0.413
7410.000 0.353
7415.000 0.253
7420.000 0.213
7425.000 0.194
7430.000 0.237
7435.000 0.257
7440.000 0.285
7445.000 0.293
7450.000 0.305
7455.000 0.309
7460.000 0.312
7465.000 0.315
7470.000 0.313
7475.000 0.312
7480.000 0.311
7485.000 0.313
7490.000 0.313
7495.000 0.313
7500.000 0.313
7505.000 0.313
7510.000 0.312
7515.000 0.313
7520.000 0.312
7525.000 0.313
7530.000 0.313
7535.000 0.313
7540.000 0.315
7545.000 0.314
7550.000 0.314
7555.000 0.316
7560.000 0.314
7565.000 0.316
7570.000 0.316
7575.000 0.314
7580.000 0.315
7585.000 0.314
7590.000 0.312
7595.000 0.314
7600.000 0.317
7605.000 0.316
7610.000 0.317
7615.000 0.315
7620.000 0.315
7625.000 0.318
7630.000 0.320
7635.000 0.316
7640.000 0.316
7645.000 0.316
7650.000 0.315
7655.000 0.315
7660.000 0.317
7665.000 0.317
7670.000 0.317
7675.000 0.318
7680.000 0.319
7685.000 0.325
7690.000 0.322
7695.000 0.320
7700.000 0.319
7705.000 0.320
7710.000 0.317
7715.000 0.316
7720.000 0.318
7725.000 0.318
7730.000 0.319
7735.000 0.322
7740.000 0.322
7745.000 0.323
7750.000 0.321
7755.000 0.321
7760.000 0.320
7765.000 0.321
7770.000 0.320
7775.000 0.320
7780.000 0.319
7785.000 0.320
7790.000 0.322
7795.000 0.322
7800.000 0.322
7805.000 0.322
7810.000 0.321
7815.000 0.323
7820.000 0.324
7825.000 0.321
7830.000 0.322
7835.000 0.322
7840.000 0.323
7845.000 0.324
7850.000 0.323
7855.000 0.322
7860.000 0.321
7865.000 0.320
7870.000 0.322
7875.000 0.321
7880.000 0.321
7885.000 0.321
7890.000 0.322
7895.000 0.320
7900.000 0.323
7905.000 0.323
7910.000 0.322
7915.000 0.323
7920.000 0.322
7925.000 0.322
7930.000 0.321
7935.000 0.322
7940.000 0.325
7945.000 0.326
7950.000 0.327
7955.000 0.324
7960.000 0.329
7965.000 0.328
7970.000 0.332
7975.000 0.325
7980.000 0.326
7985.000 0.330
7990.000 0.325
7995.000 0.336
8000.000 0.331
8005.000 0.333
8010.000 0.332
8015.000 0.340
8020.000 0.334
8025.000 0.336
8030.000 0.332
8035.000 0.340
8040.000 0.339
8045.000 0.337
8050.000 0.334
8055.000 0.332
8060.000 0.333
8065.000 0.332
8070.000 0.335
8075.000 0.334
8080.000 0.334
8085.000 0.332
8090.000 0.335
8095.000 0.337
8100.000 0.335
8105.000 0.336
8110.000 0.336
8115.000 0.335
8120.000 0.337
8125.000 0.340
8130.000 0.340
8135.000 0.341
8140.000 0.342
8145.000 0.342
8150.000 0.341
8155.000 0.343
8160.000 0.342
8165.000 0.343
8170.000 0.344
8175.000 0.346
8180.000 0.346
8185.000 0.345
8190.000 0.346
8195.000 0.347
8200.000 0.350
8205.000 0.347
8210.000 0.350
8215.000 0.347
8220.000 0.349
8225.000 0.350
8230.000 0.352
8235.000 0.351
8240.000 0.353
8245.000 0.353
8250.000 0.359
8255.000 0.359
8260.000 0.361
8265.000 0.361
8270.000 0.362
8275.000 0.365
8280.000 0.367
8285.000 0.365
8290.000 0.364
8295.000 0.364
8300.000 0.364
8305.000 0.366
8310.000 0.359
8315.000 0.364
8320.000 0.365
8325.000 0.366
8330.000 0.366
8335.000 0.368
8340.000 0.368
8345.000 0.368
8350.000 0.371
8355.000 0.371
8360.000 0.374
8365.000 0.374
8370.000 0.376
8375.000 0.374
8380.000 0.374
8385.000 0.377
8390.000 0.376
8395.000 0.377
8400.000 0.376
8405.000 0.378
8410.000 0.378
8415.000 0.378
8420.000 0.382
8425.000 0.380
8430.000 0.381
8435.000 0.384
8440.000 0.382
8445.000 0.384
8450.000 0.386
8455.000 0.386
8460.000 0.384
8465.000 0.385
8470.000 0.386
8475.000 0.385
8480.000 0.387
8485.000 0.387
8490.000 0.386
8495.000 0.387
8500.000 0.387
8505.000 0.384
8510.000 0.385
8515.000 0.390
8520.000 0.391
8525.000 0.386
8530.000 0.391
8535.000 0.388
8540.000 0.387
8545.000 0.388
8550.000 0.387
8555.000 0.386
8560.000 0.387
8565.000 0.388
8570.000 0.384
8575.000 0.385
8580.000 0.385
8585.000 0.385
8590.000 0.385
8595.000 0.388
8600.000 0.388
8605.000 0.386
8610.000 0.386
8615.000 0.388
8620.000 0.384
8625.000 0.390
8630.000 0.390
8635.000 0.389
8640.000 0.391
8645.000 0.392
8650.000 0.391
8655.000 0.390
8660.000 0.392
8665.000 0.395
8670.000 0.389
8675.000 0.389
8680.000 0.391
8685.000 0.393
8690.000 0.394
8695.000 0.394
8700.000 0.392
8705.000 0.392
8710.000 0.389
8715.000 0.391
8720.000 0.391
8725.000 0.396
8730.000 0.393
8735.000 0.392
8740.000 0.394
8745.000 0.398
8750.000 0.396
8755.000 0.396
8760.000 0.394
8765.000 0.389
8770.000 0.394
8775.000 0.393
8780.000 0.392
8785.000 0.392
8790.000 0.394
8795.000 0.396
8800.000 0.396
8805.000 0.399
8810.000 0.401
8815.000 0.396
8820.000 0.389
8825.000 0.395
8830.000 0.397
8835.000 0.416
8840.000 0.395
8845.000 0.402
8850.000 0.401
8855.000 0.397
8860.000 0.396
8865.000 0.393
8870.000 0.393
8875.000 0.393
8880.000 0.393
8885.000 0.397
8890.000 0.394
8895.000 0.393
8900.000 0.394
8905.000 0.394
8910.000 0.398
8915.000 0.398
8920.000 0.396
8925.000 0.399
8930.000 0.397
8935.000 0.399
8940.000 0.398
8945.000 0.399
8950.000 0.399
8955.000 0.394
8960.000 0.392
8965.000 0.397
8970.000 0.398
8975.000 0.397
8980.000 0.400
8985.000 0.391
8990.000 0.394
8995.000 0.396
9000.000 0.403
9005.000 0.400
9010.000 0.395
9015.000 0.402
9020.000 0.408
9025.000 0.398
9030.000 0.403
9035.000 0.406
9040.000 0.406
9045.000 0.406
9050.000 0.402
9055.000 0.403
9060.000 0.403
9065.000 0.397
9070.000 0.398
9075.000 0.401
9080.000 0.399
9085.000 0.398
9090.000 0.396
9095.000 0.397
9100.000 0.397
9105.000 0.399
9110.000 0.398
9115.000 0.398
9120.000 0.397
9125.000 0.396
9130.000 0.396
9135.000 0.395
9140.000 0.397
9145.000 0.397
9150.000 0.398
9155.000 0.400
9160.000 0.399
9165.000 0.399
9170.000 0.400
9175.000 0.402
9180.000 0.398
9185.000 0.399
9190.000 0.401
9195.000 0.398
9200.000 0.398
9205.000 0.400
9210.000 0.400
9215.000 0.399
9220.000 0.403
9225.000 0.401
9230.000 0.405
9235.000 0.401
9240.000 0.400
9245.000 0.399
9250.000 0.395
9255.000 0.400
9260.000 0.404
9265.000 0.401
9270.000 0.401
9275.000 0.401
9280.000 0.400
9285.000 0.400
9290.000 0.403
9295.000 0.401
9300.000 0.400
9305.000 0.399
9310.000 0.401
9315.000 0.403
9320.000 0.402
9325.000 0.400
9330.000 0.398
9335.000 0.403
9340.000 0.401
9345.000 0.402
9350.000 0.400
9355.000 0.403
9360.000 0.401
9365.000 0.404
9370.000 0.402
9375.000 0.399
9380.000 0.405
9385.000 0.404
9390.000 0.402
9395.000 0.401
9400.000 0.400
9405.000 0.401
9410.000 0.400
9415.000 0.401
9420.000 0.398
9425.000 0.401
9430.000 0.404
9435.000 0.404
9440.000 0.404
9445.000 0.402
9450.000 0.401
9455.000 0.402
9460.000 0.402
9465.000 0.405
9470.000 0.402
9475.000 0.403
9480.000 0.402
9485.000 0.401
9490.000 0.401
9495.000 0.400
9500.000 0.404
9505.000 0.401
9510.000 0.399
9515.000 0.400
9520.000 0.401
9525.000 0.407
9530.000 0.405
9535.000 0.401
9540.000 0.405
9545.000 0.403
9550.000 0.403
9555.000 0.404
9560.000 0.406
9565.000 0.402
9570.000 0.402
9575.000 0.402
9580.000 0.401
9585.000 0.402
9590.000 0.401
9595.000 0.404
9600.000 0.403
9605.000 0.403
9610.000 0.403
9615.000 0.408
9620.000 0.404
9625.000 0.404
9630.000 0.407
9635.000 0.407
9640.000 0.403
9645.000 0.401
9650.000 0.399
9655.000 0.401
9660.000 0.397
9665.000 0.400
9670.000 0.401
9675.000 0.399
9680.000 0.402
9685.000 0.400
9690.000 0.399
9695.000 0.398
9700.000 0.402
9705.000 0.400
9710.000 0.401
9715.000 0.401
9720.000 0.400
9725.000 0.403
9730.000 0.401
9735.000 0.401
9740.000 0.403
9745.000 0.403
9750.000 0.398
9755.000 0.400
9760.000 0.403
9765.000 0.402
9770.000 0.401
9775.000 0.402
9780.000 0.404
9785.000 0.404
9790.000 0.405
9795.000 0.404
9800.000 0.403
9805.000 0.407
9810.000 0.405
9815.000 0.410
9820.000 0.412
9825.000 0.407
9830.000 0.405
9835.000 0.403
9840.000 0.402
9845.000 0.400
9850.000 0.401
9855.000 0.400
9860.000 0.399
9865.000 0.400
9870.000 0.400
9875.000 0.403
9880.000 0.402
9885.000 0.400
9890.000 0.401
9895.000 0.402
9900.000 0.403
9905.000 0.402
9910.000 0.401
9915.000 0.398
9920.000 0.400
9925.000 0.402
9930.000 0.400
9935.000 0.401
9940.000 0.401
9945.000 0.403
9950.000 0.399
9955.000 0.398
9960.000 0.401
9965.000 0.399
9970.000 0.401
9975.000 0.396
9980.000 0.401
9985.000 0.398
9990.000 0.403
9995.000 0.402
10000.000 0.403
10005.000 0.398
10010.000 0.402
10015.000 0.398
10020.000 0.399
10025.000 0.397
10030.000 0.398
10035.000 0.402
10040.000 0.407
10045.000 0.408
10050.000 0.406
10055.000 0.408
10060.000 0.401
10065.000 0.408
10070.000 0.408
10075.000 0.406
10080.000 0.407
10085.000 0.406
10090.000 0.407
10095.000 0.405
10100.000 0.405
10105.000 0.404
10110.000 0.403
10115.000 0.407
10120.000 0.412
10125.000 0.409
10130.000 0.409
10135.000 0.411
10140.000 0.410
10145.000 0.409
10150.000 0.407
10155.000 0.396
10160.000 0.369
10165.000 0.298
10170.000 0.237
10175.000 0.077
10180.000 0.117
10185.000 0.751
10190.000 1.622
10195.000 2.005
10200.000 2.694
10205.000 2.964
10210.000 3.313
10215.000 3.407
10220.000 3.537
10225.000 3.669
10230.000 3.734
10235.000 3.846
10240.000 3.872
10245.000 3.752
10250.000 3.407
10255.000 3.174
10260.000 2.725
10265.000 2.549
10270.000 2.305
10275.000 2.257
10280.000 2.305
10285.000 2.567
10290.000 3.029
10295.000 3.295
10300.000 3.782
10305.000 3.954
10310.000 4.095
10315.000 3.928
10320.000 3.785
10325.000 3.583
10330.000 3.433
10335.000 3.168
10340.000 2.966
10345.000 2.892
10350.000 2.811
10355.000 2.794
10360.000 2.797
10365.000 2.781
10370.000 2.739
10375.000 2.542
10380.000 2.377
10385.000 1.964
10390.000 1.574
10395.000 1.380
10400.000 1.124
10405.000 1.026
10410.000 0.895
10415.000 0.858
10420.000 0.819
10425.000 0.841
10430.000 0.876
10435.000 0.995
10440.000 1.081
10445.000 1.370
10450.000 1.751
10455.000 1.940
10460.000 2.173
10465.000 2.134
10470.000 2.046
10475.000 1.827
10480.000 1.729
10485.000 1.564
10490.000 1.446
10495.000 1.412
10500.000 1.392
10505.000 1.383
10510.000 1.405
10515.000 1.436
10520.000 1.448
10525.000 1.441
10530.000 1.424
10535.000 1.324
10540.000 1.241
10545.000 1.020
10550.000 0.903
10555.000 0.682
10560.000 0.509
10565.000 0.386
10570.000 0.339
10575.000 0.284
10580.000 0.278
10585.000 0.321
10590.000 0.454
10595.000 0.571
10600.000 0.880
10605.000 1.037
10610.000 1.302
10615.000 1.430
10620.000 1.440
10625.000 1.427
10630.000 1.346
10635.000 1.233
10640.000 1.175
10645.000 1.050
10650.000 0.988
10655.000 0.862
10660.000 0.720
10665.000 0.573
10670.000 0.489
10675.000 0.362
10680.000 0.309
10685.000 0.270
10690.000 0.277
10695.000 0.291
10700.000 0.335
10705.000 0.359
10710.000 0.401
10715.000 0.409
10720.000 0.413
10725.000 0.407
10730.000 0.409
10735.000 0.405
10740.000 0.404
10745.000 0.402
10750.000 0.396
10755.000 0.401
10760.000 0.399
10765.000 0.398
10770.000 0.399
10775.000 0.400
10780.000 0.402
10785.000 0.399
10790.000 0.400
10795.000 0.401
10800.000 0.396
10805.000 0.395
10810.000 0.399
10815.000 0.399
10820.000 0.397
10825.000 0.397
10830.000 0.396
10835.000 0.395
10840.000 0.395
10845.000 0.395
10850.000 0.403
10855.000 0.399
10860.000 0.397
10865.000 0.395
10870.000 0.393
10875.000 0.396
10880.000 0.396
10885.000 0.397
10890.000 0.398
10895.000 0.395
10900.000 0.399
10905.000 0.398
10910.000 0.401
10915.000 0.398
10920.000 0.397
10925.000 0.401
10930.000 0.401
10935.000 0.398
10940.000 0.397
10945.000 0.398
10950.000 0.399
10955.000 0.394
10960.000 0.396
10965.000 0.394
10970.000 0.398
10975.000 0.395
10980.000 0.394
10985.000 0.400
10990.000 0.396
10995.000 0.398
11000.000 0.396
11005.000 0.398
11010.000 0.400
11015.000 0.399
11020.000 0.394
11025.000 0.406
11030.000 0.404
11035.000 0.412
11040.000 0.407
11045.000 0.401
11050.000 0.402
11055.000 0.401
11060.000 0.397
11065.000 0.397
11070.000 0.395
11075.000 0.393
11080.000 0.391
11085.000 0.394
11090.000 0.393
11095.000 0.392
11100.000 0.393
11105.000 0.393
11110.000 0.389
11115.000 0.391
11120.000 0.397
11125.000 0.393
11130.000 0.391
11135.000 0.392
11140.000 0.390
11145.000 0.389
11150.000 0.391
11155.000 0.389
11160.000 0.388
11165.000 0.386
11170.000 0.391
11175.000 0.391
11180.000 0.391
11185.000 0.391
11190.000 0.391
11195.000 0.391
11200.000 0.390
11205.000 0.390
11210.000 0.391
11215.000 0.392
11220.000 0.390
11225.000 0.390
11230.000 0.391
11235.000 0.392
11240.000 0.393
11245.000 0.393
11250.000 0.388
11255.000 0.389
11260.000 0.390
11265.000 0.390
11270.000 0.388
11275.000 0.390
11280.000 0.389
11285.000 0.390
11290.000 0.388
11295.000 0.388
11300.000 0.389
11305.000 0.389
11310.000 0.389
11315.000 0.388
11320.000 0.386
11325.000 0.386
11330.000 0.388
11335.000 0.392
11340.000 0.387
11345.000 0.385
11350.000 0.385
11355.000 0.385
11360.000 0.386
11365.000 0.388
11370.000 0.387
11375.000 0.387
11380.000 0.389
11385.000 0.392
11390.000 0.391
11395.000 0.387
11400.000 0.388
11405.000 0.390
11410.000 0.389
11415.000 0.387
11420.000 0.386
11425.000 0.386
11430.000 0.388
11435.000 0.388
11440.000 0.387
11445.000 0.387
11450.000 0.386
11455.000 0.385
11460.000 0.382
11465.000 0.388
11470.000 0.384
11475.000 0.382
11480.000 0.387
11485.000 0.384
11490.000 0.387
11495.000 0.384
11500.000 0.384
11505.000 0.387
11510.000 0.386
11515.000 0.385
11520.000 0.387
11525.000 0.385
11530.000 0.387
11535.000 0.387
11540.000 0.385
11545.000 0.387
11550.000 0.384
11555.000 0.382
11560.000 0.385
11565.000 0.386
11570.000 0.385
11575.000 0.384
11580.000 0.384
11585.000 0.380
11590.000 0.384
11595.000 0.382
11600.000 0.383
11605.000 0.382
11610.000 0.383
11615.000 0.383
11620.000 0.383
11625.000 0.383
11630.000 0.382
11635.000 0.382
11640.000 0.385
11645.000 0.384
11650.000 0.384
11655.000 0.384
11660.000 0.385
11665.000 0.380
11670.000 0.379
11675.000 0.381
11680.000 0.383
11685.000 0.387
11690.000 0.387
11695.000 0.384
11700.000 0.384
11705.000 0.384
11710.000 0.382
11715.000 0.383
11720.000 0.384
11725.000 0.387
11730.000 0.390
11735.000 0.387
11740.000 0.387
11745.000 0.383
11750.000 0.382
11755.000 0.386
11760.000 0.381
11765.000 0.379
11770.000 0.380
11775.000 0.378
11780.000 0.378
11785.000 0.380
11790.000 0.379
11795.000 0.376
11800.000 0.379
11805.000 0.376
11810.000 0.379
11815.000 0.379
11820.000 0.378
11825.000 0.374
11830.000 0.379
11835.000 0.377
11840.000 0.377
11845.000 0.373
11850.000 0.376
11855.000 0.377
11860.000 0.373
11865.000 0.372
11870.000 0.375
11875.000 0.376
11880.000 0.373
11885.000 0.373
11890.000 0.375
11895.000 0.376
11900.000 0.375
11905.000 0.374
11910.000 0.374
11915.000 0.372
11920.000 0.375
11925.000 0.371
11930.000 0.372
11935.000 0.373
11940.000 0.372
11945.000 0.374
11950.000 0.376
11955.000 0.372
11960.000 0.377
11965.000 0.373
11970.000 0.370
11975.000 0.373
11980.000 0.372
11985.000 0.373
11990.000 0.378
11995.000 0.381
12000.000 0.376
