105.000 0.024
110.000 0.032
115.000 4.122
120.000 4.518
125.000 5.248
130.000 5.688
135.000 5.858
140.000 6.204
145.000 6.301
150.000 6.640
155.000 6.942
160.000 6.958
165.000 7.213
170.000 7.314
175.000 7.647
180.000 8.031
185.000 8.459
190.000 9.285
195.000 9.647
200.000 11.641
205.000 13.811
210.000 15.059
215.000 17.306
220.000 18.301
225.000 20.539
230.000 22.082
235.000 23.122
240.000 24.765
245.000 25.726
250.000 29.209
255.000 34.608
260.000 38.216
265.000 46.351
270.000 50.680
275.000 57.236
280.000 60.062
285.000 58.767
290.000 49.060
295.000 44.086
300.000 37.059
305.000 32.904
310.000 31.378
315.000 28.888
320.000 28.266
325.000 25.898
330.000 23.234
335.000 22.421
340.000 21.595
345.000 21.425
350.000 21.457
355.000 21.866
360.000 22.247
365.000 23.252
370.000 23.769
375.000 25.223
380.000 26.984
385.000 27.822
390.000 29.653
395.000 30.670
400.000 32.822
405.000 35.049
410.000 36.212
415.000 38.762
420.000 39.868
425.000 42.019
430.000 42.975
435.000 44.809
440.000 46.326
445.000 47.042
450.000 48.102
455.000 48.511
460.000 49.151
465.000 49.653
470.000 49.941
475.000 50.372
480.000 50.637
485.000 51.320
490.000 52.415
495.000 53.102
500.000 55.008
505.000 56.263
510.000 59.388
515.000 63.592
520.000 66.085
525.000 71.441
530.000 72.665
535.000 71.675
540.000 69.545
545.000 69.169
550.000 66.515
555.000 61.051
560.000 43.446
565.000 33.736
570.000 30.325
575.000 24.786
580.000 22.478
585.000 18.616
590.000 15.412
595.000 14.061
600.000 11.773
605.000 10.823
610.000 9.198
615.000 7.902
620.000 7.375
625.000 6.453
630.000 6.049
635.000 5.385
640.000 4.844
645.000 4.615
650.000 4.241
655.000 4.074
660.000 3.790
665.000 3.553
670.000 3.453
675.000 3.277
680.000 3.208
685.000 3.087
690.000 3.030
695.000 2.991
700.000 2.937
705.000 2.918
710.000 2.905
715.000 2.914
720.000 2.930
725.000 2.983
730.000 3.034
735.000 3.158
740.000 3.314
745.000 3.405
750.000 3.654
755.000 3.816
760.000 4.236
765.000 4.867
770.000 5.321
775.000 6.762
780.000 7.862
785.000 11.587
790.000 17.689
795.000 20.897
800.000 24.107
805.000 22.928
810.000 15.350
815.000 9.795
820.000 8.024
825.000 5.662
830.000 4.853
835.000 3.696
840.000 2.921
845.000 2.622
850.000 2.164
855.000 1.986
860.000 1.704
865.000 1.479
870.000 1.382
875.000 1.227
880.000 1.158
885.000 1.043
890.000 0.947
895.000 0.906
900.000 0.838
905.000 0.810
910.000 0.755
915.000 0.707
920.000 0.690
925.000 0.652
930.000 0.636
935.000 0.610
940.000 0.589
945.000 0.577
950.000 0.566
955.000 0.561
960.000 0.551
965.000 0.542
970.000 0.547
975.000 0.556
980.000 0.560
985.000 0.577
990.000 0.595
995.000 0.617
1000.000 0.650
1005.000 0.678
1010.000 0.750
1015.000 0.790
1020.000 0.894
1025.000 1.059
1030.000 1.158
1035.000 1.441
1040.000 1.629
1045.000 2.163
1050.000 2.907
1055.000 3.236
1060.000 3.291
1065.000 2.946
1070.000 2.140
1075.000 1.652
1080.000 1.481
1085.000 1.235
1090.000 1.145
1095.000 1.004
1100.000 0.902
1105.000 0.861
1110.000 0.800
1115.000 0.775
1120.000 0.730
1125.000 0.698
1130.000 0.686
1135.000 0.664
1140.000 0.657
1145.000 0.638
1150.000 0.634
1155.000 0.633
1160.000 0.628
1165.000 0.627
1170.000 0.626
1175.000 0.634
1180.000 0.637
1185.000 0.652
1190.000 0.657
1195.000 0.674
1200.000 0.695
1205.000 0.713
1210.000 0.737
1215.000 0.754
1220.000 0.794
1225.000 0.842
1230.000 0.872
1235.000 0.953
1240.000 0.989
1245.000 1.097
1250.000 1.236
1255.000 1.328
1260.000 1.569
1265.000 1.724
1270.000 2.091
1275.000 2.627
1280.000 2.981
1285.000 3.967
1290.000 4.643
1295.000 6.364
1300.000 8.443
1305.000 9.420
1310.000 9.255
1315.000 8.108
1320.000 5.653
1325.000 4.085
1330.000 3.545
1335.000 2.755
1340.000 2.473
1345.000 2.052
1350.000 1.760
1355.000 1.641
1360.000 1.473
1365.000 1.404
1370.000 1.307
1375.000 1.240
1380.000 1.206
1385.000 1.157
1390.000 1.137
1395.000 1.105
1400.000 1.087
1405.000 1.075
1410.000 1.064
1415.000 1.064
1420.000 1.064
1425.000 1.072
1430.000 1.078
1435.000 1.097
1440.000 1.112
1445.000 1.146
1450.000 1.185
1455.000 1.212
1460.000 1.270
1465.000 1.300
1470.000 1.384
1475.000 1.482
1480.000 1.542
1485.000 1.688
1490.000 1.784
1495.000 2.012
1500.000 2.324
1505.000 2.535
1510.000 3.084
1515.000 3.478
1520.000 4.570
1525.000 6.253
1530.000 7.327
1535.000 9.954
1540.000 11.435
1545.000 13.878
1550.000 13.503
1555.000 11.946
1560.000 8.538
1565.000 7.223
1570.000 5.338
1575.000 4.109
1580.000 3.667
1585.000 3.000
1590.000 2.747
1595.000 2.351
1600.000 2.058
1605.000 1.934
1610.000 1.779
1615.000 1.716
1620.000 1.606
1625.000 1.557
1630.000 1.476
1635.000 1.415
1640.000 1.386
1645.000 1.357
1650.000 1.349
1655.000 1.348
1660.000 1.379
1665.000 1.403
1670.000 1.471
1675.000 1.523
1680.000 1.639
1685.000 1.791
1690.000 1.896
1695.000 2.127
1700.000 2.251
1705.000 2.526
1710.000 2.886
1715.000 3.101
1720.000 3.646
1725.000 3.982
1730.000 4.858
1735.000 6.234
1740.000 7.013
1745.000 8.999
1750.000 10.252
1755.000 13.336
1760.000 17.259
1765.000 19.431
1770.000 23.032
1775.000 23.803
1780.000 21.349
1785.000 15.696
1790.000 13.292
1795.000 9.719
1800.000 8.409
1805.000 6.495
1810.000 5.241
1815.000 4.772
1820.000 4.056
1825.000 3.777
1830.000 3.344
1835.000 3.055
1840.000 2.961
1845.000 2.827
1850.000 2.776
1855.000 2.685
1860.000 2.618
1865.000 2.591
1870.000 2.556
1875.000 2.549
1880.000 2.556
1885.000 2.587
1890.000 2.608
1895.000 2.680
1900.000 2.736
1905.000 2.864
1910.000 3.032
1915.000 3.131
1920.000 3.390
1925.000 3.566
1930.000 4.029
1935.000 4.716
1940.000 5.179
1945.000 6.518
1950.000 7.400
1955.000 9.795
1960.000 12.805
1965.000 14.237
1970.000 15.689
1975.000 15.201
1980.000 12.170
1985.000 9.012
1990.000 7.746
1995.000 5.933
2000.000 5.281
2005.000 4.300
2010.000 3.652
2015.000 3.396
2020.000 3.031
2025.000 2.902
2030.000 2.682
2035.000 2.529
2040.000 2.471
2045.000 2.384
2050.000 2.357
2055.000 2.318
2060.000 2.301
2065.000 2.311
2070.000 2.341
2075.000 2.370
2080.000 2.463
2085.000 2.620
2090.000 2.727
2095.000 3.045
2100.000 3.268
2105.000 3.856
2110.000 4.438
2115.000 4.514
2120.000 3.920
2125.000 3.352
2130.000 2.200
2135.000 1.436
2140.000 1.176
2145.000 0.804
2150.000 0.669
2155.000 0.471
2160.000 0.329
2165.000 0.275
2170.000 0.185
2175.000 0.151
2180.000 0.096
2185.000 0.053
2190.000 0.036
2195.000 0.025
2200.000 0.031
2205.000 0.050
2210.000 0.057
2215.000 0.076
2220.000 0.090
2225.000 0.096
2230.000 0.108
2235.000 0.114
2240.000 0.123
2245.000 0.131
2250.000 0.135
2255.000 0.143
2260.000 0.144
2265.000 0.150
2270.000 0.155
2275.000 0.157
2280.000 0.163
2285.000 0.163
2290.000 0.169
2295.000 0.172
2300.000 0.173
2305.000 0.176
2310.000 0.178
2315.000 0.180
2320.000 0.182
2325.000 0.185
2330.000 0.185
2335.000 0.186
2340.000 0.190
2345.000 0.189
2350.000 0.190
2355.000 0.192
2360.000 0.195
2365.000 0.195
2370.000 0.197
2375.000 0.197
2380.000 0.199
2385.000 0.199
2390.000 0.200
2395.000 0.204
2400.000 0.203
2405.000 0.203
2410.000 0.204
2415.000 0.207
2420.000 0.208
2425.000 0.207
2430.000 0.208
2435.000 0.209
2440.000 0.211
2445.000 0.211
2450.000 0.211
2455.000 0.213
2460.000 0.214
2465.000 0.214
2470.000 0.215
2475.000 0.215
2480.000 0.216
2485.000 0.218
2490.000 0.217
2495.000 0.219
2500.000 0.217
2505.000 0.218
2510.000 0.219
2515.000 0.220
2520.000 0.222
2525.000 0.222
2530.000 0.221
2535.000 0.222
2540.000 0.222
2545.000 0.223
2550.000 0.223
2555.000 0.222
2560.000 0.223
2565.000 0.224
2570.000 0.225
2575.000 0.227
2580.000 0.226
2585.000 0.227
2590.000 0.228
2595.000 0.228
2600.000 0.226
2605.000 0.226
2610.000 0.230
2615.000 0.230
2620.000 0.231
2625.000 0.230
2630.000 0.231
2635.000 0.233
2640.000 0.230
2645.000 0.233
2650.000 0.232
2655.000 0.233
2660.000 0.233
2665.000 0.233
2670.000 0.234
2675.000 0.235
2680.000 0.234
2685.000 0.235
2690.000 0.234
2695.000 0.236
2700.000 0.234
2705.000 0.236
2710.000 0.234
2715.000 0.234
2720.000 0.235
2725.000 0.236
2730.000 0.235
2735.000 0.234
2740.000 0.239
2745.000 0.238
2750.000 0.236
2755.000 0.237
2760.000 0.235
2765.000 0.237
2770.000 0.239
2775.000 0.238
2780.000 0.236
2785.000 0.238
2790.000 0.238
2795.000 0.239
2800.000 0.238
2805.000 0.238
2810.000 0.238
2815.000 0.240
2820.000 0.237
2825.000 0.240
2830.000 0.239
2835.000 0.241
2840.000 0.241
2845.000 0.240
2850.000 0.241
2855.000 0.242
2860.000 0.240
2865.000 0.241
2870.000 0.240
2875.000 0.242
2880.000 0.241
2885.000 0.241
2890.000 0.239
2895.000 0.241
2900.000 0.245
2905.000 0.244
2910.000 0.243
2915.000 0.244
2920.000 0.241
2925.000 0.242
2930.000 0.242
2935.000 0.245
2940.000 0.241
2945.000 0.243
2950.000 0.244
2955.000 0.242
2960.000 0.247
2965.000 0.248
2970.000 0.242
2975.000 0.243
2980.000 0.242
2985.000 0.239
2990.000 0.253
2995.000 0.237
3000.000 0.242
3005.000 0.246
3010.000 0.251
3015.000 0.246
3020.000 0.240
3025.000 0.247
3030.000 0.243
3035.000 0.255
3040.000 0.245
3045.000 0.248
3050.000 0.251
3055.000 0.245
3060.000 0.248
3065.000 0.243
3070.000 0.250
3075.000 0.248
3080.000 0.247
3085.000 0.247
3090.000 0.248
3095.000 0.244
3100.000 0.245
3105.000 0.246
3110.000 0.246
3115.000 0.247
3120.000 0.244
3125.000 0.247
3130.000 0.246
3135.000 0.247
3140.000 0.246
3145.000 0.244
3150.000 0.246
3155.000 0.246
3160.000 0.247
3165.000 0.248
3170.000 0.246
3175.000 0.246
3180.000 0.245
3185.000 0.247
3190.000 0.246
3195.000 0.249
3200.000 0.249
3205.000 0.248
3210.000 0.250
3215.000 0.247
3220.000 0.247
3225.000 0.250
3230.000 0.248
3235.000 0.250
3240.000 0.253
3245.000 0.256
3250.000 0.255
3255.000 0.256
3260.000 0.260
3265.000 0.262
3270.000 0.263
3275.000 0.268
3280.000 0.272
3285.000 0.278
3290.000 0.287
3295.000 0.295
3300.000 0.312
3305.000 0.324
3310.000 0.349
3315.000 0.384
3320.000 0.413
3325.000 0.479
3330.000 0.522
3335.000 0.655
3340.000 0.892
3345.000 1.077
3350.000 1.669
3355.000 2.105
3360.000 3.278
3365.000 4.834
3370.000 5.822
3375.000 8.370
3380.000 9.939
3385.000 13.512
3390.000 15.607
3395.000 15.654
3400.000 14.329
3405.000 13.646
3410.000 12.909
3415.000 12.964
3420.000 13.241
3425.000 14.149
3430.000 14.799
3435.000 16.512
3440.000 18.769
3445.000 19.822
3450.000 20.736
3455.000 20.281
3460.000 17.446
3465.000 14.015
3470.000 12.533
3475.000 10.025
3480.000 8.996
3485.000 7.294
3490.000 6.052
3495.000 5.567
3500.000 4.825
3505.000 4.548
3510.000 4.133
3515.000 3.870
3520.000 3.790
3525.000 3.756
3530.000 3.791
3535.000 3.962
3540.000 4.319
3545.000 4.572
3550.000 5.298
3555.000 5.805
3560.000 7.246
3565.000 9.477
3570.000 10.914
3575.000 14.017
3580.000 15.244
3585.000 15.672
3590.000 12.921
3595.000 11.174
3600.000 8.188
3605.000 7.095
3610.000 5.513
3615.000 4.467
3620.000 4.082
3625.000 3.514
3630.000 3.340
3635.000 3.073
3640.000 2.883
3645.000 2.807
3650.000 2.673
3655.000 2.622
3660.000 2.542
3665.000 2.506
3670.000 2.493
3675.000 2.487
3680.000 2.503
3685.000 2.539
3690.000 2.580
3695.000 2.647
3700.000 2.748
3705.000 2.819
3710.000 2.993
3715.000 3.112
3720.000 3.449
3725.000 3.975
3730.000 4.335
3735.000 5.348
3740.000 6.057
3745.000 7.906
3750.000 10.124
3755.000 11.076
3760.000 11.556
3765.000 10.814
3770.000 8.354
3775.000 6.051
3780.000 5.204
3785.000 3.981
3790.000 3.540
3795.000 2.893
3800.000 2.465
3805.000 2.330
3810.000 2.122
3815.000 2.037
3820.000 1.892
3825.000 1.781
3830.000 1.744
3835.000 1.664
3840.000 1.626
3845.000 1.575
3850.000 1.598
3855.000 1.575
3860.000 1.562
3865.000 1.561
3870.000 1.586
3875.000 1.634
3880.000 1.666
3885.000 1.761
3890.000 1.806
3895.000 1.911
3900.000 2.060
3905.000 2.157
3910.000 2.413
3915.000 2.587
3920.000 3.070
3925.000 3.821
3930.000 4.336
3935.000 5.755
3940.000 6.665
3945.000 8.703
3950.000 10.152
3955.000 10.232
3960.000 8.766
3965.000 7.647
3970.000 5.566
3975.000 4.151
3980.000 3.587
3985.000 2.872
3990.000 2.590
3995.000 2.192
4000.000 1.922
4005.000 1.847
4010.000 1.714
4015.000 1.656
4020.000 1.540
4025.000 1.474
4030.000 1.443
4035.000 1.361
4040.000 1.337
4045.000 1.292
4050.000 1.256
4055.000 1.255
4060.000 1.255
4065.000 1.255
4070.000 1.264
4075.000 1.285
4080.000 1.301
4085.000 1.344
4090.000 1.378
4095.000 1.463
4100.000 1.571
4105.000 1.651
4110.000 1.823
4115.000 1.930
4120.000 2.237
4125.000 2.698
4130.000 3.019
4135.000 3.835
4140.000 4.317
4145.000 5.203
4150.000 5.292
4155.000 4.933
4160.000 3.780
4165.000 3.228
4170.000 2.395
4175.000 1.853
4180.000 1.658
4185.000 1.372
4190.000 1.269
4195.000 1.109
4200.000 0.992
4205.000 0.947
4210.000 0.870
4215.000 0.838
4220.000 0.793
4225.000 0.756
4230.000 0.742
4235.000 0.719
4240.000 0.708
4245.000 0.698
4250.000 0.693
4255.000 0.696
4260.000 0.697
4265.000 0.707
4270.000 0.725
4275.000 0.757
4280.000 0.784
4285.000 0.840
4290.000 0.879
4295.000 0.983
4300.000 1.055
4305.000 1.250
4310.000 1.565
4315.000 1.796
4320.000 2.463
4325.000 2.915
4330.000 3.965
4335.000 4.687
4340.000 4.713
4345.000 3.986
4350.000 3.472
4355.000 2.571
4360.000 1.967
4365.000 1.748
4370.000 1.414
4375.000 1.294
4380.000 1.110
4385.000 1.003
4390.000 0.956
4395.000 0.892
4400.000 0.868
4405.000 0.822
4410.000 0.788
4415.000 0.779
4420.000 0.767
4425.000 0.755
4430.000 0.751
4435.000 0.740
4440.000 0.740
4445.000 0.743
4450.000 0.749
4455.000 0.772
4460.000 0.811
4465.000 0.828
4470.000 0.886
4475.000 0.918
4480.000 1.013
4485.000 1.169
4490.000 1.250
4495.000 1.431
4500.000 1.496
4505.000 1.486
4510.000 1.260
4515.000 1.098
4520.000 0.796
4525.000 0.677
4530.000 0.508
4535.000 0.401
4540.000 0.356
4545.000 0.293
4550.000 0.272
4555.000 0.246
4560.000 0.227
4565.000 0.223
4570.000 0.219
4575.000 0.221
4580.000 0.229
4585.000 0.246
4590.000 0.258
4595.000 0.288
4600.000 0.307
4605.000 0.363
4610.000 0.455
4615.000 0.510
4620.000 0.660
4625.000 0.757
4630.000 1.022
4635.000 1.355
4640.000 1.522
4645.000 1.669
4650.000 1.629
4655.000 1.364
4660.000 1.086
4665.000 0.976
4670.000 0.806
4675.000 0.738
4680.000 0.641
4685.000 0.572
4690.000 0.545
4695.000 0.513
4700.000 0.499
4705.000 0.476
4710.000 0.454
4715.000 0.443
4720.000 0.416
4725.000 0.395
4730.000 0.328
4735.000 0.242
4740.000 0.206
4745.000 0.186
4750.000 0.193
4755.000 0.210
4760.000 0.232
4765.000 0.243
4770.000 0.257
4775.000 0.261
4780.000 0.271
4785.000 0.281
4790.000 0.284
4795.000 0.292
4800.000 0.292
4805.000 0.297
4810.000 0.299
4815.000 0.301
4820.000 0.308
4825.000 0.306
4830.000 0.308
4835.000 0.305
4840.000 0.305
4845.000 0.305
4850.000 0.308
4855.000 0.311
4860.000 0.309
4865.000 0.308
4870.000 0.309
4875.000 0.309
4880.000 0.310
4885.000 0.311
4890.000 0.314
4895.000 0.313
4900.000 0.315
4905.000 0.318
4910.000 0.318
4915.000 0.328
4920.000 0.322
4925.000 0.320
4930.000 0.315
4935.000 0.320
4940.000 0.325
4945.000 0.326
4950.000 0.325
4955.000 0.315
4960.000 0.319
4965.000 0.320
4970.000 0.324
4975.000 0.324
4980.000 0.324
4985.000 0.327
4990.000 0.315
4995.000 0.312
5000.000 0.330
5005.000 0.313
5010.000 0.311
5015.000 0.312
5020.000 0.327
5025.000 0.315
5030.000 0.312
5035.000 0.329
5040.000 0.323
5045.000 0.323
5050.000 0.328
5055.000 0.317
5060.000 0.324
5065.000 0.323
5070.000 0.327
5075.000 0.324
5080.000 0.322
5085.000 0.321
5090.000 0.328
5095.000 0.329
5100.000 0.330
5105.000 0.327
5110.000 0.327
5115.000 0.327
5120.000 0.327
5125.000 0.324
5130.000 0.328
5135.000 0.330
5140.000 0.327
5145.000 0.329
5150.000 0.326
5155.000 0.332
5160.000 0.329
5165.000 0.330
5170.000 0.327
5175.000 0.325
5180.000 0.330
5185.000 0.327
5190.000 0.326
5195.000 0.326
5200.000 0.326
5205.000 0.326
5210.000 0.328
5215.000 0.325
5220.000 0.325
5225.000 0.326
5230.000 0.325
5235.000 0.327
5240.000 0.328
5245.000 0.330
5250.000 0.329
5255.000 0.333
5260.000 0.333
5265.000 0.332
5270.000 0.332
5275.000 0.330
5280.000 0.330
5285.000 0.331
5290.000 0.330
5295.000 0.330
5300.000 0.328
5305.000 0.329
5310.000 0.329
5315.000 0.331
5320.000 0.332
5325.000 0.332
5330.000 0.330
5335.000 0.330
5340.000 0.330
5345.000 0.330
5350.000 0.334
5355.000 0.335
5360.000 0.334
5365.000 0.332
5370.000 0.332
5375.000 0.332
5380.000 0.330
5385.000 0.330
5390.000 0.330
5395.000 0.337
5400.000 0.332
5405.000 0.336
5410.000 0.336
5415.000 0.338
5420.000 0.333
5425.000 0.335
5430.000 0.336
5435.000 0.337
5440.000 0.337
5445.000 0.337
5450.000 0.337
5455.000 0.338
5460.000 0.341
5465.000 0.339
5470.000 0.340
5475.000 0.341
5480.000 0.337
5485.000 0.340
5490.000 0.341
5495.000 0.341
5500.000 0.343
5505.000 0.345
5510.000 0.342
5515.000 0.340
5520.000 0.345
5525.000 0.341
5530.000 0.359
5535.000 0.354
5540.000 0.356
5545.000 0.354
5550.000 0.347
5555.000 0.344
5560.000 0.343
5565.000 0.340
5570.000 0.342
5575.000 0.343
5580.000 0.342
5585.000 0.344
5590.000 0.347
5595.000 0.351
5600.000 0.353
5605.000 0.350
5610.000 0.348
5615.000 0.345
5620.000 0.349
5625.000 0.343
5630.000 0.353
5635.000 0.350
5640.000 0.348
5645.000 0.345
5650.000 0.350
5655.000 0.348
5660.000 0.349
5665.000 0.350
5670.000 0.346
5675.000 0.343
5680.000 0.349
5685.000 0.349
5690.000 0.347
5695.000 0.354
5700.000 0.356
5705.000 0.351
5710.000 0.351
5715.000 0.352
5720.000 0.353
5725.000 0.351
5730.000 0.352
5735.000 0.352
5740.000 0.351
5745.000 0.354
5750.000 0.353
5755.000 0.351
5760.000 0.348
5765.000 0.348
5770.000 0.347
5775.000 0.347
5780.000 0.351
5785.000 0.349
5790.000 0.355
5795.000 0.355
5800.000 0.355
5805.000 0.353
5810.000 0.353
5815.000 0.353
5820.000 0.356
5825.000 0.348
5830.000 0.353
5835.000 0.354
5840.000 0.351
5845.000 0.350
5850.000 0.351
5855.000 0.352
5860.000 0.353
5865.000 0.367
5870.000 0.365
5875.000 0.365
5880.000 0.366
5885.000 0.365
5890.000 0.362
5895.000 0.368
5900.000 0.368
5905.000 0.364
5910.000 0.365
5915.000 0.361
5920.000 0.362
5925.000 0.364
5930.000 0.358
5935.000 0.365
5940.000 0.359
5945.000 0.364
5950.000 0.359
5955.000 0.367
5960.000 0.365
5965.000 0.365
5970.000 0.373
5975.000 0.362
5980.000 0.359
5985.000 0.369
5990.000 0.366
5995.000 0.376
6000.000 0.376
6005.000 0.364
6010.000 0.366
6015.000 0.363
6020.000 0.380
6025.000 0.367
6030.000 0.378
6035.000 0.368
6040.000 0.377
6045.000 0.379
6050.000 0.372
6055.000 0.376
6060.000 0.374
6065.000 0.374
6070.000 0.372
6075.000 0.371
6080.000 0.372
6085.000 0.367
6090.000 0.366
6095.000 0.374
6100.000 0.371
6105.000 0.371
6110.000 0.367
6115.000 0.365
6120.000 0.364
6125.000 0.365
6130.000 0.366
6135.000 0.372
6140.000 0.369
6145.000 0.370
6150.000 0.369
6155.000 0.370
6160.000 0.367
6165.000 0.365
6170.000 0.365
6175.000 0.368
6180.000 0.369
6185.000 0.389
6190.000 0.390
6195.000 0.386
6200.000 0.382
6205.000 0.375
6210.000 0.374
6215.000 0.376
6220.000 0.372
6225.000 0.374
6230.000 0.375
6235.000 0.368
6240.000 0.369
6245.000 0.366
6250.000 0.364
6255.000 0.364
6260.000 0.370
6265.000 0.368
6270.000 0.370
6275.000 0.366
6280.000 0.368
6285.000 0.369
6290.000 0.366
6295.000 0.365
6300.000 0.370
6305.000 0.367
6310.000 0.376
6315.000 0.378
6320.000 0.375
6325.000 0.372
6330.000 0.371
6335.000 0.371
6340.000 0.371
6345.000 0.369
6350.000 0.369
6355.000 0.375
6360.000 0.373
6365.000 0.370
6370.000 0.375
6375.000 0.373
6380.000 0.377
6385.000 0.375
6390.000 0.374
6395.000 0.373
6400.000 0.374
6405.000 0.370
6410.000 0.374
6415.000 0.370
6420.000 0.378
6425.000 0.388
6430.000 0.385
6435.000 0.378
6440.000 0.378
6445.000 0.380
6450.000 0.378
6455.000 0.382
6460.000 0.379
6465.000 0.379
6470.000 0.379
6475.000 0.380
6480.000 0.382
6485.000 0.384
6490.000 0.381
6495.000 0.384
6500.000 0.380
6505.000 0.380
6510.000 0.387
6515.000 0.387
6520.000 0.387
6525.000 0.391
6530.000 0.386
6535.000 0.388
6540.000 0.387
6545.000 0.386
6550.000 0.380
6555.000 0.383
6560.000 0.385
6565.000 0.386
6570.000 0.385
6575.000 0.393
6580.000 0.390
6585.000 0.388
6590.000 0.391
6595.000 0.390
6600.000 0.387
6605.000 0.384
6610.000 0.388
6615.000 0.390
6620.000 0.391
6625.000 0.390
6630.000 0.397
6635.000 0.393
6640.000 0.395
6645.000 0.397
6650.000 0.415
6655.000 0.415
6660.000 0.416
6665.000 0.424
6670.000 0.437
6675.000 0.450
6680.000 0.459
6685.000 0.481
6690.000 0.496
6695.000 0.536
6700.000 0.598
6705.000 0.647
6710.000 0.783
6715.000 0.889
6720.000 1.259
6725.000 1.892
6730.000 2.330
6735.000 3.565
6740.000 4.331
6745.000 5.697
6750.000 6.406
6755.000 6.487
6760.000 6.537
6765.000 6.723
6770.000 7.533
6775.000 8.659
6780.000 9.319
6785.000 10.584
6790.000 11.029
6795.000 10.996
6800.000 9.649
6805.000 8.895
6810.000 7.648
6815.000 7.147
6820.000 6.417
6825.000 5.991
6830.000 5.891
6835.000 5.885
6840.000 6.001
6845.000 6.594
6850.000 7.553
6855.000 8.156
6860.000 9.555
6865.000 10.233
6870.000 11.130
6875.000 10.859
6880.000 10.040
6885.000 7.923
6890.000 6.935
6895.000 5.391
6900.000 4.333
6905.000 3.968
6910.000 3.424
6915.000 3.212
6920.000 2.901
6925.000 2.708
6930.000 2.657
6935.000 2.645
6940.000 2.667
6945.000 2.753
6950.000 2.913
6955.000 3.036
6960.000 3.372
6965.000 3.635
6970.000 4.322
6975.000 4.787
6980.000 5.922
6985.000 7.006
6990.000 7.341
6995.000 7.256
7000.000 6.756
7005.000 5.446
7010.000 4.349
7015.000 3.925
7020.000 3.300
7025.000 3.095
7030.000 2.832
7035.000 2.636
7040.000 2.566
7045.000 2.448
7050.000 2.405
7055.000 2.362
7060.000 2.366
7065.000 2.364
7070.000 2.425
7075.000 2.456
7080.000 2.560
7085.000 2.713
7090.000 2.810
7095.000 3.075
7100.000 3.247
7105.000 3.733
7110.000 4.407
7115.000 4.828
7120.000 5.802
7125.000 6.207
7130.000 6.602
7135.000 6.131
7140.000 5.609
7145.000 4.520
7150.000 4.030
7155.000 3.252
7160.000 2.712
7165.000 2.525
7170.000 2.233
7175.000 2.116
7180.000 1.943
7185.000 1.809
7190.000 1.748
7195.000 1.652
7200.000 1.613
7205.000 1.569
7210.000 1.541
7215.000 1.545
7220.000 1.555
7225.000 1.569
7230.000 1.626
7235.000 1.723
7240.000 1.792
7245.000 1.964
7250.000 2.104
7255.000 2.448
7260.000 2.955
7265.000 3.254
7270.000 3.920
7275.000 4.200
7280.000 4.544
7285.000 4.174
7290.000 3.823
7295.000 3.102
7300.000 2.801
7305.000 2.353
7310.000 2.041
7315.000 1.930
7320.000 1.774
7325.000 1.712
7330.000 1.628
7335.000 1.569
7340.000 1.551
7345.000 1.534
7350.000 1.540
7355.000 1.559
7360.000 1.582
7365.000 1.714
7370.000 1.792
7375.000 1.821
7380.000 1.878
7385.000 1.992
7390.000 2.072
7395.000 2.305
7400.000 2.450
7405.000 2.806
7410.000 3.219
7415.000 3.393
7420.000 3.546
7425.000 3.482
7430.000 3.048
7435.000 2.464
7440.000 2.203
7445.000 1.795
7450.000 1.640
7455.000 1.403
7460.000 1.217
7465.000 1.142
7470.000 1.032
7475.000 0.982
7480.000 0.902
7485.000 0.849
7490.000 0.827
7495.000 0.795
7500.000 0.787
7505.000 0.771
7510.000 0.775
7515.000 0.783
7520.000 0.813
7525.000 0.836
7530.000 0.909
7535.000 1.021
7540.000 1.094
7545.000 1.283
7550.000 1.385
7555.000 1.519
7560.000 1.495
7565.000 1.328
7570.000 1.149
7575.000 1.079
7580.000 0.987
7585.000 0.954
7590.000 0.902
7595.000 0.871
7600.000 0.859
7605.000 0.849
7610.000 0.845
7615.000 0.869
7620.000 0.892
7625.000 0.911
7630.000 0.951
7635.000 0.972
7640.000 1.032
7645.000 1.087
7650.000 1.104
7655.000 1.109
7660.000 1.081
7665.000 0.960
7670.000 0.795
7675.000 0.719
7680.000 0.585
7685.000 0.529
7690.000 0.436
7695.000 0.364
7700.000 0.329
7705.000 0.275
7710.000 0.247
7715.000 0.192
7720.000 0.152
7725.000 0.151
7730.000 0.179
7735.000 0.202
7740.000 0.246
7745.000 0.270
7750.000 0.281
7755.000 0.296
7760.000 0.302
7765.000 0.308
7770.000 0.312
7775.000 0.314
7780.000 0.316
7785.000 0.317
7790.000 0.318
7795.000 0.317
7800.000 0.317
7805.000 0.319
7810.000 0.317
7815.000 0.319
7820.000 0.321
7825.000 0.321
7830.000 0.322
7835.000 0.319
7840.000 0.320
7845.000 0.323
7850.000 0.323
7855.000 0.323
7860.000 0.324
7865.000 0.323
7870.000 0.322
7875.000 0.325
7880.000 0.325
7885.000 0.323
7890.000 0.324
7895.000 0.324
7900.000 0.321
7905.000 0.323
7910.000 0.324
7915.000 0.326
7920.000 0.321
7925.000 0.322
7930.000 0.323
7935.000 0.324
7940.000 0.325
7945.000 0.325
7950.000 0.325
7955.000 0.334
7960.000 0.337
7965.000 0.334
7970.000 0.327
7975.000 0.325
7980.000 0.325
7985.000 0.324
7990.000 0.338
7995.000 0.339
8000.000 0.330
8005.000 0.332
8010.000 0.336
8015.000 0.336
8020.000 0.342
8025.000 0.349
8030.000 0.347
8035.000 0.344
8040.000 0.336
8045.000 0.332
8050.000 0.333
8055.000 0.335
8060.000 0.338
8065.000 0.342
8070.000 0.335
8075.000 0.336
8080.000 0.336
8085.000 0.336
8090.000 0.336
8095.000 0.338
8100.000 0.337
8105.000 0.338
8110.000 0.339
8115.000 0.341
8120.000 0.341
8125.000 0.341
8130.000 0.342
8135.000 0.339
8140.000 0.343
8145.000 0.343
8150.000 0.345
8155.000 0.345
8160.000 0.348
8165.000 0.344
8170.000 0.346
8175.000 0.344
8180.000 0.347
8185.000 0.347
8190.000 0.349
8195.000 0.349
8200.000 0.351
8205.000 0.352
8210.000 0.353
8215.000 0.355
8220.000 0.354
8225.000 0.356
8230.000 0.354
8235.000 0.354
8240.000 0.358
8245.000 0.360
8250.000 0.363
8255.000 0.364
8260.000 0.362
8265.000 0.364
8270.000 0.363
8275.000 0.368
8280.000 0.368
8285.000 0.369
8290.000 0.367
8295.000 0.367
8300.000 0.365
8305.000 0.367
8310.000 0.366
8315.000 0.369
8320.000 0.368
8325.000 0.372
8330.000 0.372
8335.000 0.372
8340.000 0.372
8345.000 0.373
8350.000 0.376
8355.000 0.374
8360.000 0.377
8365.000 0.376
8370.000 0.379
8375.000 0.380
8380.000 0.378
8385.000 0.378
8390.000 0.382
8395.000 0.380
8400.000 0.380
8405.000 0.377
8410.000 0.380
8415.000 0.380
8420.000 0.378
8425.000 0.381
8430.000 0.381
8435.000 0.377
8440.000 0.381
8445.000 0.381
8450.000 0.383
8455.000 0.382
8460.000 0.383
8465.000 0.385
8470.000 0.382
8475.000 0.383
8480.000 0.384
8485.000 0.383
8490.000 0.380
8495.000 0.381
8500.000 0.386
8505.000 0.390
8510.000 0.387
8515.000 0.389
8520.000 0.392
8525.000 0.387
8530.000 0.388
8535.000 0.388
8540.000 0.392
8545.000 0.397
8550.000 0.394
8555.000 0.392
8560.000 0.390
8565.000 0.387
8570.000 0.384
8575.000 0.385
8580.000 0.385
8585.000 0.387
8590.000 0.390
8595.000 0.390
8600.000 0.389
8605.000 0.386
8610.000 0.389
8615.000 0.391
8620.000 0.389
8625.000 0.387
8630.000 0.389
8635.000 0.388
8640.000 0.396
8645.000 0.390
8650.000 0.392
8655.000 0.392
8660.000 0.391
8665.000 0.390
8670.000 0.391
8675.000 0.391
8680.000 0.392
8685.000 0.395
8690.000 0.391
8695.000 0.395
8700.000 0.388
8705.000 0.391
8710.000 0.390
8715.000 0.392
8720.000 0.387
8725.000 0.391
8730.000 0.391
8735.000 0.393
8740.000 0.388
8745.000 0.388
8750.000 0.394
8755.000 0.392
8760.000 0.389
8765.000 0.386
8770.000 0.392
8775.000 0.392
8780.000 0.392
8785.000 0.393
8790.000 0.397
8795.000 0.393
8800.000 0.394
8805.000 0.392
8810.000 0.394
8815.000 0.393
8820.000 0.396
8825.000 0.403
8830.000 0.394
8835.000 0.431
8840.000 0.396
8845.000 0.400
8850.000 0.400
8855.000 0.399
8860.000 0.395
8865.000 0.393
8870.000 0.395
8875.000 0.391
8880.000 0.393
8885.000 0.394
8890.000 0.396
8895.000 0.399
8900.000 0.392
8905.000 0.393
8910.000 0.393
8915.000 0.395
8920.000 0.393
8925.000 0.395
8930.000 0.393
8935.000 0.393
8940.000 0.394
8945.000 0.397
8950.000 0.398
8955.000 0.394
8960.000 0.396
8965.000 0.395
8970.000 0.390
8975.000 0.394
8980.000 0.393
8985.000 0.386
8990.000 0.398
8995.000 0.386
9000.000 0.389
9005.000 0.391
9010.000 0.396
9015.000 0.390
9020.000 0.392
9025.000 0.394
9030.000 0.398
9035.000 0.396
9040.000 0.400
9045.000 0.398
9050.000 0.394
9055.000 0.395
9060.000 0.391
9065.000 0.396
9070.000 0.394
9075.000 0.390
9080.000 0.395
9085.000 0.396
9090.000 0.397
9095.000 0.400
9100.000 0.397
9105.000 0.394
9110.000 0.398
9115.000 0.398
9120.000 0.398
9125.000 0.392
9130.000 0.397
9135.000 0.394
9140.000 0.392
9145.000 0.393
9150.000 0.393
9155.000 0.393
9160.000 0.393
9165.000 0.391
9170.000 0.393
9175.000 0.394
9180.000 0.394
9185.000 0.395
9190.000 0.395
9195.000 0.399
9200.000 0.395
9205.000 0.394
9210.000 0.397
9215.000 0.399
9220.000 0.395
9225.000 0.402
9230.000 0.399
9235.000 0.400
9240.000 0.399
9245.000 0.399
9250.000 0.399
9255.000 0.396
9260.000 0.398
9265.000 0.398
9270.000 0.398
9275.000 0.395
9280.000 0.398
9285.000 0.397
9290.000 0.397
9295.000 0.398
9300.000 0.395
9305.000 0.395
9310.000 0.398
9315.000 0.397
9320.000 0.401
9325.000 0.396
9330.000 0.396
9335.000 0.399
9340.000 0.399
9345.000 0.396
9350.000 0.395
9355.000 0.397
9360.000 0.397
9365.000 0.397
9370.000 0.398
9375.000 0.405
9380.000 0.401
9385.000 0.409
9390.000 0.403
9395.000 0.402
9400.000 0.398
9405.000 0.400
9410.000 0.399
9415.000 0.402
9420.000 0.401
9425.000 0.397
9430.000 0.397
9435.000 0.400
9440.000 0.401
9445.000 0.402
9450.000 0.398
9455.000 0.400
9460.000 0.401
9465.000 0.401
9470.000 0.403
9475.000 0.401
9480.000 0.401
9485.000 0.398
9490.000 0.399
9495.000 0.404
9500.000 0.402
9505.000 0.399
9510.000 0.399
9515.000 0.397
9520.000 0.399
9525.000 0.401
9530.000 0.401
9535.000 0.398
9540.000 0.399
9545.000 0.397
9550.000 0.398
9555.000 0.398
9560.000 0.404
9565.000 0.402
9570.000 0.399
9575.000 0.399
9580.000 0.401
9585.000 0.397
9590.000 0.398
9595.000 0.395
9600.000 0.398
9605.000 0.396
9610.000 0.396
9615.000 0.400
9620.000 0.401
9625.000 0.401
9630.000 0.401
9635.000 0.407
9640.000 0.403
9645.000 0.401
9650.000 0.398
9655.000 0.404
9660.000 0.401
9665.000 0.399
9670.000 0.400
9675.000 0.400
9680.000 0.399
9685.000 0.400
9690.000 0.399
9695.000 0.397
9700.000 0.396
9705.000 0.398
9710.000 0.397
9715.000 0.398
9720.000 0.397
9725.000 0.398
9730.000 0.399
9735.000 0.399
9740.000 0.398
9745.000 0.397
9750.000 0.399
9755.000 0.399
9760.000 0.397
9765.000 0.400
9770.000 0.399
9775.000 0.400
9780.000 0.401
9785.000 0.403
9790.000 0.406
9795.000 0.408
9800.000 0.407
9805.000 0.409
9810.000 0.407
9815.000 0.405
9820.000 0.407
9825.000 0.406
9830.000 0.403
9835.000 0.399
9840.000 0.401
9845.000 0.399
9850.000 0.398
9855.000 0.401
9860.000 0.400
9865.000 0.398
9870.000 0.399
9875.000 0.396
9880.000 0.400
9885.000 0.400
9890.000 0.399
9895.000 0.400
9900.000 0.405
9905.000 0.405
9910.000 0.403
9915.000 0.403
9920.000 0.398
9925.000 0.400
9930.000 0.403
9935.000 0.403
9940.000 0.401
9945.000 0.400
9950.000 0.401
9955.000 0.404
9960.000 0.402
9965.000 0.407
9970.000 0.403
9975.000 0.406
9980.000 0.406
9985.000 0.409
9990.000 0.415
9995.000 0.420
10000.000 0.419
10005.000 0.426
10010.000 0.428
10015.000 0.432
10020.000 0.449
10025.000 0.448
10030.000 0.462
10035.000 0.484
10040.000 0.485
10045.000 0.482
10050.000 0.470
10055.000 0.413
10060.000 0.337
10065.000 0.322
10070.000 0.363
10075.000 0.431
10080.000 0.769
10085.000 1.380
10090.000 1.753
10095.000 2.492
10100.000 2.823
10105.000 3.270
10110.000 3.390
10115.000 3.360
10120.000 3.222
10125.000 3.157
10130.000 3.047
10135.000 2.994
10140.000 2.989
10145.000 3.048
10150.000 3.102
10155.000 3.287
10160.000 3.515
10165.000 3.616
10170.000 3.696
10175.000 3.610
10180.000 3.118
10185.000 2.445
10190.000 2.120
10195.000 1.610
10200.000 1.416
10205.000 1.139
10210.000 0.960
10215.000 0.897
10220.000 0.827
10225.000 0.818
10230.000 0.838
10235.000 0.860
10240.000 0.945
10245.000 1.092
10250.000 1.201
10255.000 1.545
10260.000 1.778
10265.000 2.333
10270.000 2.918
10275.000 3.151
10280.000 3.333
10285.000 3.254
10290.000 2.894
10295.000 2.490
10300.000 2.301
10305.000 1.988
10310.000 1.864
10315.000 1.668
10320.000 1.537
10325.000 1.501
10330.000 1.460
10335.000 1.450
10340.000 1.445
10345.000 1.501
10350.000 1.547
10355.000 1.574
10360.000 1.652
10365.000 1.705
10370.000 1.806
10375.000 1.933
10380.000 1.987
10385.000 2.080
10390.000 2.119
10395.000 2.046
10400.000 1.846
10405.000 1.713
10410.000 1.434
10415.000 1.304
10420.000 1.074
10425.000 0.899
10430.000 0.831
10435.000 0.720
10440.000 0.676
10445.000 0.608
10450.000 0.561
10455.000 0.542
10460.000 0.531
10465.000 0.533
10470.000 0.551
10475.000 0.600
10480.000 0.637
10485.000 0.736
10490.000 0.808
10495.000 1.016
10500.000 1.331
10505.000 1.529
10510.000 1.998
10515.000 2.245
10520.000 2.638
10525.000 2.726
10530.000 2.691
10535.000 2.435
10540.000 2.277
10545.000 1.968
10550.000 1.835
10555.000 1.605
10560.000 1.429
10565.000 1.367
10570.000 1.260
10575.000 1.224
10580.000 1.176
10585.000 1.169
10590.000 1.173
10595.000 1.176
10600.000 1.179
10605.000 1.201
10610.000 1.225
10615.000 1.244
10620.000 1.279
10625.000 1.295
10630.000 1.320
10635.000 1.315
10640.000 1.291
10645.000 1.208
10650.000 1.145
10655.000 0.986
10660.000 0.809
10665.000 0.731
10670.000 0.597
10675.000 0.530
10680.000 0.425
10685.000 0.328
10690.000 0.286
10695.000 0.221
10700.000 0.192
10705.000 0.150
10710.000 0.128
10715.000 0.126
10720.000 0.141
10725.000 0.157
10730.000 0.212
10735.000 0.323
10740.000 0.402
10745.000 0.645
10750.000 0.783
10755.000 1.070
10760.000 1.324
10765.000 1.428
10770.000 1.556
10775.000 1.584
10780.000 1.554
10785.000 1.486
10790.000 1.428
10795.000 1.338
10800.000 1.292
10805.000 1.199
10810.000 1.117
10815.000 1.079
10820.000 1.013
10825.000 0.982
10830.000 0.922
10835.000 0.866
10840.000 0.837
10845.000 0.763
10850.000 0.720
10855.000 0.611
10860.000 0.495
10865.000 0.434
10870.000 0.342
10875.000 0.308
10880.000 0.267
10885.000 0.249
10890.000 0.247
10895.000 0.253
10900.000 0.263
10905.000 0.289
10910.000 0.328
10915.000 0.345
10920.000 0.381
10925.000 0.397
10930.000 0.411
10935.000 0.410
10940.000 0.407
10945.000 0.408
10950.000 0.404
10955.000 0.401
10960.000 0.402
10965.000 0.402
10970.000 0.399
10975.000 0.403
10980.000 0.402
10985.000 0.398
10990.000 0.403
10995.000 0.403
11000.000 0.394
11005.000 0.404
11010.000 0.403
11015.000 0.403
11020.000 0.400
11025.000 0.409
11030.000 0.416
11035.000 0.406
11040.000 0.404
11045.000 0.423
11050.000 0.415
11055.000 0.402
11060.000 0.399
11065.000 0.398
11070.000 0.392
11075.000 0.389
11080.000 0.389
11085.000 0.390
11090.000 0.389
11095.000 0.389
11100.000 0.389
11105.000 0.394
11110.000 0.395
11115.000 0.390
11120.000 0.391
11125.000 0.392
11130.000 0.392
11135.000 0.390
11140.000 0.390
11145.000 0.393
11150.000 0.392
11155.000 0.389
11160.000 0.391
11165.000 0.391
11170.000 0.391
11175.000 0.394
11180.000 0.394
11185.000 0.395
11190.000 0.395
11195.000 0.391
11200.000 0.391
11205.000 0.387
11210.000 0.392
11215.000 0.388
11220.000 0.389
11225.000 0.390
11230.000 0.390
11235.000 0.391
11240.000 0.391
11245.000 0.389
11250.000 0.392
11255.000 0.389
11260.000 0.393
11265.000 0.390
11270.000 0.392
11275.000 0.393
11280.000 0.392
11285.000 0.396
11290.000 0.391
11295.000 0.390
11300.000 0.392
11305.000 0.387
11310.000 0.388
11315.000 0.387
11320.000 0.388
11325.000 0.390
11330.000 0.385
11335.000 0.387
11340.000 0.390
11345.000 0.387
11350.000 0.386
11355.000 0.388
11360.000 0.388
11365.000 0.390
11370.000 0.387
11375.000 0.388
11380.000 0.389
11385.000 0.388
11390.000 0.382
11395.000 0.386
11400.000 0.388
11405.000 0.386
11410.000 0.387
11415.000 0.385
11420.000 0.388
11425.000 0.386
11430.000 0.383
11435.000 0.387
11440.000 0.386
11445.000 0.385
11450.000 0.385
11455.000 0.386
11460.000 0.386
11465.000 0.387
11470.000 0.386
11475.000 0.389
11480.000 0.389
11485.000 0.388
11490.000 0.387
11495.000 0.388
11500.000 0.387
11505.000 0.384
11510.000 0.388
11515.000 0.388
11520.000 0.387
11525.000 0.388
11530.000 0.388
11535.000 0.388
11540.000 0.389
11545.000 0.388
11550.000 0.386
11555.000 0.383
11560.000 0.387
11565.000 0.385
11570.000 0.383
11575.000 0.386
11580.000 0.381
11585.000 0.386
11590.000 0.382
11595.000 0.382
11600.000 0.383
11605.000 0.382
11610.000 0.380
11615.000 0.385
11620.000 0.382
11625.000 0.379
11630.000 0.384
11635.000 0.384
11640.000 0.380
11645.000 0.383
11650.000 0.384
11655.000 0.385
11660.000 0.385
11665.000 0.385
11670.000 0.382
11675.000 0.384
11680.000 0.386
11685.000 0.386
11690.000 0.387
11695.000 0.384
11700.000 0.385
11705.000 0.381
11710.000 0.380
11715.000 0.381
11720.000 0.383
11725.000 0.387
11730.000 0.388
11735.000 0.389
11740.000 0.386
11745.000 0.385
11750.000 0.383
11755.000 0.383
11760.000 0.381
11765.000 0.381
11770.000 0.380
11775.000 0.380
11780.000 0.382
11785.000 0.378
11790.000 0.381
11795.000 0.378
11800.000 0.378
11805.000 0.374
11810.000 0.376
11815.000 0.377
11820.000 0.378
11825.000 0.376
11830.000 0.373
11835.000 0.374
11840.000 0.374
11845.000 0.374
11850.000 0.372
11855.000 0.372
11860.000 0.369
11865.000 0.371
11870.000 0.370
11875.000 0.373
11880.000 0.378
11885.000 0.377
11890.000 0.380
11895.000 0.376
11900.000 0.374
11905.000 0.378
11910.000 0.372
11915.000 0.376
11920.000 0.375
11925.000 0.378
11930.000 0.374
11935.000 0.376
11940.000 0.374
11945.000 0.375
11950.000 0.374
11955.000 0.373
11960.000 0.372
11965.000 0.372
11970.000 0.372
11975.000 0.375
11980.000 0.373
11985.000 0.368
11990.000 0.373
11995.000 0.367
12000.000 0.369
