105.000 0.038
110.000 0.037
115.000 14.410
120.000 17.186
125.000 18.364
130.000 20.808
135.000 21.749
140.000 22.808
145.000 23.868
150.000 25.303
155.000 26.659
160.000 26.987
165.000 27.079
170.000 27.223
175.000 27.028
180.000 26.370
185.000 26.140
190.000 27.762
195.000 26.365
200.000 27.415
205.000 26.418
210.000 27.902
215.000 25.557
220.000 26.808
225.000 27.473
230.000 27.883
235.000 27.933
240.000 28.337
245.000 28.702
250.000 29.003
255.000 29.511
260.000 29.754
265.000 30.362
270.000 30.977
275.000 31.339
280.000 31.588
285.000 32.017
290.000 32.422
295.000 32.861
300.000 32.999
305.000 33.537
310.000 33.752
315.000 32.205
320.000 34.154
325.000 35.739
330.000 35.276
335.000 35.732
340.000 36.810
345.000 37.741
350.000 38.333
355.000 39.386
360.000 39.907
365.000 41.085
370.000 42.346
375.000 42.978
380.000 43.654
385.000 45.141
390.000 46.666
395.000 48.319
400.000 49.184
405.000 50.961
410.000 51.828
415.000 53.569
420.000 55.099
425.000 55.507
430.000 56.181
435.000 56.524
440.000 57.047
445.000 57.247
450.000 57.133
455.000 56.149
460.000 55.297
465.000 53.209
470.000 50.865
475.000 49.464
480.000 46.926
485.000 45.503
490.000 43.104
495.000 40.660
500.000 39.528
505.000 37.395
510.000 36.346
515.000 34.448
520.000 33.514
525.000 31.710
530.000 29.961
535.000 29.113
540.000 27.321
545.000 25.523
550.000 24.634
555.000 22.921
560.000 22.092
565.000 20.604
570.000 19.794
575.000 18.550
580.000 17.306
585.000 16.775
590.000 15.761
595.000 15.207
600.000 14.324
605.000 13.419
610.000 13.000
615.000 12.205
620.000 11.755
625.000 10.800
630.000 9.742
635.000 9.222
640.000 8.235
645.000 7.783
650.000 6.961
655.000 6.259
660.000 5.941
665.000 5.409
670.000 5.187
675.000 4.781
680.000 4.494
685.000 4.404
690.000 4.258
695.000 4.184
700.000 4.033
705.000 3.966
710.000 3.838
715.000 3.734
720.000 3.673
725.000 3.570
730.000 3.473
735.000 3.429
740.000 3.329
745.000 3.288
750.000 3.198
755.000 3.121
760.000 3.082
765.000 3.009
770.000 2.975
775.000 2.917
780.000 2.886
785.000 2.834
790.000 2.786
795.000 2.762
800.000 2.739
805.000 2.691
810.000 2.667
815.000 2.600
820.000 2.562
825.000 2.472
830.000 2.426
835.000 2.348
840.000 2.272
845.000 2.242
850.000 2.176
855.000 2.120
860.000 2.096
865.000 2.044
870.000 2.018
875.000 1.973
880.000 1.930
885.000 1.905
890.000 1.868
895.000 1.850
900.000 1.824
905.000 1.796
910.000 1.781
915.000 1.765
920.000 1.736
925.000 1.716
930.000 1.691
935.000 1.681
940.000 1.672
945.000 1.664
950.000 1.646
955.000 1.631
960.000 1.626
965.000 1.614
970.000 1.600
975.000 1.590
980.000 1.575
985.000 1.566
990.000 1.567
995.000 1.559
1000.000 1.568
1005.000 1.561
1010.000 1.560
1015.000 1.571
1020.000 1.599
1025.000 1.588
1030.000 1.634
1035.000 1.651
1040.000 1.713
1045.000 1.750
1050.000 1.845
1055.000 1.952
1060.000 2.021
1065.000 2.202
1070.000 2.312
1075.000 2.573
1080.000 2.811
1085.000 2.955
1090.000 3.317
1095.000 3.547
1100.000 4.121
1105.000 4.483
1110.000 5.440
1115.000 6.672
1120.000 7.392
1125.000 8.991
1130.000 10.444
1135.000 10.966
1140.000 11.200
1145.000 10.833
1150.000 9.426
1155.000 7.784
1160.000 7.028
1165.000 5.694
1170.000 5.198
1175.000 4.385
1180.000 4.082
1185.000 3.642
1190.000 3.451
1195.000 3.178
1200.000 3.054
1205.000 2.850
1210.000 2.680
1215.000 2.533
1220.000 2.451
1225.000 2.361
1230.000 2.203
1235.000 2.070
1240.000 1.954
1245.000 1.904
1250.000 1.856
1255.000 1.769
1260.000 1.691
1265.000 1.625
1270.000 1.595
1275.000 1.545
1280.000 1.518
1285.000 1.476
1290.000 1.458
1295.000 1.424
1300.000 1.392
1305.000 1.376
1310.000 1.348
1315.000 1.331
1320.000 1.317
1325.000 1.295
1330.000 1.283
1335.000 1.260
1340.000 1.240
1345.000 1.231
1350.000 1.210
1355.000 1.201
1360.000 1.184
1365.000 1.169
1370.000 1.161
1375.000 1.147
1380.000 1.142
1385.000 1.130
1390.000 1.121
1395.000 1.116
1400.000 1.105
1405.000 1.100
1410.000 1.091
1415.000 1.082
1420.000 1.078
1425.000 1.069
1430.000 1.066
1435.000 1.057
1440.000 1.058
1445.000 1.050
1450.000 1.044
1455.000 1.038
1460.000 1.031
1465.000 1.026
1470.000 1.024
1475.000 1.020
1480.000 1.017
1485.000 1.013
1490.000 1.011
1495.000 1.008
1500.000 1.003
1505.000 1.002
1510.000 0.997
1515.000 0.994
1520.000 0.991
1525.000 0.989
1530.000 0.986
1535.000 0.982
1540.000 0.979
1545.000 0.976
1550.000 0.974
1555.000 0.967
1560.000 0.961
1565.000 0.954
1570.000 0.948
1575.000 0.937
1580.000 0.936
1585.000 0.918
1590.000 0.901
1595.000 0.898
1600.000 0.879
1605.000 0.874
1610.000 0.852
1615.000 0.846
1620.000 0.830
1625.000 0.808
1630.000 0.804
1635.000 0.790
1640.000 0.790
1645.000 0.790
1650.000 0.805
1655.000 0.813
1660.000 0.844
1665.000 0.884
1670.000 0.914
1675.000 0.970
1680.000 0.997
1685.000 1.060
1690.000 1.123
1695.000 1.147
1700.000 1.207
1705.000 1.230
1710.000 1.280
1715.000 1.302
1720.000 1.341
1725.000 1.371
1730.000 1.384
1735.000 1.415
1740.000 1.421
1745.000 1.442
1750.000 1.472
1755.000 1.481
1760.000 1.504
1765.000 1.512
1770.000 1.528
1775.000 1.538
1780.000 1.543
1785.000 1.552
1790.000 1.553
1795.000 1.562
1800.000 1.560
1805.000 1.563
1810.000 1.562
1815.000 1.571
1820.000 1.575
1825.000 1.585
1830.000 1.588
1835.000 1.595
1840.000 1.603
1845.000 1.606
1850.000 1.610
1855.000 1.606
1860.000 1.612
1865.000 1.606
1870.000 1.612
1875.000 1.614
1880.000 1.618
1885.000 1.618
1890.000 1.618
1895.000 1.622
1900.000 1.627
1905.000 1.630
1910.000 1.629
1915.000 1.634
1920.000 1.634
1925.000 1.637
1930.000 1.635
1935.000 1.648
1940.000 1.642
1945.000 1.642
1950.000 1.640
1955.000 1.649
1960.000 1.642
1965.000 1.649
1970.000 1.640
1975.000 1.645
1980.000 1.648
1985.000 1.633
1990.000 1.642
1995.000 1.635
2000.000 1.632
2005.000 1.635
2010.000 1.626
2015.000 1.626
2020.000 1.623
2025.000 1.625
2030.000 1.607
2035.000 1.612
2040.000 1.607
2045.000 1.604
2050.000 1.586
2055.000 1.585
2060.000 1.577
2065.000 1.570
2070.000 1.565
2075.000 1.561
2080.000 1.547
2085.000 1.547
2090.000 1.538
2095.000 1.527
2100.000 1.524
2105.000 1.519
2110.000 1.510
2115.000 1.505
2120.000 1.497
2125.000 1.488
2130.000 1.477
2135.000 1.466
2140.000 1.458
2145.000 1.456
2150.000 1.450
2155.000 1.435
2160.000 1.423
2165.000 1.411
2170.000 1.394
2175.000 1.385
2180.000 1.371
2185.000 1.356
2190.000 1.348
2195.000 1.335
2200.000 1.329
2205.000 1.315
2210.000 1.302
2215.000 1.301
2220.000 1.286
2225.000 1.276
2230.000 1.259
2235.000 1.247
2240.000 1.242
2245.000 1.229
2250.000 1.223
2255.000 1.209
2260.000 1.193
2265.000 1.189
2270.000 1.178
2275.000 1.173
2280.000 1.160
2285.000 1.151
2290.000 1.143
2295.000 1.137
2300.000 1.132
2305.000 1.123
2310.000 1.113
2315.000 1.107
2320.000 1.101
2325.000 1.098
2330.000 1.091
2335.000 1.082
2340.000 1.080
2345.000 1.071
2350.000 1.064
2355.000 1.059
2360.000 1.054
2365.000 1.046
2370.000 1.039
2375.000 1.033
2380.000 1.027
2385.000 1.022
2390.000 1.013
2395.000 1.010
2400.000 1.006
2405.000 1.001
2410.000 0.993
2415.000 0.993
2420.000 0.986
2425.000 0.982
2430.000 0.974
2435.000 0.971
2440.000 0.966
2445.000 0.967
2450.000 0.960
2455.000 0.953
2460.000 0.953
2465.000 0.953
2470.000 0.945
2475.000 0.946
2480.000 0.939
2485.000 0.937
2490.000 0.936
2495.000 0.932
2500.000 0.925
2505.000 0.922
2510.000 0.919
2515.000 0.913
2520.000 0.914
2525.000 0.910
2530.000 0.904
2535.000 0.905
2540.000 0.900
2545.000 0.895
2550.000 0.893
2555.000 0.887
2560.000 0.884
2565.000 0.885
2570.000 0.880
2575.000 0.883
2580.000 0.879
2585.000 0.878
2590.000 0.876
2595.000 0.876
2600.000 0.874
2605.000 0.875
2610.000 0.872
2615.000 0.874
2620.000 0.869
2625.000 0.869
2630.000 0.866
2635.000 0.863
2640.000 0.864
2645.000 0.860
2650.000 0.858
2655.000 0.859
2660.000 0.860
2665.000 0.859
2670.000 0.858
2675.000 0.857
2680.000 0.855
2685.000 0.856
2690.000 0.856
2695.000 0.855
2700.000 0.853
2705.000 0.855
2710.000 0.854
2715.000 0.852
2720.000 0.854
2725.000 0.852
2730.000 0.855
2735.000 0.855
2740.000 0.857
2745.000 0.860
2750.000 0.862
2755.000 0.859
2760.000 0.860
2765.000 0.868
2770.000 0.872
2775.000 0.869
2780.000 0.866
2785.000 0.868
2790.000 0.870
2795.000 0.875
2800.000 0.873
2805.000 0.876
2810.000 0.880
2815.000 0.884
2820.000 0.891
2825.000 0.890
2830.000 0.890
2835.000 0.890
2840.000 0.896
2845.000 0.897
2850.000 0.905
2855.000 0.908
2860.000 0.909
2865.000 0.915
2870.000 0.919
2875.000 0.925
2880.000 0.927
2885.000 0.933
2890.000 0.938
2895.000 0.937
2900.000 0.946
2905.000 0.949
2910.000 0.956
2915.000 0.963
2920.000 0.965
2925.000 0.974
2930.000 0.974
2935.000 0.984
2940.000 0.988
2945.000 0.993
2950.000 1.010
2955.000 1.015
2960.000 1.022
2965.000 1.025
2970.000 1.029
2975.000 1.028
2980.000 1.038
2985.000 1.043
2990.000 1.059
2995.000 1.071
3000.000 1.080
3005.000 1.076
3010.000 1.083
3015.000 1.102
3020.000 1.127
3025.000 1.117
3030.000 1.136
3035.000 1.139
3040.000 1.162
3045.000 1.170
3050.000 1.172
3055.000 1.194
3060.000 1.199
3065.000 1.224
3070.000 1.231
3075.000 1.239
3080.000 1.265
3085.000 1.276
3090.000 1.292
3095.000 1.306
3100.000 1.323
3105.000 1.345
3110.000 1.353
3115.000 1.377
3120.000 1.400
3125.000 1.412
3130.000 1.436
3135.000 1.452
3140.000 1.476
3145.000 1.511
3150.000 1.526
3155.000 1.560
3160.000 1.581
3165.000 1.616
3170.000 1.649
3175.000 1.659
3180.000 1.675
3185.000 1.713
3190.000 1.752
3195.000 1.791
3200.000 1.813
3205.000 1.835
3210.000 1.882
3215.000 1.935
3220.000 1.957
3225.000 2.010
3230.000 2.070
3235.000 2.100
3240.000 2.162
3245.000 2.206
3250.000 2.275
3255.000 2.347
3260.000 2.390
3265.000 2.476
3270.000 2.517
3275.000 2.605
3280.000 2.704
3285.000 2.758
3290.000 2.871
3295.000 2.929
3300.000 3.057
3305.000 3.187
3310.000 3.265
3315.000 3.424
3320.000 3.505
3325.000 3.685
3330.000 3.882
3335.000 3.992
3340.000 4.228
3345.000 4.355
3350.000 4.630
3355.000 4.957
3360.000 5.123
3365.000 5.503
3370.000 5.722
3375.000 6.230
3380.000 6.518
3385.000 7.218
3390.000 8.085
3395.000 8.609
3400.000 9.891
3405.000 11.522
3410.000 12.515
3415.000 14.954
3420.000 16.439
3425.000 19.945
3430.000 24.015
3435.000 26.145
3440.000 30.097
3445.000 31.662
3450.000 33.346
3455.000 32.260
3460.000 30.175
3465.000 25.128
3470.000 22.620
3475.000 18.187
3480.000 14.823
3485.000 13.500
3490.000 11.406
3495.000 10.571
3500.000 9.284
3505.000 8.478
3510.000 8.169
3515.000 7.654
3520.000 7.419
3525.000 7.000
3530.000 6.619
3535.000 6.445
3540.000 6.136
3545.000 5.973
3550.000 5.707
3555.000 5.464
3560.000 5.356
3565.000 5.251
3570.000 5.049
3575.000 4.869
3580.000 4.715
3585.000 4.636
3590.000 4.497
3595.000 4.426
3600.000 4.299
3605.000 4.192
3610.000 4.140
3615.000 4.047
3620.000 3.999
3625.000 3.916
3630.000 3.832
3635.000 3.779
3640.000 3.679
3645.000 3.639
3650.000 3.553
3655.000 3.478
3660.000 3.441
3665.000 3.383
3670.000 3.356
3675.000 3.302
3680.000 3.259
3685.000 3.251
3690.000 3.217
3695.000 3.200
3700.000 3.166
3705.000 3.140
3710.000 3.127
3715.000 3.108
3720.000 3.104
3725.000 3.089
3730.000 3.089
3735.000 3.093
3740.000 3.094
3745.000 3.094
3750.000 3.108
3755.000 3.117
3760.000 3.141
3765.000 3.168
3770.000 3.181
3775.000 3.214
3780.000 3.233
3785.000 3.283
3790.000 3.307
3795.000 3.363
3800.000 3.429
3805.000 3.511
3810.000 3.556
3815.000 3.652
3820.000 3.691
3825.000 3.786
3830.000 3.900
3835.000 3.942
3840.000 3.996
3845.000 4.110
3850.000 4.254
3855.000 4.324
3860.000 4.485
3865.000 4.668
3870.000 4.773
3875.000 5.001
3880.000 5.122
3885.000 5.409
3890.000 5.562
3895.000 5.915
3900.000 6.361
3905.000 6.625
3910.000 7.275
3915.000 8.154
3920.000 8.672
3925.000 9.888
3930.000 10.598
3935.000 12.234
3940.000 14.010
3945.000 14.720
3950.000 15.381
3955.000 15.195
3960.000 13.799
3965.000 11.797
3970.000 10.767
3975.000 8.946
3980.000 8.236
3985.000 7.110
3990.000 6.233
3995.000 5.849
4000.000 5.192
4005.000 4.895
4010.000 4.390
4015.000 3.988
4020.000 3.804
4025.000 3.481
4030.000 3.299
4035.000 2.975
4040.000 2.684
4045.000 2.560
4050.000 2.343
4055.000 2.229
4060.000 2.052
4065.000 1.890
4070.000 1.799
4075.000 1.627
4080.000 1.549
4085.000 1.421
4090.000 1.301
4095.000 1.245
4100.000 1.153
4105.000 1.111
4110.000 1.034
4115.000 0.961
4120.000 0.932
4125.000 0.876
4130.000 0.847
4135.000 0.800
4140.000 0.754
4145.000 0.737
4150.000 0.718
4155.000 0.682
4160.000 0.649
4165.000 0.621
4170.000 0.606
4175.000 0.580
4180.000 0.568
4185.000 0.546
4190.000 0.536
4195.000 0.513
4200.000 0.495
4205.000 0.485
4210.000 0.466
4215.000 0.451
4220.000 0.441
4225.000 0.425
4230.000 0.415
4235.000 0.400
4240.000 0.387
4245.000 0.378
4250.000 0.362
4255.000 0.356
4260.000 0.339
4265.000 0.328
4270.000 0.322
4275.000 0.308
4280.000 0.305
4285.000 0.293
4290.000 0.283
4295.000 0.280
4300.000 0.274
4305.000 0.267
4310.000 0.260
4315.000 0.254
4320.000 0.252
4325.000 0.246
4330.000 0.243
4335.000 0.236
4340.000 0.232
4345.000 0.229
4350.000 0.225
4355.000 0.222
4360.000 0.219
4365.000 0.215
4370.000 0.214
4375.000 0.210
4380.000 0.208
4385.000 0.204
4390.000 0.202
4395.000 0.200
4400.000 0.196
4405.000 0.197
4410.000 0.194
4415.000 0.192
4420.000 0.190
4425.000 0.190
4430.000 0.188
4435.000 0.184
4440.000 0.181
4445.000 0.182
4450.000 0.179
4455.000 0.177
4460.000 0.177
4465.000 0.176
4470.000 0.173
4475.000 0.171
4480.000 0.171
4485.000 0.169
4490.000 0.169
4495.000 0.170
4500.000 0.168
4505.000 0.167
4510.000 0.165
4515.000 0.165
4520.000 0.164
4525.000 0.163
4530.000 0.161
4535.000 0.163
4540.000 0.160
4545.000 0.159
4550.000 0.160
4555.000 0.159
4560.000 0.159
4565.000 0.158
4570.000 0.158
4575.000 0.156
4580.000 0.154
4585.000 0.156
4590.000 0.156
4595.000 0.155
4600.000 0.156
4605.000 0.156
4610.000 0.156
4615.000 0.157
4620.000 0.156
4625.000 0.156
4630.000 0.156
4635.000 0.158
4640.000 0.158
4645.000 0.158
4650.000 0.161
4655.000 0.160
4660.000 0.161
4665.000 0.162
4670.000 0.160
4675.000 0.164
4680.000 0.162
4685.000 0.163
4690.000 0.165
4695.000 0.166
4700.000 0.168
4705.000 0.168
4710.000 0.170
4715.000 0.170
4720.000 0.171
4725.000 0.171
4730.000 0.173
4735.000 0.172
4740.000 0.173
4745.000 0.172
4750.000 0.172
4755.000 0.173
4760.000 0.172
4765.000 0.171
4770.000 0.171
4775.000 0.170
4780.000 0.169
4785.000 0.168
4790.000 0.167
4795.000 0.165
4800.000 0.164
4805.000 0.162
4810.000 0.161
4815.000 0.159
4820.000 0.156
4825.000 0.155
4830.000 0.152
4835.000 0.151
4840.000 0.150
4845.000 0.148
4850.000 0.145
4855.000 0.143
4860.000 0.144
4865.000 0.141
4870.000 0.137
4875.000 0.138
4880.000 0.133
4885.000 0.135
4890.000 0.130
4895.000 0.128
4900.000 0.127
4905.000 0.124
4910.000 0.119
4915.000 0.118
4920.000 0.117
4925.000 0.112
4930.000 0.112
4935.000 0.109
4940.000 0.107
4945.000 0.105
4950.000 0.101
4955.000 0.096
4960.000 0.094
4965.000 0.089
4970.000 0.090
4975.000 0.085
4980.000 0.084
4985.000 0.081
4990.000 0.072
4995.000 0.070
5000.000 0.079
5005.000 0.069
5010.000 0.067
5015.000 0.068
5020.000 0.074
5025.000 0.078
5030.000 0.069
5035.000 0.078
5040.000 0.082
5045.000 0.084
5050.000 0.081
5055.000 0.089
5060.000 0.094
5065.000 0.092
5070.000 0.093
5075.000 0.101
5080.000 0.106
5085.000 0.114
5090.000 0.114
5095.000 0.121
5100.000 0.126
5105.000 0.131
5110.000 0.138
5115.000 0.141
5120.000 0.148
5125.000 0.150
5130.000 0.156
5135.000 0.159
5140.000 0.163
5145.000 0.169
5150.000 0.173
5155.000 0.178
5160.000 0.185
5165.000 0.188
5170.000 0.195
5175.000 0.197
5180.000 0.203
5185.000 0.208
5190.000 0.211
5195.000 0.217
5200.000 0.218
5205.000 0.225
5210.000 0.230
5215.000 0.234
5220.000 0.237
5225.000 0.240
5230.000 0.245
5235.000 0.251
5240.000 0.253
5245.000 0.257
5250.000 0.259
5255.000 0.263
5260.000 0.268
5265.000 0.270
5270.000 0.275
5275.000 0.275
5280.000 0.281
5285.000 0.285
5290.000 0.285
5295.000 0.294
5300.000 0.293
5305.000 0.297
5310.000 0.301
5315.000 0.301
5320.000 0.302
5325.000 0.305
5330.000 0.308
5335.000 0.312
5340.000 0.316
5345.000 0.318
5350.000 0.319
5355.000 0.321
5360.000 0.323
5365.000 0.324
5370.000 0.326
5375.000 0.327
5380.000 0.330
5385.000 0.332
5390.000 0.333
5395.000 0.335
5400.000 0.337
5405.000 0.338
5410.000 0.341
5415.000 0.344
5420.000 0.345
5425.000 0.349
5430.000 0.349
5435.000 0.351
5440.000 0.355
5445.000 0.357
5450.000 0.358
5455.000 0.362
5460.000 0.362
5465.000 0.365
5470.000 0.364
5475.000 0.367
5480.000 0.372
5485.000 0.373
5490.000 0.375
5495.000 0.381
5500.000 0.380
5505.000 0.382
5510.000 0.382
5515.000 0.376
5520.000 0.388
5525.000 0.389
5530.000 0.390
5535.000 0.389
5540.000 0.385
5545.000 0.386
5550.000 0.387
5555.000 0.383
5560.000 0.384
5565.000 0.385
5570.000 0.385
5575.000 0.385
5580.000 0.390
5585.000 0.389
5590.000 0.389
5595.000 0.393
5600.000 0.392
5605.000 0.391
5610.000 0.393
5615.000 0.391
5620.000 0.391
5625.000 0.391
5630.000 0.392
5635.000 0.395
5640.000 0.393
5645.000 0.395
5650.000 0.399
5655.000 0.392
5660.000 0.396
5665.000 0.396
5670.000 0.398
5675.000 0.399
5680.000 0.397
5685.000 0.394
5690.000 0.394
5695.000 0.398
5700.000 0.399
5705.000 0.400
5710.000 0.400
5715.000 0.398
5720.000 0.403
5725.000 0.402
5730.000 0.401
5735.000 0.406
5740.000 0.402
5745.000 0.404
5750.000 0.402
5755.000 0.404
5760.000 0.405
5765.000 0.407
5770.000 0.404
5775.000 0.405
5780.000 0.408
5785.000 0.407
5790.000 0.410
5795.000 0.409
5800.000 0.408
5805.000 0.407
5810.000 0.408
5815.000 0.409
5820.000 0.408
5825.000 0.407
5830.000 0.408
5835.000 0.407
5840.000 0.412
5845.000 0.414
5850.000 0.415
5855.000 0.414
5860.000 0.416
5865.000 0.421
5870.000 0.418
5875.000 0.420
5880.000 0.420
5885.000 0.421
5890.000 0.423
5895.000 0.421
5900.000 0.421
5905.000 0.427
5910.000 0.426
5915.000 0.428
5920.000 0.428
5925.000 0.427
5930.000 0.426
5935.000 0.430
5940.000 0.428
5945.000 0.433
5950.000 0.436
5955.000 0.438
5960.000 0.436
5965.000 0.439
5970.000 0.446
5975.000 0.439
5980.000 0.435
5985.000 0.444
5990.000 0.443
5995.000 0.451
6000.000 0.457
6005.000 0.449
6010.000 0.450
6015.000 0.457
6020.000 0.467
6025.000 0.458
6030.000 0.464
6035.000 0.453
6040.000 0.457
6045.000 0.458
6050.000 0.464
6055.000 0.461
6060.000 0.470
6065.000 0.465
6070.000 0.470
6075.000 0.472
6080.000 0.471
6085.000 0.469
6090.000 0.477
6095.000 0.478
6100.000 0.479
6105.000 0.484
6110.000 0.480
6115.000 0.485
6120.000 0.484
6125.000 0.489
6130.000 0.490
6135.000 0.494
6140.000 0.492
6145.000 0.495
6150.000 0.497
6155.000 0.500
6160.000 0.502
6165.000 0.503
6170.000 0.502
6175.000 0.505
6180.000 0.507
6185.000 0.507
6190.000 0.514
6195.000 0.513
6200.000 0.514
6205.000 0.519
6210.000 0.514
6215.000 0.520
6220.000 0.519
6225.000 0.522
6230.000 0.523
6235.000 0.526
6240.000 0.528
6245.000 0.531
6250.000 0.535
6255.000 0.539
6260.000 0.542
6265.000 0.542
6270.000 0.546
6275.000 0.551
6280.000 0.557
6285.000 0.560
6290.000 0.560
6295.000 0.560
6300.000 0.569
6305.000 0.584
6310.000 0.577
6315.000 0.610
6320.000 0.604
6325.000 0.599
6330.000 0.601
6335.000 0.602
6340.000 0.603
6345.000 0.601
6350.000 0.609
6355.000 0.613
6360.000 0.613
6365.000 0.621
6370.000 0.626
6375.000 0.622
6380.000 0.630
6385.000 0.634
6390.000 0.638
6395.000 0.637
6400.000 0.654
6405.000 0.665
6410.000 0.663
6415.000 0.666
6420.000 0.672
6425.000 0.682
6430.000 0.691
6435.000 0.693
6440.000 0.697
6445.000 0.708
6450.000 0.718
6455.000 0.730
6460.000 0.735
6465.000 0.740
6470.000 0.747
6475.000 0.763
6480.000 0.766
6485.000 0.777
6490.000 0.793
6495.000 0.799
6500.000 0.812
6505.000 0.826
6510.000 0.834
6515.000 0.852
6520.000 0.858
6525.000 0.872
6530.000 0.884
6535.000 0.901
6540.000 0.911
6545.000 0.929
6550.000 0.945
6555.000 0.956
6560.000 0.978
6565.000 0.987
6570.000 1.012
6575.000 1.033
6580.000 1.044
6585.000 1.072
6590.000 1.102
6595.000 1.123
6600.000 1.147
6605.000 1.164
6610.000 1.197
6615.000 1.232
6620.000 1.248
6625.000 1.284
6630.000 1.305
6635.000 1.344
6640.000 1.367
6645.000 1.406
6650.000 1.456
6655.000 1.479
6660.000 1.533
6665.000 1.594
6670.000 1.624
6675.000 1.692
6680.000 1.731
6685.000 1.807
6690.000 1.886
6695.000 1.923
6700.000 2.010
6705.000 2.053
6710.000 2.152
6715.000 2.257
6720.000 2.319
6725.000 2.441
6730.000 2.516
6735.000 2.670
6740.000 2.833
6745.000 2.924
6750.000 3.121
6755.000 3.233
6760.000 3.481
6765.000 3.777
6770.000 3.944
6775.000 4.342
6780.000 4.571
6785.000 5.132
6790.000 5.853
6795.000 6.275
6800.000 7.365
6805.000 8.018
6810.000 9.819
6815.000 12.013
6820.000 13.330
6825.000 16.538
6830.000 18.289
6835.000 22.090
6840.000 25.468
6845.000 26.767
6850.000 27.625
6855.000 27.650
6860.000 24.447
6865.000 19.804
6870.000 17.651
6875.000 13.998
6880.000 12.535
6885.000 10.280
6890.000 8.681
6895.000 8.055
6900.000 7.056
6905.000 6.681
6910.000 6.171
6915.000 5.813
6920.000 5.663
6925.000 5.519
6930.000 5.268
6935.000 5.037
6940.000 4.836
6945.000 4.743
6950.000 4.659
6955.000 4.513
6960.000 4.382
6965.000 4.281
6970.000 4.232
6975.000 4.156
6980.000 4.113
6985.000 4.041
6990.000 3.998
6995.000 3.964
7000.000 3.950
7005.000 3.911
7010.000 3.886
7015.000 3.885
7020.000 3.897
7025.000 3.897
7030.000 3.891
7035.000 3.924
7040.000 3.955
7045.000 3.965
7050.000 4.000
7055.000 4.019
7060.000 4.130
7065.000 4.179
7070.000 4.270
7075.000 4.393
7080.000 4.461
7085.000 4.614
7090.000 4.791
7095.000 4.899
7100.000 5.127
7105.000 5.261
7110.000 5.566
7115.000 5.731
7120.000 6.118
7125.000 6.599
7130.000 6.903
7135.000 7.649
7140.000 8.105
7145.000 9.221
7150.000 9.892
7155.000 11.493
7160.000 13.249
7165.000 14.096
7170.000 15.361
7175.000 15.428
7180.000 14.823
7185.000 12.865
7190.000 11.753
7195.000 9.678
7200.000 8.042
7205.000 7.436
7210.000 6.471
7215.000 6.067
7220.000 5.366
7225.000 4.794
7230.000 4.552
7235.000 4.115
7240.000 3.911
7245.000 3.565
7250.000 3.270
7255.000 3.136
7260.000 2.903
7265.000 2.787
7270.000 2.601
7275.000 2.427
7280.000 2.351
7285.000 2.188
7290.000 2.098
7295.000 1.933
7300.000 1.789
7305.000 1.719
7310.000 1.603
7315.000 1.548
7320.000 1.453
7325.000 1.365
7330.000 1.323
7335.000 1.244
7340.000 1.209
7345.000 1.143
7350.000 1.086
7355.000 1.059
7360.000 1.017
7365.000 0.993
7370.000 0.945
7375.000 0.904
7380.000 0.886
7385.000 0.853
7390.000 0.837
7395.000 0.812
7400.000 0.779
7405.000 0.766
7410.000 0.742
7415.000 0.733
7420.000 0.714
7425.000 0.695
7430.000 0.685
7435.000 0.667
7440.000 0.658
7445.000 0.643
7450.000 0.627
7455.000 0.623
7460.000 0.607
7465.000 0.601
7470.000 0.588
7475.000 0.576
7480.000 0.571
7485.000 0.567
7490.000 0.557
7495.000 0.547
7500.000 0.538
7505.000 0.532
7510.000 0.526
7515.000 0.521
7520.000 0.513
7525.000 0.512
7530.000 0.502
7535.000 0.496
7540.000 0.492
7545.000 0.485
7550.000 0.480
7555.000 0.478
7560.000 0.472
7565.000 0.470
7570.000 0.465
7575.000 0.460
7580.000 0.457
7585.000 0.452
7590.000 0.452
7595.000 0.446
7600.000 0.444
7605.000 0.442
7610.000 0.436
7615.000 0.434
7620.000 0.430
7625.000 0.429
7630.000 0.426
7635.000 0.424
7640.000 0.422
7645.000 0.419
7650.000 0.416
7655.000 0.414
7660.000 0.412
7665.000 0.412
7670.000 0.408
7675.000 0.405
7680.000 0.403
7685.000 0.402
7690.000 0.402
7695.000 0.400
7700.000 0.398
7705.000 0.397
7710.000 0.394
7715.000 0.393
7720.000 0.392
7725.000 0.392
7730.000 0.389
7735.000 0.390
7740.000 0.386
7745.000 0.385
7750.000 0.384
7755.000 0.382
7760.000 0.384
7765.000 0.382
7770.000 0.380
7775.000 0.379
7780.000 0.378
7785.000 0.378
7790.000 0.377
7795.000 0.376
7800.000 0.377
7805.000 0.373
7810.000 0.374
7815.000 0.375
7820.000 0.374
7825.000 0.374
7830.000 0.372
7835.000 0.371
7840.000 0.370
7845.000 0.371
7850.000 0.372
7855.000 0.370
7860.000 0.370
7865.000 0.369
7870.000 0.368
7875.000 0.371
7880.000 0.366
7885.000 0.366
7890.000 0.369
7895.000 0.368
7900.000 0.366
7905.000 0.365
7910.000 0.365
7915.000 0.366
7920.000 0.362
7925.000 0.362
7930.000 0.362
7935.000 0.361
7940.000 0.360
7945.000 0.360
7950.000 0.360
7955.000 0.359
7960.000 0.355
7965.000 0.357
7970.000 0.350
7975.000 0.348
7980.000 0.344
7985.000 0.343
7990.000 0.347
7995.000 0.358
8000.000 0.356
8005.000 0.375
8010.000 0.381
8015.000 0.377
8020.000 0.366
8025.000 0.370
8030.000 0.365
8035.000 0.360
8040.000 0.358
8045.000 0.361
8050.000 0.366
8055.000 0.362
8060.000 0.363
8065.000 0.364
8070.000 0.366
8075.000 0.367
8080.000 0.366
8085.000 0.364
8090.000 0.365
8095.000 0.364
8100.000 0.365
8105.000 0.365
8110.000 0.365
8115.000 0.363
8120.000 0.365
8125.000 0.365
8130.000 0.363
8135.000 0.363
8140.000 0.363
8145.000 0.364
8150.000 0.366
8155.000 0.365
8160.000 0.365
8165.000 0.364
8170.000 0.366
8175.000 0.366
8180.000 0.364
8185.000 0.364
8190.000 0.363
8195.000 0.366
8200.000 0.364
8205.000 0.365
8210.000 0.367
8215.000 0.364
8220.000 0.367
8225.000 0.364
8230.000 0.364
8235.000 0.366
8240.000 0.367
8245.000 0.368
8250.000 0.367
8255.000 0.366
8260.000 0.367
8265.000 0.369
8270.000 0.368
8275.000 0.367
8280.000 0.367
8285.000 0.367
8290.000 0.368
8295.000 0.368
8300.000 0.370
8305.000 0.368
8310.000 0.368
8315.000 0.368
8320.000 0.368
8325.000 0.369
8330.000 0.370
8335.000 0.367
8340.000 0.370
8345.000 0.368
8350.000 0.368
8355.000 0.368
8360.000 0.365
8365.000 0.369
8370.000 0.370
8375.000 0.369
8380.000 0.372
8385.000 0.369
8390.000 0.369
8395.000 0.368
8400.000 0.370
8405.000 0.369
8410.000 0.370
8415.000 0.370
8420.000 0.370
8425.000 0.370
8430.000 0.372
8435.000 0.371
8440.000 0.374
8445.000 0.370
8450.000 0.373
8455.000 0.372
8460.000 0.374
8465.000 0.373
8470.000 0.375
8475.000 0.373
8480.000 0.376
8485.000 0.374
8490.000 0.375
8495.000 0.374
8500.000 0.376
8505.000 0.376
8510.000 0.376
8515.000 0.377
8520.000 0.375
8525.000 0.376
8530.000 0.381
8535.000 0.380
8540.000 0.380
8545.000 0.379
8550.000 0.377
8555.000 0.379
8560.000 0.379
8565.000 0.379
8570.000 0.380
8575.000 0.380
8580.000 0.382
8585.000 0.380
8590.000 0.379
8595.000 0.379
8600.000 0.381
8605.000 0.381
8610.000 0.381
8615.000 0.381
8620.000 0.381
8625.000 0.382
8630.000 0.383
8635.000 0.383
8640.000 0.383
8645.000 0.382
8650.000 0.384
8655.000 0.382
8660.000 0.381
8665.000 0.382
8670.000 0.380
8675.000 0.383
8680.000 0.381
8685.000 0.383
8690.000 0.381
8695.000 0.381
8700.000 0.381
8705.000 0.380
8710.000 0.378
8715.000 0.381
8720.000 0.379
8725.000 0.382
8730.000 0.394
8735.000 0.400
8740.000 0.413
8745.000 0.420
8750.000 0.427
8755.000 0.432
8760.000 0.433
8765.000 0.430
8770.000 0.431
8775.000 0.422
8780.000 0.418
8785.000 0.408
8790.000 0.404
8795.000 0.402
8800.000 0.396
8805.000 0.398
8810.000 0.394
8815.000 0.400
8820.000 0.404
8825.000 0.382
8830.000 0.422
8835.000 0.385
8840.000 0.405
8845.000 0.401
8850.000 0.401
8855.000 0.397
8860.000 0.398
8865.000 0.398
8870.000 0.398
8875.000 0.399
8880.000 0.400
8885.000 0.404
8890.000 0.405
8895.000 0.401
8900.000 0.415
8905.000 0.415
8910.000 0.415
8915.000 0.413
8920.000 0.411
8925.000 0.409
8930.000 0.408
8935.000 0.408
8940.000 0.407
8945.000 0.406
8950.000 0.408
8955.000 0.574
8960.000 0.574
8965.000 0.569
8970.000 0.542
8975.000 0.502
8980.000 0.469
8985.000 0.453
8990.000 0.439
8995.000 0.421
9000.000 0.416
9005.000 0.408
9010.000 0.408
9015.000 0.404
9020.000 0.409
9025.000 0.413
9030.000 0.412
9035.000 0.410
9040.000 0.413
9045.000 0.414
9050.000 0.412
9055.000 0.413
9060.000 0.415
9065.000 0.418
9070.000 0.417
9075.000 0.417
9080.000 0.418
9085.000 0.415
9090.000 0.417
9095.000 0.419
9100.000 0.419
9105.000 0.418
9110.000 0.420
9115.000 0.421
9120.000 0.424
9125.000 0.424
9130.000 0.426
9135.000 0.427
9140.000 0.426
9145.000 0.429
9150.000 0.428
9155.000 0.430
9160.000 0.434
9165.000 0.432
9170.000 0.434
9175.000 0.433
9180.000 0.434
9185.000 0.436
9190.000 0.435
9195.000 0.437
9200.000 0.440
9205.000 0.439
9210.000 0.440
9215.000 0.457
9220.000 0.461
9225.000 0.458
9230.000 0.456
9235.000 0.454
9240.000 0.454
9245.000 0.451
9250.000 0.452
9255.000 0.453
9260.000 0.452
9265.000 0.450
9270.000 0.451
9275.000 0.452
9280.000 0.454
9285.000 0.453
9290.000 0.456
9295.000 0.459
9300.000 0.458
9305.000 0.460
9310.000 0.462
9315.000 0.462
9320.000 0.462
9325.000 0.464
9330.000 0.463
9335.000 0.464
9340.000 0.464
9345.000 0.466
9350.000 0.470
9355.000 0.470
9360.000 0.471
9365.000 0.470
9370.000 0.472
9375.000 0.470
9380.000 0.473
9385.000 0.473
9390.000 0.474
9395.000 0.477
9400.000 0.473
9405.000 0.475
9410.000 0.476
9415.000 0.477
9420.000 0.478
9425.000 0.479
9430.000 0.480
9435.000 0.480
9440.000 0.480
9445.000 0.478
9450.000 0.481
9455.000 0.484
9460.000 0.480
9465.000 0.484
9470.000 0.483
9475.000 0.482
9480.000 0.483
9485.000 0.486
9490.000 0.483
9495.000 0.484
9500.000 0.485
9505.000 0.483
9510.000 0.483
9515.000 0.489
9520.000 0.485
9525.000 0.492
9530.000 0.491
9535.000 0.496
9540.000 0.496
9545.000 0.494
9550.000 0.491
9555.000 0.494
9560.000 0.497
9565.000 0.495
9570.000 0.497
9575.000 0.497
9580.000 0.498
9585.000 0.500
9590.000 0.501
9595.000 0.504
9600.000 0.504
9605.000 0.511
9610.000 0.507
9615.000 0.512
9620.000 0.517
9625.000 0.516
9630.000 0.514
9635.000 0.512
9640.000 0.515
9645.000 0.517
9650.000 0.515
9655.000 0.517
9660.000 0.517
9665.000 0.519
9670.000 0.521
9675.000 0.522
9680.000 0.522
9685.000 0.524
9690.000 0.525
9695.000 0.528
9700.000 0.531
9705.000 0.531
9710.000 0.535
9715.000 0.536
9720.000 0.536
9725.000 0.539
9730.000 0.541
9735.000 0.543
9740.000 0.544
9745.000 0.543
9750.000 0.551
9755.000 0.553
9760.000 0.554
9765.000 0.558
9770.000 0.557
9775.000 0.564
9780.000 0.564
9785.000 0.567
9790.000 0.566
9795.000 0.572
9800.000 0.580
9805.000 0.585
9810.000 0.590
9815.000 0.594
9820.000 0.595
9825.000 0.598
9830.000 0.597
9835.000 0.599
9840.000 0.597
9845.000 0.605
9850.000 0.608
9855.000 0.609
9860.000 0.614
9865.000 0.617
9870.000 0.616
9875.000 0.627
9880.000 0.628
9885.000 0.636
9890.000 0.637
9895.000 0.644
9900.000 0.647
9905.000 0.650
9910.000 0.658
9915.000 0.659
9920.000 0.668
9925.000 0.676
9930.000 0.680
9935.000 0.689
9940.000 0.690
9945.000 0.698
9950.000 0.702
9955.000 0.709
9960.000 0.716
9965.000 0.729
9970.000 0.735
9975.000 0.749
9980.000 0.752
9985.000 0.758
9990.000 0.770
9995.000 0.783
10000.000 0.801
10005.000 0.799
10010.000 0.814
10015.000 0.824
10020.000 0.850
10025.000 0.868
10030.000 0.868
10035.000 0.899
10040.000 0.907
10045.000 0.935
10050.000 0.944
10055.000 0.962
10060.000 0.991
10065.000 1.007
10070.000 1.036
10075.000 1.063
10080.000 1.080
10085.000 1.115
10090.000 1.131
10095.000 1.170
10100.000 1.209
10105.000 1.238
10110.000 1.289
10115.000 1.321
10120.000 1.373
10125.000 1.408
10130.000 1.479
10135.000 1.553
10140.000 1.595
10145.000 1.693
10150.000 1.802
10155.000 1.862
10160.000 2.003
10165.000 2.080
10170.000 2.265
10175.000 2.492
10180.000 2.626
10185.000 2.782
10190.000 3.136
10195.000 3.618
10200.000 3.896
10205.000 4.560
10210.000 5.339
10215.000 5.745
10220.000 6.502
10225.000 6.983
10230.000 7.029
10235.000 6.661
10240.000 6.302
10245.000 5.461
10250.000 5.034
10255.000 4.266
10260.000 3.936
10265.000 3.388
10270.000 3.009
10275.000 2.734
10280.000 2.691
10285.000 2.495
10290.000 2.405
10295.000 2.242
10300.000 2.108
10305.000 2.047
10310.000 1.942
10315.000 1.891
10320.000 1.815
10325.000 1.742
10330.000 1.712
10335.000 1.658
10340.000 1.636
10345.000 1.597
10350.000 1.566
10355.000 1.556
10360.000 1.539
10365.000 1.531
10370.000 1.523
10375.000 1.520
10380.000 1.522
10385.000 1.538
10390.000 1.549
10395.000 1.565
10400.000 1.583
10405.000 1.604
10410.000 1.640
10415.000 1.664
10420.000 1.726
10425.000 1.758
10430.000 1.829
10435.000 1.915
10440.000 1.967
10445.000 2.079
10450.000 2.145
10455.000 2.285
10460.000 2.375
10465.000 2.579
10470.000 2.839
10475.000 2.991
10480.000 3.362
10485.000 3.826
10490.000 4.086
10495.000 4.670
10500.000 4.969
10505.000 5.513
10510.000 5.815
10515.000 5.820
10520.000 5.526
10525.000 5.271
10530.000 4.671
10535.000 4.068
10540.000 3.813
10545.000 3.394
10550.000 3.202
10555.000 2.861
10560.000 2.725
10565.000 2.469
10570.000 2.263
10575.000 2.172
10580.000 2.013
10585.000 1.871
10590.000 1.805
10595.000 1.692
10600.000 1.637
10605.000 1.547
10610.000 1.467
10615.000 1.432
10620.000 1.360
10625.000 1.329
10630.000 1.278
10635.000 1.223
10640.000 1.201
10645.000 1.149
10650.000 1.126
10655.000 1.078
10660.000 1.042
10665.000 1.022
10670.000 0.990
10675.000 0.978
10680.000 0.936
10685.000 0.914
10690.000 0.902
10695.000 0.874
10700.000 0.862
10705.000 0.841
10710.000 0.824
10715.000 0.816
10720.000 0.804
10725.000 0.786
10730.000 0.764
10735.000 0.750
10740.000 0.743
10745.000 0.727
10750.000 0.720
10755.000 0.706
10760.000 0.694
10765.000 0.689
10770.000 0.678
10775.000 0.670
10780.000 0.660
10785.000 0.648
10790.000 0.647
10795.000 0.630
10800.000 0.626
10805.000 0.618
10810.000 0.611
10815.000 0.599
10820.000 0.592
10825.000 0.591
10830.000 0.582
10835.000 0.573
10840.000 0.573
10845.000 0.563
10850.000 0.559
10855.000 0.559
10860.000 0.549
10865.000 0.544
10870.000 0.540
10875.000 0.538
10880.000 0.534
10885.000 0.528
10890.000 0.526
10895.000 0.524
10900.000 0.520
10905.000 0.516
10910.000 0.508
10915.000 0.506
10920.000 0.505
10925.000 0.501
10930.000 0.501
10935.000 0.498
10940.000 0.496
10945.000 0.498
10950.000 0.495
10955.000 0.489
10960.000 0.489
10965.000 0.492
10970.000 0.488
10975.000 0.489
10980.000 0.489
10985.000 0.486
10990.000 0.488
10995.000 0.485
11000.000 0.476
11005.000 0.484
11010.000 0.485
11015.000 0.483
11020.000 0.475
11025.000 0.481
11030.000 0.483
11035.000 0.477
11040.000 0.475
11045.000 0.477
11050.000 0.481
11055.000 0.478
11060.000 0.480
11065.000 0.477
11070.000 0.480
11075.000 0.478
11080.000 0.474
11085.000 0.472
11090.000 0.472
11095.000 0.465
11100.000 0.463
11105.000 0.462
11110.000 0.460
11115.000 0.461
11120.000 0.459
11125.000 0.457
11130.000 0.454
11135.000 0.455
11140.000 0.454
11145.000 0.456
11150.000 0.455
11155.000 0.454
11160.000 0.453
11165.000 0.453
11170.000 0.455
11175.000 0.452
11180.000 0.452
11185.000 0.453
11190.000 0.451
11195.000 0.450
11200.000 0.451
11205.000 0.449
11210.000 0.445
11215.000 0.448
11220.000 0.448
11225.000 0.447
11230.000 0.446
11235.000 0.445
11240.000 0.446
11245.000 0.443
11250.000 0.444
11255.000 0.440
11260.000 0.440
11265.000 0.440
11270.000 0.436
11275.000 0.435
11280.000 0.437
11285.000 0.434
11290.000 0.434
11295.000 0.434
11300.000 0.433
11305.000 0.434
11310.000 0.437
11315.000 0.435
11320.000 0.433
11325.000 0.433
11330.000 0.432
11335.000 0.429
11340.000 0.434
11345.000 0.430
11350.000 0.433
11355.000 0.428
11360.000 0.430
11365.000 0.427
11370.000 0.428
11375.000 0.429
11380.000 0.428
11385.000 0.429
11390.000 0.424
11395.000 0.421
11400.000 0.425
11405.000 0.426
11410.000 0.424
11415.000 0.422
11420.000 0.422
11425.000 0.422
11430.000 0.422
11435.000 0.423
11440.000 0.421
11445.000 0.418
11450.000 0.417
11455.000 0.413
11460.000 0.412
11465.000 0.415
11470.000 0.412
11475.000 0.410
11480.000 0.413
11485.000 0.413
11490.000 0.410
11495.000 0.411
11500.000 0.411
11505.000 0.411
11510.000 0.414
11515.000 0.419
11520.000 0.422
11525.000 0.415
11530.000 0.417
11535.000 0.416
11540.000 0.414
11545.000 0.410
11550.000 0.412
11555.000 0.408
11560.000 0.410
11565.000 0.411
11570.000 0.413
11575.000 0.410
11580.000 0.411
11585.000 0.411
11590.000 0.408
11595.000 0.407
11600.000 0.407
11605.000 0.407
11610.000 0.407
11615.000 0.405
11620.000 0.403
11625.000 0.406
11630.000 0.408
11635.000 0.406
11640.000 0.406
11645.000 0.408
11650.000 0.404
11655.000 0.405
11660.000 0.412
11665.000 0.411
11670.000 0.403
11675.000 0.407
11680.000 0.407
11685.000 0.406
11690.000 0.407
11695.000 0.405
11700.000 0.405
11705.000 0.407
11710.000 0.407
11715.000 0.409
11720.000 0.406
11725.000 0.409
11730.000 0.410
11735.000 0.408
11740.000 0.408
11745.000 0.409
11750.000 0.407
11755.000 0.405
11760.000 0.409
11765.000 0.407
11770.000 0.402
11775.000 0.408
11780.000 0.406
11785.000 0.403
11790.000 0.403
11795.000 0.400
11800.000 0.399
11805.000 0.400
11810.000 0.398
11815.000 0.394
11820.000 0.398
11825.000 0.395
11830.000 0.400
11835.000 0.399
11840.000 0.399
11845.000 0.400
11850.000 0.398
11855.000 0.394
11860.000 0.394
11865.000 0.392
11870.000 0.392
11875.000 0.393
11880.000 0.392
11885.000 0.390
11890.000 0.392
11895.000 0.393
11900.000 0.389
11905.000 0.389
11910.000 0.392
11915.000 0.392
11920.000 0.393
11925.000 0.395
11930.000 0.393
11935.000 0.399
11940.000 0.393
11945.000 0.392
11950.000 0.391
11955.000 0.396
11960.000 0.389
11965.000 0.387
11970.000 0.391
11975.000 0.393
11980.000 0.391
11985.000 0.393
11990.000 0.394
11995.000 0.389
12000.000 0.395
