105.000 0.108
110.000 0.057
115.000 14.482
120.000 17.708
125.000 18.988
130.000 21.079
135.000 21.575
140.000 22.630
145.000 23.264
150.000 23.748
155.000 24.411
160.000 24.485
165.000 24.690
170.000 24.250
175.000 24.119
180.000 23.740
185.000 23.654
190.000 23.585
195.000 23.761
200.000 23.833
205.000 24.093
210.000 24.221
215.000 24.521
220.000 24.911
225.000 25.134
230.000 25.751
235.000 26.064
240.000 26.439
245.000 26.666
250.000 26.747
255.000 27.236
260.000 27.510
265.000 28.104
270.000 28.563
275.000 28.878
280.000 29.344
285.000 29.468
290.000 29.835
295.000 30.159
300.000 30.367
305.000 30.662
310.000 30.745
315.000 31.153
320.000 31.599
325.000 31.783
330.000 32.322
335.000 32.677
340.000 33.310
345.000 34.050
350.000 34.520
355.000 35.336
360.000 35.924
365.000 36.997
370.000 38.274
375.000 38.974
380.000 40.462
385.000 41.239
390.000 43.032
395.000 44.843
400.000 45.787
405.000 47.677
410.000 48.568
415.000 50.497
420.000 52.140
425.000 52.871
430.000 54.168
435.000 54.634
440.000 55.344
445.000 55.586
450.000 55.474
455.000 54.683
460.000 53.887
465.000 51.777
470.000 49.259
475.000 47.973
480.000 45.361
485.000 44.134
490.000 41.353
495.000 38.992
500.000 37.828
505.000 35.529
510.000 34.524
515.000 32.523
520.000 31.591
525.000 29.824
530.000 27.928
535.000 26.828
540.000 24.613
545.000 23.577
550.000 21.666
555.000 19.981
560.000 19.205
565.000 17.879
570.000 17.279
575.000 16.218
580.000 15.308
585.000 14.880
590.000 13.961
595.000 13.477
600.000 12.471
605.000 11.386
610.000 10.830
615.000 9.701
620.000 9.175
625.000 8.196
630.000 7.320
635.000 6.924
640.000 6.217
645.000 5.923
650.000 5.418
655.000 4.986
660.000 4.838
665.000 4.625
670.000 4.534
675.000 4.348
680.000 4.168
685.000 4.101
690.000 3.960
695.000 3.879
700.000 3.744
705.000 3.612
710.000 3.562
715.000 3.440
720.000 3.380
725.000 3.280
730.000 3.180
735.000 3.141
740.000 3.039
745.000 2.999
750.000 2.911
755.000 2.824
760.000 2.785
765.000 2.703
770.000 2.663
775.000 2.568
780.000 2.468
785.000 2.427
790.000 2.358
795.000 2.312
800.000 2.264
805.000 2.206
810.000 2.164
815.000 2.096
820.000 2.058
825.000 1.973
830.000 1.894
835.000 1.858
840.000 1.791
845.000 1.763
850.000 1.697
855.000 1.644
860.000 1.622
865.000 1.569
870.000 1.544
875.000 1.498
880.000 1.452
885.000 1.430
890.000 1.386
895.000 1.370
900.000 1.336
905.000 1.303
910.000 1.286
915.000 1.257
920.000 1.237
925.000 1.207
930.000 1.181
935.000 1.166
940.000 1.143
945.000 1.128
950.000 1.108
955.000 1.091
960.000 1.073
965.000 1.055
970.000 1.056
975.000 1.028
980.000 1.017
985.000 1.016
990.000 1.000
995.000 0.998
1000.000 0.990
1005.000 0.973
1010.000 0.970
1015.000 0.965
1020.000 0.968
1025.000 0.965
1030.000 0.969
1035.000 0.967
1040.000 0.981
1045.000 0.978
1050.000 0.980
1055.000 0.998
1060.000 1.001
1065.000 1.019
1070.000 1.020
1075.000 1.033
1080.000 1.054
1085.000 1.069
1090.000 1.094
1095.000 1.107
1100.000 1.138
1105.000 1.160
1110.000 1.206
1115.000 1.256
1120.000 1.279
1125.000 1.348
1130.000 1.371
1135.000 1.445
1140.000 1.523
1145.000 1.570
1150.000 1.678
1155.000 1.735
1160.000 1.864
1165.000 2.008
1170.000 2.092
1175.000 2.283
1180.000 2.385
1185.000 2.563
1190.000 2.736
1195.000 2.825
1200.000 3.023
1205.000 3.140
1210.000 3.380
1215.000 3.680
1220.000 3.855
1225.000 4.261
1230.000 4.500
1235.000 5.085
1240.000 5.799
1245.000 6.213
1250.000 7.233
1255.000 7.850
1260.000 9.364
1265.000 11.345
1270.000 12.602
1275.000 15.268
1280.000 16.918
1285.000 20.926
1290.000 25.333
1295.000 27.573
1300.000 31.751
1305.000 33.417
1310.000 35.219
1315.000 33.984
1320.000 31.648
1325.000 25.776
1330.000 22.871
1335.000 17.974
1340.000 14.361
1345.000 12.949
1350.000 10.724
1355.000 9.854
1360.000 8.488
1365.000 7.457
1370.000 7.076
1375.000 6.476
1380.000 6.263
1385.000 5.908
1390.000 5.599
1395.000 5.442
1400.000 5.203
1405.000 5.101
1410.000 4.877
1415.000 4.676
1420.000 4.585
1425.000 4.417
1430.000 4.339
1435.000 4.182
1440.000 3.990
1445.000 3.899
1450.000 3.732
1455.000 3.656
1460.000 3.508
1465.000 3.381
1470.000 3.325
1475.000 3.223
1480.000 3.173
1485.000 3.090
1490.000 2.998
1495.000 2.955
1500.000 2.874
1505.000 2.839
1510.000 2.765
1515.000 2.697
1520.000 2.672
1525.000 2.617
1530.000 2.587
1535.000 2.530
1540.000 2.477
1545.000 2.451
1550.000 2.400
1555.000 2.372
1560.000 2.324
1565.000 2.271
1570.000 2.247
1575.000 2.193
1580.000 2.162
1585.000 2.111
1590.000 2.057
1595.000 2.022
1600.000 1.961
1605.000 1.920
1610.000 1.841
1615.000 1.765
1620.000 1.730
1625.000 1.658
1630.000 1.623
1635.000 1.573
1640.000 1.544
1645.000 1.535
1650.000 1.540
1655.000 1.565
1660.000 1.626
1665.000 1.726
1670.000 1.787
1675.000 1.895
1680.000 1.941
1685.000 2.046
1690.000 2.138
1695.000 2.188
1700.000 2.272
1705.000 2.307
1710.000 2.372
1715.000 2.410
1720.000 2.457
1725.000 2.503
1730.000 2.523
1735.000 2.564
1740.000 2.582
1745.000 2.608
1750.000 2.627
1755.000 2.637
1760.000 2.655
1765.000 2.665
1770.000 2.675
1775.000 2.688
1780.000 2.692
1785.000 2.698
1790.000 2.705
1795.000 2.706
1800.000 2.714
1805.000 2.716
1810.000 2.727
1815.000 2.728
1820.000 2.736
1825.000 2.746
1830.000 2.740
1835.000 2.748
1840.000 2.748
1845.000 2.751
1850.000 2.746
1855.000 2.748
1860.000 2.747
1865.000 2.743
1870.000 2.740
1875.000 2.729
1880.000 2.730
1885.000 2.734
1890.000 2.730
1895.000 2.727
1900.000 2.728
1905.000 2.730
1910.000 2.728
1915.000 2.726
1920.000 2.725
1925.000 2.749
1930.000 2.735
1935.000 2.750
1940.000 2.729
1945.000 2.728
1950.000 2.717
1955.000 2.708
1960.000 2.712
1965.000 2.703
1970.000 2.700
1975.000 2.687
1980.000 2.685
1985.000 2.686
1990.000 2.695
1995.000 2.680
2000.000 2.675
2005.000 2.669
2010.000 2.650
2015.000 2.647
2020.000 2.641
2025.000 2.630
2030.000 2.610
2035.000 2.607
2040.000 2.593
2045.000 2.580
2050.000 2.570
2055.000 2.551
2060.000 2.535
2065.000 2.536
2070.000 2.518
2075.000 2.495
2080.000 2.491
2085.000 2.475
2090.000 2.462
2095.000 2.443
2100.000 2.425
2105.000 2.419
2110.000 2.401
2115.000 2.393
2120.000 2.370
2125.000 2.345
2130.000 2.337
2135.000 2.314
2140.000 2.302
2145.000 2.285
2150.000 2.260
2155.000 2.248
2160.000 2.225
2165.000 2.213
2170.000 2.189
2175.000 2.162
2180.000 2.145
2185.000 2.117
2190.000 2.108
2195.000 2.078
2200.000 2.051
2205.000 2.038
2210.000 2.016
2215.000 2.004
2220.000 1.980
2225.000 1.953
2230.000 1.937
2235.000 1.916
2240.000 1.906
2245.000 1.880
2250.000 1.859
2255.000 1.847
2260.000 1.824
2265.000 1.810
2270.000 1.795
2275.000 1.771
2280.000 1.764
2285.000 1.742
2290.000 1.730
2295.000 1.716
2300.000 1.703
2305.000 1.682
2310.000 1.665
2315.000 1.653
2320.000 1.635
2325.000 1.629
2330.000 1.614
2335.000 1.598
2340.000 1.590
2345.000 1.571
2350.000 1.567
2355.000 1.550
2360.000 1.534
2365.000 1.526
2370.000 1.512
2375.000 1.502
2380.000 1.490
2385.000 1.475
2390.000 1.471
2395.000 1.457
2400.000 1.448
2405.000 1.438
2410.000 1.424
2415.000 1.421
2420.000 1.406
2425.000 1.402
2430.000 1.390
2435.000 1.380
2440.000 1.374
2445.000 1.362
2450.000 1.353
2455.000 1.347
2460.000 1.340
2465.000 1.336
2470.000 1.328
2475.000 1.320
2480.000 1.309
2485.000 1.302
2490.000 1.297
2495.000 1.286
2500.000 1.283
2505.000 1.269
2510.000 1.264
2515.000 1.257
2520.000 1.249
2525.000 1.247
2530.000 1.239
2535.000 1.230
2540.000 1.228
2545.000 1.220
2550.000 1.213
2555.000 1.208
2560.000 1.200
2565.000 1.198
2570.000 1.197
2575.000 1.191
2580.000 1.185
2585.000 1.179
2590.000 1.180
2595.000 1.170
2600.000 1.169
2605.000 1.169
2610.000 1.160
2615.000 1.156
2620.000 1.153
2625.000 1.149
2630.000 1.148
2635.000 1.146
2640.000 1.139
2645.000 1.135
2650.000 1.140
2655.000 1.132
2660.000 1.130
2665.000 1.127
2670.000 1.124
2675.000 1.124
2680.000 1.119
2685.000 1.121
2690.000 1.116
2695.000 1.112
2700.000 1.114
2705.000 1.110
2710.000 1.104
2715.000 1.106
2720.000 1.106
2725.000 1.110
2730.000 1.101
2735.000 1.102
2740.000 1.103
2745.000 1.102
2750.000 1.102
2755.000 1.103
2760.000 1.107
2765.000 1.112
2770.000 1.115
2775.000 1.112
2780.000 1.107
2785.000 1.106
2790.000 1.104
2795.000 1.107
2800.000 1.108
2805.000 1.115
2810.000 1.113
2815.000 1.113
2820.000 1.118
2825.000 1.120
2830.000 1.123
2835.000 1.125
2840.000 1.127
2845.000 1.131
2850.000 1.133
2855.000 1.134
2860.000 1.138
2865.000 1.139
2870.000 1.144
2875.000 1.148
2880.000 1.153
2885.000 1.158
2890.000 1.166
2895.000 1.171
2900.000 1.176
2905.000 1.178
2910.000 1.182
2915.000 1.193
2920.000 1.196
2925.000 1.197
2930.000 1.207
2935.000 1.207
2940.000 1.225
2945.000 1.233
2950.000 1.241
2955.000 1.249
2960.000 1.253
2965.000 1.257
2970.000 1.274
2975.000 1.279
2980.000 1.287
2985.000 1.296
2990.000 1.290
2995.000 1.304
3000.000 1.326
3005.000 1.318
3010.000 1.328
3015.000 1.341
3020.000 1.370
3025.000 1.366
3030.000 1.377
3035.000 1.399
3040.000 1.407
3045.000 1.427
3050.000 1.439
3055.000 1.443
3060.000 1.464
3065.000 1.477
3070.000 1.500
3075.000 1.510
3080.000 1.533
3085.000 1.542
3090.000 1.564
3095.000 1.585
3100.000 1.599
3105.000 1.625
3110.000 1.635
3115.000 1.656
3120.000 1.683
3125.000 1.698
3130.000 1.725
3135.000 1.744
3140.000 1.779
3145.000 1.812
3150.000 1.829
3155.000 1.874
3160.000 1.896
3165.000 1.945
3170.000 1.976
3175.000 1.987
3180.000 2.032
3185.000 2.055
3190.000 2.099
3195.000 2.124
3200.000 2.176
3205.000 2.232
3210.000 2.259
3215.000 2.325
3220.000 2.351
3225.000 2.417
3230.000 2.491
3235.000 2.529
3240.000 2.601
3245.000 2.637
3250.000 2.735
3255.000 2.819
3260.000 2.869
3265.000 2.969
3270.000 3.029
3275.000 3.145
3280.000 3.260
3285.000 3.330
3290.000 3.473
3295.000 3.550
3300.000 3.713
3305.000 3.882
3310.000 3.977
3315.000 4.181
3320.000 4.289
3325.000 4.529
3330.000 4.801
3335.000 4.948
3340.000 5.270
3345.000 5.447
3350.000 5.869
3355.000 6.411
3360.000 6.710
3365.000 7.434
3370.000 7.861
3375.000 8.864
3380.000 10.082
3385.000 10.847
3390.000 12.756
3395.000 13.944
3400.000 16.862
3405.000 20.529
3410.000 22.611
3415.000 27.048
3420.000 29.188
3425.000 32.614
3430.000 33.865
3435.000 33.348
3440.000 29.120
3445.000 23.670
3450.000 21.088
3455.000 16.763
3460.000 15.061
3465.000 12.395
3470.000 10.475
3475.000 9.637
3480.000 8.527
3485.000 8.144
3490.000 7.533
3495.000 7.273
3500.000 6.795
3505.000 6.377
3510.000 6.181
3515.000 5.817
3520.000 5.657
3525.000 5.351
3530.000 5.079
3535.000 4.954
3540.000 4.721
3545.000 4.611
3550.000 4.410
3555.000 4.225
3560.000 4.139
3565.000 3.986
3570.000 3.907
3575.000 3.723
3580.000 3.548
3585.000 3.466
3590.000 3.317
3595.000 3.247
3600.000 3.113
3605.000 3.004
3610.000 2.953
3615.000 2.835
3620.000 2.777
3625.000 2.666
3630.000 2.565
3635.000 2.515
3640.000 2.433
3645.000 2.391
3650.000 2.319
3655.000 2.250
3660.000 2.216
3665.000 2.160
3670.000 2.132
3675.000 2.083
3680.000 2.037
3685.000 2.014
3690.000 1.979
3695.000 1.957
3700.000 1.916
3705.000 1.881
3710.000 1.863
3715.000 1.833
3720.000 1.817
3725.000 1.793
3730.000 1.770
3735.000 1.756
3740.000 1.734
3745.000 1.724
3750.000 1.704
3755.000 1.690
3760.000 1.680
3765.000 1.667
3770.000 1.650
3775.000 1.644
3780.000 1.618
3785.000 1.624
3790.000 1.601
3795.000 1.600
3800.000 1.602
3805.000 1.597
3810.000 1.587
3815.000 1.590
3820.000 1.586
3825.000 1.585
3830.000 1.582
3835.000 1.586
3840.000 1.586
3845.000 1.589
3850.000 1.594
3855.000 1.593
3860.000 1.601
3865.000 1.607
3870.000 1.611
3875.000 1.620
3880.000 1.626
3885.000 1.638
3890.000 1.653
3895.000 1.660
3900.000 1.675
3905.000 1.688
3910.000 1.706
3915.000 1.729
3920.000 1.740
3925.000 1.768
3930.000 1.784
3935.000 1.814
3940.000 1.843
3945.000 1.855
3950.000 1.871
3955.000 1.881
3960.000 1.902
3965.000 1.927
3970.000 1.931
3975.000 1.968
3980.000 1.982
3985.000 2.007
3990.000 2.051
3995.000 2.058
4000.000 2.095
4005.000 2.126
4010.000 2.179
4015.000 2.241
4020.000 2.263
4025.000 2.347
4030.000 2.356
4035.000 2.416
4040.000 2.467
4045.000 2.504
4050.000 2.594
4055.000 2.628
4060.000 2.732
4065.000 2.842
4070.000 2.911
4075.000 3.056
4080.000 3.131
4085.000 3.314
4090.000 3.492
4095.000 3.568
4100.000 3.763
4105.000 3.862
4110.000 4.088
4115.000 4.348
4120.000 4.493
4125.000 4.856
4130.000 5.068
4135.000 5.578
4140.000 6.249
4145.000 6.655
4150.000 7.692
4155.000 8.337
4160.000 9.933
4165.000 12.010
4170.000 13.178
4175.000 15.530
4180.000 16.502
4185.000 17.330
4190.000 15.995
4195.000 14.729
4200.000 11.918
4205.000 10.604
4210.000 8.430
4215.000 6.804
4220.000 6.166
4225.000 5.239
4230.000 4.898
4235.000 4.326
4240.000 3.844
4245.000 3.636
4250.000 3.255
4255.000 3.076
4260.000 2.745
4265.000 2.462
4270.000 2.337
4275.000 2.122
4280.000 2.023
4285.000 1.854
4290.000 1.668
4295.000 1.579
4300.000 1.431
4305.000 1.365
4310.000 1.248
4315.000 1.146
4320.000 1.102
4325.000 1.020
4330.000 0.983
4335.000 0.917
4340.000 0.861
4345.000 0.832
4350.000 0.783
4355.000 0.759
4360.000 0.718
4365.000 0.679
4370.000 0.661
4375.000 0.625
4380.000 0.612
4385.000 0.582
4390.000 0.568
4395.000 0.541
4400.000 0.519
4405.000 0.508
4410.000 0.486
4415.000 0.475
4420.000 0.457
4425.000 0.440
4430.000 0.432
4435.000 0.413
4440.000 0.405
4445.000 0.391
4450.000 0.377
4455.000 0.369
4460.000 0.356
4465.000 0.350
4470.000 0.340
4475.000 0.328
4480.000 0.321
4485.000 0.311
4490.000 0.307
4495.000 0.299
4500.000 0.289
4505.000 0.286
4510.000 0.276
4515.000 0.272
4520.000 0.266
4525.000 0.259
4530.000 0.256
4535.000 0.249
4540.000 0.246
4545.000 0.241
4550.000 0.236
4555.000 0.233
4560.000 0.227
4565.000 0.226
4570.000 0.222
4575.000 0.217
4580.000 0.217
4585.000 0.213
4590.000 0.211
4595.000 0.208
4600.000 0.204
4605.000 0.204
4610.000 0.203
4615.000 0.200
4620.000 0.200
4625.000 0.199
4630.000 0.198
4635.000 0.195
4640.000 0.196
4645.000 0.196
4650.000 0.193
4655.000 0.193
4660.000 0.193
4665.000 0.193
4670.000 0.191
4675.000 0.190
4680.000 0.190
4685.000 0.189
4690.000 0.188
4695.000 0.186
4700.000 0.184
4705.000 0.181
4710.000 0.181
4715.000 0.178
4720.000 0.176
4725.000 0.172
4730.000 0.171
4735.000 0.166
4740.000 0.164
4745.000 0.160
4750.000 0.156
4755.000 0.154
4760.000 0.149
4765.000 0.147
4770.000 0.142
4775.000 0.136
4780.000 0.131
4785.000 0.129
4790.000 0.125
4795.000 0.119
4800.000 0.115
4805.000 0.113
4810.000 0.106
4815.000 0.105
4820.000 0.099
4825.000 0.093
4830.000 0.094
4835.000 0.088
4840.000 0.084
4845.000 0.078
4850.000 0.072
4855.000 0.068
4860.000 0.063
4865.000 0.060
4870.000 0.056
4875.000 0.052
4880.000 0.048
4885.000 0.045
4890.000 0.043
4895.000 0.040
4900.000 0.033
4905.000 0.032
4910.000 0.034
4915.000 0.029
4920.000 0.029
4925.000 0.028
4930.000 0.028
4935.000 0.028
4940.000 0.030
4945.000 0.034
4950.000 0.040
4955.000 0.040
4960.000 0.045
4965.000 0.047
4970.000 0.053
4975.000 0.055
4980.000 0.062
4985.000 0.068
4990.000 0.080
4995.000 0.085
5000.000 0.085
5005.000 0.101
5010.000 0.106
5015.000 0.111
5020.000 0.119
5025.000 0.118
5030.000 0.130
5035.000 0.145
5040.000 0.150
5045.000 0.159
5050.000 0.165
5055.000 0.168
5060.000 0.175
5065.000 0.188
5070.000 0.197
5075.000 0.202
5080.000 0.215
5085.000 0.221
5090.000 0.230
5095.000 0.239
5100.000 0.246
5105.000 0.253
5110.000 0.263
5115.000 0.270
5120.000 0.277
5125.000 0.282
5130.000 0.291
5135.000 0.297
5140.000 0.301
5145.000 0.308
5150.000 0.311
5155.000 0.317
5160.000 0.322
5165.000 0.326
5170.000 0.329
5175.000 0.332
5180.000 0.339
5185.000 0.344
5190.000 0.346
5195.000 0.351
5200.000 0.354
5205.000 0.360
5210.000 0.365
5215.000 0.367
5220.000 0.369
5225.000 0.370
5230.000 0.374
5235.000 0.379
5240.000 0.379
5245.000 0.382
5250.000 0.384
5255.000 0.385
5260.000 0.391
5265.000 0.391
5270.000 0.391
5275.000 0.394
5280.000 0.396
5285.000 0.397
5290.000 0.397
5295.000 0.398
5300.000 0.398
5305.000 0.399
5310.000 0.398
5315.000 0.403
5320.000 0.402
5325.000 0.403
5330.000 0.406
5335.000 0.405
5340.000 0.406
5345.000 0.408
5350.000 0.408
5355.000 0.408
5360.000 0.413
5365.000 0.412
5370.000 0.423
5375.000 0.421
5380.000 0.419
5385.000 0.419
5390.000 0.422
5395.000 0.422
5400.000 0.420
5405.000 0.426
5410.000 0.424
5415.000 0.424
5420.000 0.427
5425.000 0.426
5430.000 0.427
5435.000 0.429
5440.000 0.428
5445.000 0.431
5450.000 0.432
5455.000 0.432
5460.000 0.434
5465.000 0.437
5470.000 0.440
5475.000 0.440
5480.000 0.442
5485.000 0.447
5490.000 0.444
5495.000 0.448
5500.000 0.450
5505.000 0.449
5510.000 0.453
5515.000 0.453
5520.000 0.460
5525.000 0.460
5530.000 0.467
5535.000 0.471
5540.000 0.468
5545.000 0.468
5550.000 0.468
5555.000 0.470
5560.000 0.470
5565.000 0.473
5570.000 0.475
5575.000 0.481
5580.000 0.474
5585.000 0.480
5590.000 0.479
5595.000 0.477
5600.000 0.479
5605.000 0.478
5610.000 0.474
5615.000 0.472
5620.000 0.477
5625.000 0.478
5630.000 0.479
5635.000 0.478
5640.000 0.477
5645.000 0.478
5650.000 0.478
5655.000 0.478
5660.000 0.475
5665.000 0.479
5670.000 0.475
5675.000 0.478
5680.000 0.478
5685.000 0.479
5690.000 0.481
5695.000 0.479
5700.000 0.485
5705.000 0.483
5710.000 0.485
5715.000 0.483
5720.000 0.481
5725.000 0.484
5730.000 0.484
5735.000 0.483
5740.000 0.486
5745.000 0.486
5750.000 0.485
5755.000 0.487
5760.000 0.485
5765.000 0.487
5770.000 0.490
5775.000 0.485
5780.000 0.494
5785.000 0.498
5790.000 0.496
5795.000 0.493
5800.000 0.495
5805.000 0.495
5810.000 0.492
5815.000 0.497
5820.000 0.495
5825.000 0.497
5830.000 0.499
5835.000 0.502
5840.000 0.502
5845.000 0.503
5850.000 0.500
5855.000 0.502
5860.000 0.503
5865.000 0.503
5870.000 0.504
5875.000 0.509
5880.000 0.510
5885.000 0.509
5890.000 0.510
5895.000 0.510
5900.000 0.511
5905.000 0.512
5910.000 0.515
5915.000 0.514
5920.000 0.513
5925.000 0.514
5930.000 0.514
5935.000 0.519
5940.000 0.521
5945.000 0.525
5950.000 0.522
5955.000 0.517
5960.000 0.526
5965.000 0.530
5970.000 0.532
5975.000 0.531
5980.000 0.540
5985.000 0.537
5990.000 0.535
5995.000 0.536
6000.000 0.540
6005.000 0.544
6010.000 0.542
6015.000 0.549
6020.000 0.544
6025.000 0.549
6030.000 0.556
6035.000 0.544
6040.000 0.558
6045.000 0.553
6050.000 0.547
6055.000 0.557
6060.000 0.553
6065.000 0.557
6070.000 0.557
6075.000 0.556
6080.000 0.554
6085.000 0.559
6090.000 0.560
6095.000 0.565
6100.000 0.561
6105.000 0.563
6110.000 0.567
6115.000 0.578
6120.000 0.575
6125.000 0.577
6130.000 0.583
6135.000 0.582
6140.000 0.586
6145.000 0.590
6150.000 0.594
6155.000 0.598
6160.000 0.598
6165.000 0.603
6170.000 0.603
6175.000 0.608
6180.000 0.608
6185.000 0.610
6190.000 0.610
6195.000 0.617
6200.000 0.615
6205.000 0.620
6210.000 0.624
6215.000 0.629
6220.000 0.632
6225.000 0.636
6230.000 0.636
6235.000 0.638
6240.000 0.643
6245.000 0.642
6250.000 0.655
6255.000 0.654
6260.000 0.657
6265.000 0.663
6270.000 0.666
6275.000 0.669
6280.000 0.679
6285.000 0.678
6290.000 0.684
6295.000 0.688
6300.000 0.695
6305.000 0.718
6310.000 0.727
6315.000 0.739
6320.000 0.758
6325.000 0.746
6330.000 0.736
6335.000 0.743
6340.000 0.746
6345.000 0.751
6350.000 0.756
6355.000 0.762
6360.000 0.767
6365.000 0.770
6370.000 0.775
6375.000 0.789
6380.000 0.797
6385.000 0.800
6390.000 0.811
6395.000 0.813
6400.000 0.824
6405.000 0.834
6410.000 0.836
6415.000 0.853
6420.000 0.862
6425.000 0.870
6430.000 0.884
6435.000 0.888
6440.000 0.903
6445.000 0.914
6450.000 0.929
6455.000 0.937
6460.000 0.949
6465.000 0.976
6470.000 0.987
6475.000 1.006
6480.000 1.011
6485.000 1.030
6490.000 1.047
6495.000 1.054
6500.000 1.074
6505.000 1.082
6510.000 1.112
6515.000 1.136
6520.000 1.145
6525.000 1.170
6530.000 1.181
6535.000 1.212
6540.000 1.238
6545.000 1.246
6550.000 1.283
6555.000 1.297
6560.000 1.326
6565.000 1.356
6570.000 1.378
6575.000 1.409
6580.000 1.435
6585.000 1.468
6590.000 1.515
6595.000 1.541
6600.000 1.589
6605.000 1.609
6610.000 1.657
6615.000 1.716
6620.000 1.746
6625.000 1.800
6630.000 1.844
6635.000 1.905
6640.000 1.972
6645.000 2.004
6650.000 2.087
6655.000 2.179
6660.000 2.224
6665.000 2.321
6670.000 2.372
6675.000 2.482
6680.000 2.605
6685.000 2.664
6690.000 2.811
6695.000 2.884
6700.000 3.043
6705.000 3.225
6710.000 3.324
6715.000 3.551
6720.000 3.672
6725.000 3.950
6730.000 4.286
6735.000 4.469
6740.000 4.926
6745.000 5.224
6750.000 5.877
6755.000 6.267
6760.000 7.249
6765.000 8.522
6770.000 9.306
6775.000 11.286
6780.000 12.485
6785.000 15.376
6790.000 18.875
6795.000 20.737
6800.000 24.274
6805.000 25.734
6810.000 27.237
6815.000 26.070
6820.000 24.105
6825.000 19.465
6830.000 17.278
6835.000 13.556
6840.000 10.877
6845.000 9.854
6850.000 8.255
6855.000 7.622
6860.000 6.630
6865.000 5.984
6870.000 5.753
6875.000 5.371
6880.000 5.188
6885.000 4.874
6890.000 4.602
6895.000 4.477
6900.000 4.254
6905.000 4.151
6910.000 3.963
6915.000 3.787
6920.000 3.706
6925.000 3.558
6930.000 3.500
6935.000 3.380
6940.000 3.256
6945.000 3.206
6950.000 3.096
6955.000 3.050
6960.000 2.969
6965.000 2.879
6970.000 2.843
6975.000 2.763
6980.000 2.717
6985.000 2.625
6990.000 2.547
6995.000 2.509
7000.000 2.447
7005.000 2.409
7010.000 2.350
7015.000 2.298
7020.000 2.290
7025.000 2.242
7030.000 2.233
7035.000 2.187
7040.000 2.166
7045.000 2.150
7050.000 2.130
7055.000 2.123
7060.000 2.108
7065.000 2.096
7070.000 2.095
7075.000 2.091
7080.000 2.089
7085.000 2.085
7090.000 2.088
7095.000 2.102
7100.000 2.108
7105.000 2.114
7110.000 2.123
7115.000 2.127
7120.000 2.151
7125.000 2.193
7130.000 2.209
7135.000 2.241
7140.000 2.256
7145.000 2.298
7150.000 2.345
7155.000 2.371
7160.000 2.434
7165.000 2.454
7170.000 2.498
7175.000 2.543
7180.000 2.571
7185.000 2.622
7190.000 2.655
7195.000 2.722
7200.000 2.797
7205.000 2.833
7210.000 2.908
7215.000 2.951
7220.000 3.039
7225.000 3.151
7230.000 3.210
7235.000 3.339
7240.000 3.411
7245.000 3.565
7250.000 3.738
7255.000 3.828
7260.000 4.047
7265.000 4.161
7270.000 4.429
7275.000 4.723
7280.000 4.914
7285.000 5.333
7290.000 5.565
7295.000 6.160
7300.000 6.904
7305.000 7.342
7310.000 8.360
7315.000 8.947
7320.000 10.187
7325.000 11.374
7330.000 11.865
7335.000 12.360
7340.000 12.247
7345.000 11.289
7350.000 9.877
7355.000 9.171
7360.000 7.913
7365.000 7.475
7370.000 6.743
7375.000 5.861
7380.000 5.536
7385.000 4.963
7390.000 4.712
7395.000 4.303
7400.000 3.914
7405.000 3.750
7410.000 3.477
7415.000 3.336
7420.000 3.098
7425.000 2.875
7430.000 2.787
7435.000 2.629
7440.000 2.551
7445.000 2.393
7450.000 2.265
7455.000 2.203
7460.000 2.082
7465.000 2.028
7470.000 1.935
7475.000 1.846
7480.000 1.787
7485.000 1.677
7490.000 1.627
7495.000 1.530
7500.000 1.446
7505.000 1.408
7510.000 1.337
7515.000 1.305
7520.000 1.244
7525.000 1.193
7530.000 1.165
7535.000 1.119
7540.000 1.101
7545.000 1.064
7550.000 1.029
7555.000 1.013
7560.000 0.981
7565.000 0.963
7570.000 0.935
7575.000 0.910
7580.000 0.899
7585.000 0.873
7590.000 0.861
7595.000 0.840
7600.000 0.818
7605.000 0.807
7610.000 0.788
7615.000 0.779
7620.000 0.762
7625.000 0.743
7630.000 0.736
7635.000 0.721
7640.000 0.713
7645.000 0.700
7650.000 0.692
7655.000 0.678
7660.000 0.666
7665.000 0.662
7670.000 0.648
7675.000 0.644
7680.000 0.632
7685.000 0.622
7690.000 0.617
7695.000 0.609
7700.000 0.604
7705.000 0.596
7710.000 0.588
7715.000 0.584
7720.000 0.577
7725.000 0.572
7730.000 0.566
7735.000 0.559
7740.000 0.552
7745.000 0.548
7750.000 0.548
7755.000 0.542
7760.000 0.535
7765.000 0.533
7770.000 0.528
7775.000 0.526
7780.000 0.522
7785.000 0.516
7790.000 0.513
7795.000 0.509
7800.000 0.508
7805.000 0.504
7810.000 0.499
7815.000 0.497
7820.000 0.494
7825.000 0.492
7830.000 0.489
7835.000 0.484
7840.000 0.484
7845.000 0.480
7850.000 0.480
7855.000 0.479
7860.000 0.475
7865.000 0.472
7870.000 0.470
7875.000 0.467
7880.000 0.466
7885.000 0.466
7890.000 0.463
7895.000 0.461
7900.000 0.459
7905.000 0.459
7910.000 0.457
7915.000 0.458
7920.000 0.454
7925.000 0.455
7930.000 0.451
7935.000 0.448
7940.000 0.449
7945.000 0.448
7950.000 0.446
7955.000 0.442
7960.000 0.442
7965.000 0.437
7970.000 0.440
7975.000 0.437
7980.000 0.434
7985.000 0.435
7990.000 0.426
7995.000 0.429
8000.000 0.427
8005.000 0.426
8010.000 0.434
8015.000 0.430
8020.000 0.429
8025.000 0.435
8030.000 0.431
8035.000 0.424
8040.000 0.425
8045.000 0.421
8050.000 0.421
8055.000 0.429
8060.000 0.430
8065.000 0.428
8070.000 0.425
8075.000 0.428
8080.000 0.426
8085.000 0.427
8090.000 0.426
8095.000 0.423
8100.000 0.426
8105.000 0.424
8110.000 0.423
8115.000 0.422
8120.000 0.421
8125.000 0.420
8130.000 0.421
8135.000 0.419
8140.000 0.420
8145.000 0.419
8150.000 0.419
8155.000 0.416
8160.000 0.418
8165.000 0.416
8170.000 0.417
8175.000 0.418
8180.000 0.416
8185.000 0.416
8190.000 0.415
8195.000 0.414
8200.000 0.415
8205.000 0.414
8210.000 0.416
8215.000 0.415
8220.000 0.415
8225.000 0.414
8230.000 0.412
8235.000 0.413
8240.000 0.411
8245.000 0.411
8250.000 0.414
8255.000 0.409
8260.000 0.412
8265.000 0.410
8270.000 0.411
8275.000 0.410
8280.000 0.412
8285.000 0.410
8290.000 0.413
8295.000 0.412
8300.000 0.411
8305.000 0.411
8310.000 0.412
8315.000 0.412
8320.000 0.410
8325.000 0.411
8330.000 0.411
8335.000 0.412
8340.000 0.412
8345.000 0.412
8350.000 0.409
8355.000 0.410
8360.000 0.413
8365.000 0.411
8370.000 0.410
8375.000 0.410
8380.000 0.412
8385.000 0.411
8390.000 0.411
8395.000 0.411
8400.000 0.408
8405.000 0.408
8410.000 0.410
8415.000 0.416
8420.000 0.414
8425.000 0.411
8430.000 0.413
8435.000 0.413
8440.000 0.413
8445.000 0.412
8450.000 0.413
8455.000 0.415
8460.000 0.413
8465.000 0.415
8470.000 0.413
8475.000 0.413
8480.000 0.416
8485.000 0.415
8490.000 0.417
8495.000 0.414
8500.000 0.417
8505.000 0.417
8510.000 0.417
8515.000 0.416
8520.000 0.416
8525.000 0.414
8530.000 0.418
8535.000 0.416
8540.000 0.417
8545.000 0.420
8550.000 0.419
8555.000 0.417
8560.000 0.421
8565.000 0.417
8570.000 0.418
8575.000 0.419
8580.000 0.422
8585.000 0.418
8590.000 0.420
8595.000 0.422
8600.000 0.423
8605.000 0.422
8610.000 0.421
8615.000 0.425
8620.000 0.423
8625.000 0.426
8630.000 0.426
8635.000 0.421
8640.000 0.423
8645.000 0.426
8650.000 0.430
8655.000 0.427
8660.000 0.427
8665.000 0.427
8670.000 0.426
8675.000 0.430
8680.000 0.427
8685.000 0.430
8690.000 0.427
8695.000 0.429
8700.000 0.430
8705.000 0.433
8710.000 0.430
8715.000 0.428
8720.000 0.431
8725.000 0.429
8730.000 0.430
8735.000 0.428
8740.000 0.445
8745.000 0.448
8750.000 0.446
8755.000 0.444
8760.000 0.440
8765.000 0.438
8770.000 0.441
8775.000 0.440
8780.000 0.439
8785.000 0.440
8790.000 0.442
8795.000 0.444
8800.000 0.442
8805.000 0.445
8810.000 0.448
8815.000 0.455
8820.000 0.452
8825.000 0.469
8830.000 0.458
8835.000 0.443
8840.000 0.460
8845.000 0.453
8850.000 0.457
8855.000 0.452
8860.000 0.449
8865.000 0.450
8870.000 0.445
8875.000 0.445
8880.000 0.442
8885.000 0.443
8890.000 0.439
8895.000 0.441
8900.000 0.442
8905.000 0.445
8910.000 0.443
8915.000 0.444
8920.000 0.442
8925.000 0.448
8930.000 0.445
8935.000 0.448
8940.000 0.448
8945.000 0.445
8950.000 0.446
8955.000 0.453
8960.000 0.451
8965.000 0.453
8970.000 0.456
8975.000 0.453
8980.000 0.451
8985.000 0.453
8990.000 0.457
8995.000 0.455
9000.000 0.462
9005.000 0.456
9010.000 0.456
9015.000 0.455
9020.000 0.456
9025.000 0.463
9030.000 0.461
9035.000 0.468
9040.000 0.472
9045.000 0.471
9050.000 0.476
9055.000 0.474
9060.000 0.474
9065.000 0.471
9070.000 0.471
9075.000 0.475
9080.000 0.472
9085.000 0.473
9090.000 0.475
9095.000 0.478
9100.000 0.475
9105.000 0.480
9110.000 0.480
9115.000 0.480
9120.000 0.480
9125.000 0.485
9130.000 0.484
9135.000 0.486
9140.000 0.486
9145.000 0.490
9150.000 0.487
9155.000 0.488
9160.000 0.492
9165.000 0.494
9170.000 0.494
9175.000 0.496
9180.000 0.496
9185.000 0.495
9190.000 0.496
9195.000 0.495
9200.000 0.500
9205.000 0.499
9210.000 0.500
9215.000 0.502
9220.000 0.499
9225.000 0.501
9230.000 0.505
9235.000 0.501
9240.000 0.507
9245.000 0.506
9250.000 0.504
9255.000 0.504
9260.000 0.504
9265.000 0.505
9270.000 0.508
9275.000 0.507
9280.000 0.511
9285.000 0.509
9290.000 0.513
9295.000 0.511
9300.000 0.508
9305.000 0.514
9310.000 0.517
9315.000 0.511
9320.000 0.516
9325.000 0.513
9330.000 0.516
9335.000 0.514
9340.000 0.514
9345.000 0.514
9350.000 0.517
9355.000 0.516
9360.000 0.517
9365.000 0.518
9370.000 0.520
9375.000 0.521
9380.000 0.525
9385.000 0.525
9390.000 0.523
9395.000 0.527
9400.000 0.526
9405.000 0.529
9410.000 0.527
9415.000 0.527
9420.000 0.529
9425.000 0.530
9430.000 0.538
9435.000 0.536
9440.000 0.536
9445.000 0.539
9450.000 0.537
9455.000 0.538
9460.000 0.538
9465.000 0.541
9470.000 0.543
9475.000 0.541
9480.000 0.541
9485.000 0.544
9490.000 0.542
9495.000 0.541
9500.000 0.544
9505.000 0.546
9510.000 0.548
9515.000 0.547
9520.000 0.550
9525.000 0.550
9530.000 0.551
9535.000 0.552
9540.000 0.560
9545.000 0.561
9550.000 0.561
9555.000 0.560
9560.000 0.563
9565.000 0.566
9570.000 0.567
9575.000 0.566
9580.000 0.566
9585.000 0.567
9590.000 0.572
9595.000 0.573
9600.000 0.580
9605.000 0.581
9610.000 0.581
9615.000 0.581
9620.000 0.583
9625.000 0.590
9630.000 0.591
9635.000 0.592
9640.000 0.593
9645.000 0.591
9650.000 0.600
9655.000 0.597
9660.000 0.595
9665.000 0.602
9670.000 0.602
9675.000 0.606
9680.000 0.607
9685.000 0.612
9690.000 0.613
9695.000 0.615
9700.000 0.615
9705.000 0.621
9710.000 0.624
9715.000 0.628
9720.000 0.631
9725.000 0.634
9730.000 0.634
9735.000 0.640
9740.000 0.640
9745.000 0.648
9750.000 0.650
9755.000 0.652
9760.000 0.653
9765.000 0.659
9770.000 0.663
9775.000 0.670
9780.000 0.674
9785.000 0.679
9790.000 0.681
9795.000 0.691
9800.000 0.691
9805.000 0.698
9810.000 0.714
9815.000 0.710
9820.000 0.724
9825.000 0.720
9830.000 0.726
9835.000 0.726
9840.000 0.732
9845.000 0.738
9850.000 0.745
9855.000 0.751
9860.000 0.755
9865.000 0.766
9870.000 0.771
9875.000 0.780
9880.000 0.781
9885.000 0.788
9890.000 0.803
9895.000 0.809
9900.000 0.823
9905.000 0.834
9910.000 0.842
9915.000 0.854
9920.000 0.861
9925.000 0.872
9930.000 0.880
9935.000 0.896
9940.000 0.911
9945.000 0.923
9950.000 0.939
9955.000 0.944
9960.000 0.966
9965.000 0.991
9970.000 0.999
9975.000 1.021
9980.000 1.026
9985.000 1.060
9990.000 1.091
9995.000 1.099
10000.000 1.140
10005.000 1.143
10010.000 1.179
10015.000 1.198
10020.000 1.248
10025.000 1.281
10030.000 1.306
10035.000 1.350
10040.000 1.386
10045.000 1.446
10050.000 1.523
10055.000 1.556
10060.000 1.623
10065.000 1.653
10070.000 1.752
10075.000 1.843
10080.000 1.894
10085.000 2.002
10090.000 2.065
10095.000 2.201
10100.000 2.374
10105.000 2.469
10110.000 2.702
10115.000 2.839
10120.000 3.168
10125.000 3.590
10130.000 3.835
10135.000 4.441
10140.000 4.789
10145.000 5.593
10150.000 6.465
10155.000 6.882
10160.000 7.475
10165.000 7.587
10170.000 7.254
10175.000 6.430
10180.000 5.942
10185.000 4.998
10190.000 4.576
10195.000 3.862
10200.000 3.326
10205.000 3.128
10210.000 2.785
10215.000 2.637
10220.000 2.390
10225.000 2.177
10230.000 2.078
10235.000 1.889
10240.000 1.817
10245.000 1.691
10250.000 1.571
10255.000 1.520
10260.000 1.428
10265.000 1.393
10270.000 1.311
10275.000 1.243
10280.000 1.215
10285.000 1.149
10290.000 1.121
10295.000 1.066
10300.000 1.021
10305.000 0.999
10310.000 0.958
10315.000 0.938
10320.000 0.935
10325.000 0.920
10330.000 0.896
10335.000 0.872
10340.000 0.860
10345.000 0.838
10350.000 0.827
10355.000 1.148
10360.000 1.129
10365.000 1.072
10370.000 0.970
10375.000 0.941
10380.000 0.860
10385.000 0.812
10390.000 0.787
10395.000 0.750
10400.000 0.740
10405.000 0.741
10410.000 0.736
10415.000 0.738
10420.000 0.745
10425.000 0.748
10430.000 0.760
10435.000 0.772
10440.000 0.779
10445.000 0.796
10450.000 0.805
10455.000 0.821
10460.000 0.842
10465.000 0.858
10470.000 0.880
10475.000 0.895
10480.000 0.917
10485.000 0.951
10490.000 0.966
10495.000 1.003
10500.000 1.023
10505.000 1.065
10510.000 1.123
10515.000 1.146
10520.000 1.187
10525.000 1.235
10530.000 1.303
10535.000 1.375
10540.000 1.423
10545.000 1.521
10550.000 1.572
10555.000 1.683
10560.000 1.791
10565.000 1.875
10570.000 2.042
10575.000 2.130
10580.000 2.318
10585.000 2.513
10590.000 2.623
10595.000 2.834
10600.000 2.944
10605.000 3.177
10610.000 3.479
10615.000 3.645
10620.000 4.015
10625.000 4.188
10630.000 4.432
10635.000 4.468
10640.000 4.360
10645.000 4.051
10650.000 3.867
10655.000 3.527
10660.000 3.213
10665.000 3.070
10670.000 2.797
10675.000 2.663
10680.000 2.453
10685.000 2.259
10690.000 2.170
10695.000 2.020
10700.000 1.945
10705.000 1.816
10710.000 1.702
10715.000 1.650
10720.000 1.558
10725.000 1.515
10730.000 1.433
10735.000 1.361
10740.000 1.325
10745.000 1.267
10750.000 1.240
10755.000 1.196
10760.000 1.155
10765.000 1.133
10770.000 1.092
10775.000 1.078
10780.000 1.043
10785.000 1.014
10790.000 1.007
10795.000 0.975
10800.000 0.962
10805.000 0.933
10810.000 0.910
10815.000 0.897
10820.000 0.880
10825.000 0.870
10830.000 0.850
10835.000 0.849
10840.000 0.838
10845.000 0.814
10850.000 0.790
10855.000 1.081
10860.000 1.062
10865.000 1.004
10870.000 0.904
10875.000 0.865
10880.000 0.797
10885.000 0.750
10890.000 0.729
10895.000 0.697
10900.000 0.695
10905.000 0.683
10910.000 0.677
10915.000 0.671
10920.000 0.661
10925.000 0.658
10930.000 0.649
10935.000 0.643
10940.000 0.639
10945.000 0.630
10950.000 0.627
10955.000 0.622
10960.000 0.612
10965.000 0.608
10970.000 0.602
10975.000 0.599
10980.000 0.594
10985.000 0.594
10990.000 0.594
10995.000 0.588
11000.000 0.577
11005.000 0.582
11010.000 0.577
11015.000 0.571
11020.000 0.753
11025.000 0.807
11030.000 0.807
11035.000 0.793
11040.000 0.720
11045.000 0.658
11050.000 0.739
11055.000 0.760
11060.000 0.757
11065.000 0.740
11070.000 0.675
11075.000 0.648
11080.000 0.601
11085.000 0.583
11090.000 0.554
11095.000 0.530
11100.000 0.529
11105.000 0.520
11110.000 0.520
11115.000 0.520
11120.000 0.514
11125.000 0.513
11130.000 0.513
11135.000 0.508
11140.000 0.504
11145.000 0.499
11150.000 0.496
11155.000 0.498
11160.000 0.496
11165.000 0.495
11170.000 0.497
11175.000 0.497
11180.000 0.496
11185.000 0.499
11190.000 0.494
11195.000 0.489
11200.000 0.487
11205.000 0.487
11210.000 0.486
11215.000 0.485
11220.000 0.482
11225.000 0.482
11230.000 0.476
11235.000 0.474
11240.000 0.476
11245.000 0.474
11250.000 0.474
11255.000 0.472
11260.000 0.470
11265.000 0.472
11270.000 0.466
11275.000 0.469
11280.000 0.469
11285.000 0.466
11290.000 0.466
11295.000 0.464
11300.000 0.460
11305.000 0.456
11310.000 0.457
11315.000 0.457
11320.000 0.457
11325.000 0.455
11330.000 0.455
11335.000 0.455
11340.000 0.455
11345.000 0.451
11350.000 0.454
11355.000 0.451
11360.000 0.454
11365.000 0.451
11370.000 0.450
11375.000 0.449
11380.000 0.451
11385.000 0.450
11390.000 0.448
11395.000 0.447
11400.000 0.447
11405.000 0.444
11410.000 0.443
11415.000 0.442
11420.000 0.447
11425.000 0.443
11430.000 0.441
11435.000 0.437
11440.000 0.437
11445.000 0.437
11450.000 0.436
11455.000 0.435
11460.000 0.433
11465.000 0.436
11470.000 0.439
11475.000 0.436
11480.000 0.434
11485.000 0.436
11490.000 0.439
11495.000 0.438
11500.000 0.434
11505.000 0.433
11510.000 0.434
11515.000 0.437
11520.000 0.434
11525.000 0.434
11530.000 0.433
11535.000 0.432
11540.000 0.426
11545.000 0.427
11550.000 0.431
11555.000 0.431
11560.000 0.431
11565.000 0.430
11570.000 0.428
11575.000 0.427
11580.000 0.427
11585.000 0.425
11590.000 0.422
11595.000 0.421
11600.000 0.427
11605.000 0.428
11610.000 0.427
11615.000 0.424
11620.000 0.423
11625.000 0.420
11630.000 0.426
11635.000 0.422
11640.000 0.421
11645.000 0.417
11650.000 0.419
11655.000 0.417
11660.000 0.423
11665.000 0.419
11670.000 0.419
11675.000 0.415
11680.000 0.418
11685.000 0.421
11690.000 0.420
11695.000 0.417
11700.000 0.417
11705.000 0.417
11710.000 0.414
11715.000 0.414
11720.000 0.414
11725.000 0.411
11730.000 0.410
11735.000 0.412
11740.000 0.414
11745.000 0.413
11750.000 0.412
11755.000 0.411
11760.000 0.411
11765.000 0.415
11770.000 0.410
11775.000 0.407
11780.000 0.405
11785.000 0.407
11790.000 0.409
11795.000 0.408
11800.000 0.409
11805.000 0.409
11810.000 0.412
11815.000 0.410
11820.000 0.410
11825.000 0.406
11830.000 0.410
11835.000 0.406
11840.000 0.407
11845.000 0.408
11850.000 0.406
11855.000 0.405
11860.000 0.407
11865.000 0.405
11870.000 0.403
11875.000 0.406
11880.000 0.407
11885.000 0.406
11890.000 0.409
11895.000 0.409
11900.000 0.406
11905.000 0.403
11910.000 0.404
11915.000 0.401
11920.000 0.401
11925.000 0.400
11930.000 0.402
11935.000 0.406
11940.000 0.403
11945.000 0.404
11950.000 0.404
11955.000 0.404
11960.000 0.406
11965.000 0.407
11970.000 0.402
11975.000 0.404
11980.000 0.406
11985.000 0.406
11990.000 0.408
11995.000 0.405
12000.000 0.404
