105.000 0.051
110.000 7.312
115.000 9.956
120.000 11.296
125.000 11.931
130.000 13.096
135.000 14.125
140.000 14.464
145.000 15.929
150.000 16.453
155.000 17.687
160.000 17.942
165.000 18.182
170.000 18.060
175.000 17.973
180.000 17.931
185.000 17.793
190.000 17.992
195.000 18.116
200.000 18.206
205.000 18.530
210.000 18.676
215.000 19.159
220.000 19.475
225.000 19.558
230.000 19.803
235.000 19.907
240.000 19.942
245.000 20.047
250.000 20.331
255.000 20.631
260.000 20.803
265.000 21.254
270.000 21.700
275.000 22.046
280.000 22.627
285.000 22.901
290.000 23.696
295.000 24.671
300.000 25.229
305.000 26.304
310.000 26.783
315.000 27.721
320.000 29.041
325.000 29.765
330.000 31.180
335.000 31.826
340.000 33.247
345.000 34.687
350.000 35.477
355.000 36.943
360.000 37.736
365.000 39.402
370.000 41.076
375.000 41.927
380.000 43.661
385.000 44.546
390.000 46.308
395.000 48.237
400.000 49.179
405.000 51.098
410.000 52.009
415.000 53.868
420.000 55.720
425.000 56.648
430.000 58.338
435.000 59.087
440.000 60.243
445.000 61.074
450.000 61.331
455.000 61.599
460.000 61.600
465.000 61.360
470.000 60.583
475.000 60.071
480.000 58.940
485.000 58.339
490.000 57.240
495.000 56.417
500.000 56.096
505.000 55.724
510.000 55.656
515.000 55.741
520.000 56.287
525.000 56.782
530.000 58.149
535.000 58.636
540.000 59.808
545.000 61.348
550.000 62.296
555.000 64.476
560.000 65.716
565.000 68.518
570.000 71.648
575.000 72.562
580.000 72.989
585.000 72.567
590.000 71.018
595.000 69.816
600.000 69.521
605.000 68.225
610.000 66.433
615.000 59.111
620.000 47.075
625.000 42.624
630.000 35.870
635.000 32.981
640.000 28.061
645.000 23.743
650.000 21.726
655.000 18.254
660.000 16.774
665.000 14.197
670.000 12.062
675.000 11.146
680.000 9.582
685.000 8.914
690.000 7.787
695.000 6.843
700.000 6.439
705.000 5.736
710.000 5.424
715.000 4.884
720.000 4.425
725.000 4.216
730.000 3.866
735.000 3.699
740.000 3.390
745.000 3.133
750.000 3.003
755.000 2.795
760.000 2.698
765.000 2.515
770.000 2.440
775.000 2.292
780.000 2.155
785.000 2.093
790.000 1.982
795.000 1.939
800.000 1.855
805.000 1.780
810.000 1.739
815.000 1.662
820.000 1.621
825.000 1.538
830.000 1.465
835.000 1.429
840.000 1.363
845.000 1.325
850.000 1.267
855.000 1.209
860.000 1.184
865.000 1.135
870.000 1.110
875.000 1.064
880.000 1.016
885.000 0.998
890.000 0.962
895.000 0.940
900.000 0.909
905.000 0.877
910.000 0.859
915.000 0.828
920.000 0.814
925.000 0.788
930.000 0.763
935.000 0.750
940.000 0.732
945.000 0.716
950.000 0.694
955.000 0.679
960.000 0.669
965.000 0.650
970.000 0.640
975.000 0.632
980.000 0.624
985.000 0.619
990.000 0.604
995.000 0.604
1000.000 0.592
1005.000 0.602
1010.000 0.595
1015.000 0.603
1020.000 0.599
1025.000 0.616
1030.000 0.626
1035.000 0.640
1040.000 0.658
1045.000 0.670
1050.000 0.713
1055.000 0.759
1060.000 0.780
1065.000 0.847
1070.000 0.879
1075.000 0.971
1080.000 1.079
1085.000 1.149
1090.000 1.310
1095.000 1.398
1100.000 1.646
1105.000 1.990
1110.000 2.215
1115.000 2.857
1120.000 3.311
1125.000 4.578
1130.000 6.100
1135.000 6.727
1140.000 7.138
1145.000 6.835
1150.000 5.658
1155.000 4.520
1160.000 4.060
1165.000 3.340
1170.000 3.059
1175.000 2.606
1180.000 2.268
1185.000 2.131
1190.000 1.913
1195.000 1.816
1200.000 1.660
1205.000 1.543
1210.000 1.487
1215.000 1.395
1220.000 1.357
1225.000 1.286
1230.000 1.228
1235.000 1.200
1240.000 1.158
1245.000 1.143
1250.000 1.108
1255.000 1.079
1260.000 1.067
1265.000 1.045
1270.000 1.037
1275.000 1.020
1280.000 1.003
1285.000 0.996
1290.000 0.986
1295.000 0.978
1300.000 0.968
1305.000 0.963
1310.000 0.961
1315.000 0.959
1320.000 0.959
1325.000 0.957
1330.000 0.956
1335.000 0.957
1340.000 0.960
1345.000 0.962
1350.000 0.965
1355.000 0.969
1360.000 0.979
1365.000 0.991
1370.000 0.993
1375.000 1.005
1380.000 1.014
1385.000 1.027
1390.000 1.049
1395.000 1.057
1400.000 1.084
1405.000 1.100
1410.000 1.127
1415.000 1.158
1420.000 1.177
1425.000 1.217
1430.000 1.236
1435.000 1.286
1440.000 1.332
1445.000 1.351
1450.000 1.388
1455.000 1.407
1460.000 1.448
1465.000 1.495
1470.000 1.524
1475.000 1.575
1480.000 1.606
1485.000 1.680
1490.000 1.755
1495.000 1.794
1500.000 1.893
1505.000 1.941
1510.000 2.054
1515.000 2.190
1520.000 2.269
1525.000 2.451
1530.000 2.559
1535.000 2.826
1540.000 3.178
1545.000 3.400
1550.000 3.967
1555.000 4.331
1560.000 5.296
1565.000 6.682
1570.000 7.535
1575.000 9.479
1580.000 10.494
1585.000 12.115
1590.000 11.971
1595.000 10.911
1600.000 8.203
1605.000 6.964
1610.000 5.070
1615.000 3.817
1620.000 3.351
1625.000 2.647
1630.000 2.377
1635.000 1.964
1640.000 1.680
1645.000 1.584
1650.000 1.433
1655.000 1.375
1660.000 1.291
1665.000 1.237
1670.000 1.220
1675.000 1.185
1680.000 1.174
1685.000 1.153
1690.000 1.135
1695.000 1.126
1700.000 1.102
1705.000 1.087
1710.000 1.053
1715.000 1.015
1720.000 0.990
1725.000 0.947
1730.000 0.927
1735.000 0.887
1740.000 0.849
1745.000 0.830
1750.000 0.792
1755.000 0.773
1760.000 0.738
1765.000 0.703
1770.000 0.687
1775.000 0.659
1780.000 0.644
1785.000 0.614
1790.000 0.589
1795.000 0.574
1800.000 0.555
1805.000 0.542
1810.000 0.521
1815.000 0.499
1820.000 0.490
1825.000 0.473
1830.000 0.459
1835.000 0.441
1840.000 0.425
1845.000 0.416
1850.000 0.400
1855.000 0.394
1860.000 0.380
1865.000 0.364
1870.000 0.359
1875.000 0.345
1880.000 0.337
1885.000 0.326
1890.000 0.313
1895.000 0.310
1900.000 0.299
1905.000 0.292
1910.000 0.280
1915.000 0.270
1920.000 0.264
1925.000 0.256
1930.000 0.249
1935.000 0.239
1940.000 0.237
1945.000 0.225
1950.000 0.217
1955.000 0.214
1960.000 0.203
1965.000 0.198
1970.000 0.189
1975.000 0.179
1980.000 0.175
1985.000 0.165
1990.000 0.169
1995.000 0.156
2000.000 0.152
2005.000 0.148
2010.000 0.135
2015.000 0.135
2020.000 0.127
2025.000 0.124
2030.000 0.114
2035.000 0.112
2040.000 0.110
2045.000 0.104
2050.000 0.091
2055.000 0.090
2060.000 0.083
2065.000 0.082
2070.000 0.078
2075.000 0.072
2080.000 0.071
2085.000 0.064
2090.000 0.065
2095.000 0.063
2100.000 0.057
2105.000 0.055
2110.000 0.055
2115.000 0.052
2120.000 0.054
2125.000 0.051
2130.000 0.052
2135.000 0.052
2140.000 0.052
2145.000 0.054
2150.000 0.057
2155.000 0.059
2160.000 0.060
2165.000 0.062
2170.000 0.064
2175.000 0.066
2180.000 0.069
2185.000 0.070
2190.000 0.073
2195.000 0.076
2200.000 0.078
2205.000 0.080
2210.000 0.083
2215.000 0.085
2220.000 0.085
2225.000 0.090
2230.000 0.090
2235.000 0.093
2240.000 0.096
2245.000 0.097
2250.000 0.101
2255.000 0.100
2260.000 0.105
2265.000 0.105
2270.000 0.108
2275.000 0.112
2280.000 0.112
2285.000 0.116
2290.000 0.115
2295.000 0.119
2300.000 0.119
2305.000 0.120
2310.000 0.124
2315.000 0.125
2320.000 0.128
2325.000 0.129
2330.000 0.131
2335.000 0.132
2340.000 0.134
2345.000 0.135
2350.000 0.138
2355.000 0.140
2360.000 0.141
2365.000 0.143
2370.000 0.145
2375.000 0.145
2380.000 0.145
2385.000 0.147
2390.000 0.147
2395.000 0.150
2400.000 0.151
2405.000 0.152
2410.000 0.154
2415.000 0.156
2420.000 0.156
2425.000 0.158
2430.000 0.159
2435.000 0.159
2440.000 0.160
2445.000 0.162
2450.000 0.164
2455.000 0.165
2460.000 0.166
2465.000 0.167
2470.000 0.168
2475.000 0.169
2480.000 0.170
2485.000 0.171
2490.000 0.172
2495.000 0.173
2500.000 0.175
2505.000 0.176
2510.000 0.177
2515.000 0.175
2520.000 0.175
2525.000 0.176
2530.000 0.174
2535.000 0.174
2540.000 0.176
2545.000 0.175
2550.000 0.176
2555.000 0.176
2560.000 0.177
2565.000 0.176
2570.000 0.178
2575.000 0.178
2580.000 0.180
2585.000 0.181
2590.000 0.181
2595.000 0.182
2600.000 0.182
2605.000 0.182
2610.000 0.183
2615.000 0.182
2620.000 0.184
2625.000 0.185
2630.000 0.182
2635.000 0.182
2640.000 0.181
2645.000 0.181
2650.000 0.182
2655.000 0.185
2660.000 0.187
2665.000 0.186
2670.000 0.185
2675.000 0.186
2680.000 0.185
2685.000 0.186
2690.000 0.186
2695.000 0.185
2700.000 0.186
2705.000 0.186
2710.000 0.187
2715.000 0.184
2720.000 0.187
2725.000 0.186
2730.000 0.188
2735.000 0.188
2740.000 0.188
2745.000 0.187
2750.000 0.188
2755.000 0.188
2760.000 0.188
2765.000 0.191
2770.000 0.191
2775.000 0.191
2780.000 0.192
2785.000 0.193
2790.000 0.191
2795.000 0.191
2800.000 0.193
2805.000 0.194
2810.000 0.192
2815.000 0.194
2820.000 0.194
2825.000 0.192
2830.000 0.194
2835.000 0.196
2840.000 0.197
2845.000 0.197
2850.000 0.195
2855.000 0.196
2860.000 0.196
2865.000 0.196
2870.000 0.198
2875.000 0.196
2880.000 0.197
2885.000 0.198
2890.000 0.198
2895.000 0.198
2900.000 0.200
2905.000 0.199
2910.000 0.201
2915.000 0.199
2920.000 0.201
2925.000 0.202
2930.000 0.200
2935.000 0.204
2940.000 0.202
2945.000 0.199
2950.000 0.202
2955.000 0.207
2960.000 0.203
2965.000 0.204
2970.000 0.205
2975.000 0.202
2980.000 0.202
2985.000 0.203
2990.000 0.209
2995.000 0.212
3000.000 0.210
3005.000 0.209
3010.000 0.213
3015.000 0.211
3020.000 0.220
3025.000 0.213
3030.000 0.214
3035.000 0.223
3040.000 0.221
3045.000 0.224
3050.000 0.228
3055.000 0.225
3060.000 0.230
3065.000 0.230
3070.000 0.235
3075.000 0.236
3080.000 0.238
3085.000 0.239
3090.000 0.240
3095.000 0.248
3100.000 0.248
3105.000 0.253
3110.000 0.254
3115.000 0.260
3120.000 0.266
3125.000 0.267
3130.000 0.273
3135.000 0.277
3140.000 0.284
3145.000 0.289
3150.000 0.291
3155.000 0.305
3160.000 0.307
3165.000 0.317
3170.000 0.327
3175.000 0.330
3180.000 0.345
3185.000 0.352
3190.000 0.366
3195.000 0.383
3200.000 0.390
3205.000 0.402
3210.000 0.409
3215.000 0.424
3220.000 0.438
3225.000 0.453
3230.000 0.468
3235.000 0.477
3240.000 0.498
3245.000 0.520
3250.000 0.533
3255.000 0.559
3260.000 0.574
3265.000 0.605
3270.000 0.636
3275.000 0.656
3280.000 0.697
3285.000 0.717
3290.000 0.762
3295.000 0.814
3300.000 0.846
3305.000 0.909
3310.000 0.941
3315.000 1.018
3320.000 1.112
3325.000 1.158
3330.000 1.281
3335.000 1.347
3340.000 1.503
3345.000 1.704
3350.000 1.825
3355.000 2.113
3360.000 2.283
3365.000 2.712
3370.000 3.291
3375.000 3.651
3380.000 4.552
3385.000 5.122
3390.000 6.529
3395.000 8.379
3400.000 9.487
3405.000 12.132
3410.000 13.691
3415.000 17.293
3420.000 21.409
3425.000 23.678
3430.000 26.751
3435.000 27.381
3440.000 26.163
3445.000 24.334
3450.000 20.334
3455.000 16.718
3460.000 15.081
3465.000 12.275
3470.000 11.150
3475.000 9.321
3480.000 7.944
3485.000 7.396
3490.000 6.554
3495.000 6.237
3500.000 5.756
3505.000 5.417
3510.000 5.334
3515.000 5.311
3520.000 5.330
3525.000 5.418
3530.000 5.555
3535.000 5.636
3540.000 5.830
3545.000 5.959
3550.000 6.253
3555.000 6.622
3560.000 6.834
3565.000 7.384
3570.000 7.737
3575.000 8.659
3580.000 9.951
3585.000 10.761
3590.000 12.778
3595.000 13.971
3600.000 16.506
3605.000 18.421
3610.000 18.743
3615.000 17.536
3620.000 16.227
3625.000 13.259
3630.000 10.618
3635.000 9.536
3640.000 7.857
3645.000 7.262
3650.000 6.356
3655.000 5.665
3660.000 5.365
3665.000 4.864
3670.000 4.645
3675.000 4.273
3680.000 3.964
3685.000 3.827
3690.000 3.586
3695.000 3.467
3700.000 3.257
3705.000 3.074
3710.000 2.996
3715.000 2.851
3720.000 2.788
3725.000 2.659
3730.000 2.532
3735.000 2.475
3740.000 2.375
3745.000 2.330
3750.000 2.252
3755.000 2.188
3760.000 2.162
3765.000 2.119
3770.000 2.098
3775.000 2.067
3780.000 2.048
3785.000 2.041
3790.000 2.034
3795.000 2.032
3800.000 2.040
3805.000 2.055
3810.000 2.068
3815.000 2.103
3820.000 2.118
3825.000 2.168
3830.000 2.199
3835.000 2.264
3840.000 2.360
3845.000 2.409
3850.000 2.527
3855.000 2.669
3860.000 2.733
3865.000 2.873
3870.000 2.959
3875.000 3.147
3880.000 3.389
3885.000 3.538
3890.000 3.911
3895.000 4.149
3900.000 4.765
3905.000 5.647
3910.000 6.225
3915.000 7.746
3920.000 8.724
3925.000 11.085
3930.000 13.568
3935.000 14.484
3940.000 14.838
3945.000 14.045
3950.000 11.284
3955.000 8.530
3960.000 7.415
3965.000 5.737
3970.000 5.101
3975.000 4.155
3980.000 3.489
3985.000 3.254
3990.000 2.909
3995.000 2.764
4000.000 2.513
4005.000 2.317
4010.000 2.215
4015.000 2.034
4020.000 1.940
4025.000 1.806
4030.000 1.744
4035.000 1.619
4040.000 1.521
4045.000 1.478
4050.000 1.388
4055.000 1.344
4060.000 1.260
4065.000 1.192
4070.000 1.157
4075.000 1.102
4080.000 1.080
4085.000 1.038
4090.000 1.003
4095.000 0.987
4100.000 0.962
4105.000 0.951
4110.000 0.935
4115.000 0.924
4120.000 0.921
4125.000 0.914
4130.000 0.915
4135.000 0.918
4140.000 0.927
4145.000 0.933
4150.000 0.953
4155.000 0.964
4160.000 0.994
4165.000 1.039
4170.000 1.067
4175.000 1.136
4180.000 1.178
4185.000 1.248
4190.000 1.331
4195.000 1.382
4200.000 1.516
4205.000 1.601
4210.000 1.829
4215.000 2.141
4220.000 2.325
4225.000 2.688
4230.000 2.792
4235.000 2.656
4240.000 2.141
4245.000 1.842
4250.000 1.331
4255.000 1.139
4260.000 0.837
4265.000 0.627
4270.000 0.550
4275.000 0.429
4280.000 0.386
4285.000 0.317
4290.000 0.269
4295.000 0.250
4300.000 0.220
4305.000 0.209
4310.000 0.192
4315.000 0.180
4320.000 0.175
4325.000 0.172
4330.000 0.171
4335.000 0.169
4340.000 0.170
4345.000 0.169
4350.000 0.168
4355.000 0.169
4360.000 0.171
4365.000 0.174
4370.000 0.173
4375.000 0.176
4380.000 0.178
4385.000 0.179
4390.000 0.182
4395.000 0.183
4400.000 0.185
4405.000 0.185
4410.000 0.187
4415.000 0.189
4420.000 0.189
4425.000 0.191
4430.000 0.195
4435.000 0.193
4440.000 0.195
4445.000 0.196
4450.000 0.199
4455.000 0.199
4460.000 0.199
4465.000 0.200
4470.000 0.201
4475.000 0.202
4480.000 0.203
4485.000 0.202
4490.000 0.204
4495.000 0.205
4500.000 0.205
4505.000 0.206
4510.000 0.207
4515.000 0.208
4520.000 0.208
4525.000 0.210
4530.000 0.211
4535.000 0.211
4540.000 0.210
4545.000 0.209
4550.000 0.212
4555.000 0.211
4560.000 0.213
4565.000 0.213
4570.000 0.212
4575.000 0.214
4580.000 0.213
4585.000 0.215
4590.000 0.217
4595.000 0.215
4600.000 0.217
4605.000 0.217
4610.000 0.217
4615.000 0.217
4620.000 0.219
4625.000 0.218
4630.000 0.218
4635.000 0.220
4640.000 0.219
4645.000 0.220
4650.000 0.219
4655.000 0.220
4660.000 0.220
4665.000 0.220
4670.000 0.221
4675.000 0.223
4680.000 0.223
4685.000 0.224
4690.000 0.224
4695.000 0.225
4700.000 0.226
4705.000 0.226
4710.000 0.227
4715.000 0.227
4720.000 0.229
4725.000 0.230
4730.000 0.228
4735.000 0.231
4740.000 0.231
4745.000 0.230
4750.000 0.233
4755.000 0.233
4760.000 0.232
4765.000 0.232
4770.000 0.233
4775.000 0.233
4780.000 0.232
4785.000 0.234
4790.000 0.233
4795.000 0.234
4800.000 0.237
4805.000 0.235
4810.000 0.235
4815.000 0.237
4820.000 0.236
4825.000 0.236
4830.000 0.238
4835.000 0.238
4840.000 0.237
4845.000 0.236
4850.000 0.238
4855.000 0.238
4860.000 0.239
4865.000 0.240
4870.000 0.239
4875.000 0.240
4880.000 0.242
4885.000 0.242
4890.000 0.241
4895.000 0.241
4900.000 0.243
4905.000 0.246
4910.000 0.245
4915.000 0.247
4920.000 0.245
4925.000 0.248
4930.000 0.248
4935.000 0.247
4940.000 0.249
4945.000 0.251
4950.000 0.251
4955.000 0.251
4960.000 0.252
4965.000 0.254
4970.000 0.259
4975.000 0.261
4980.000 0.260
4985.000 0.261
4990.000 0.256
4995.000 0.254
5000.000 0.260
5005.000 0.255
5010.000 0.257
5015.000 0.256
5020.000 0.272
5025.000 0.268
5030.000 0.264
5035.000 0.269
5040.000 0.266
5045.000 0.269
5050.000 0.273
5055.000 0.266
5060.000 0.271
5065.000 0.277
5070.000 0.273
5075.000 0.273
5080.000 0.276
5085.000 0.274
5090.000 0.274
5095.000 0.277
5100.000 0.278
5105.000 0.279
5110.000 0.278
5115.000 0.278
5120.000 0.282
5125.000 0.281
5130.000 0.282
5135.000 0.285
5140.000 0.285
5145.000 0.285
5150.000 0.286
5155.000 0.287
5160.000 0.286
5165.000 0.286
5170.000 0.285
5175.000 0.288
5180.000 0.289
5185.000 0.288
5190.000 0.289
5195.000 0.292
5200.000 0.291
5205.000 0.294
5210.000 0.292
5215.000 0.294
5220.000 0.296
5225.000 0.296
5230.000 0.297
5235.000 0.298
5240.000 0.298
5245.000 0.299
5250.000 0.299
5255.000 0.299
5260.000 0.300
5265.000 0.303
5270.000 0.302
5275.000 0.303
5280.000 0.307
5285.000 0.307
5290.000 0.309
5295.000 0.308
5300.000 0.310
5305.000 0.312
5310.000 0.314
5315.000 0.316
5320.000 0.317
5325.000 0.319
5330.000 0.317
5335.000 0.319
5340.000 0.316
5345.000 0.321
5350.000 0.318
5355.000 0.322
5360.000 0.321
5365.000 0.321
5370.000 0.322
5375.000 0.322
5380.000 0.322
5385.000 0.322
5390.000 0.324
5395.000 0.322
5400.000 0.320
5405.000 0.323
5410.000 0.322
5415.000 0.323
5420.000 0.322
5425.000 0.322
5430.000 0.325
5435.000 0.325
5440.000 0.325
5445.000 0.329
5450.000 0.326
5455.000 0.327
5460.000 0.331
5465.000 0.330
5470.000 0.331
5475.000 0.331
5480.000 0.330
5485.000 0.327
5490.000 0.330
5495.000 0.332
5500.000 0.331
5505.000 0.334
5510.000 0.331
5515.000 0.331
5520.000 0.337
5525.000 0.345
5530.000 0.343
5535.000 0.339
5540.000 0.339
5545.000 0.334
5550.000 0.339
5555.000 0.334
5560.000 0.333
5565.000 0.337
5570.000 0.336
5575.000 0.333
5580.000 0.335
5585.000 0.335
5590.000 0.338
5595.000 0.335
5600.000 0.335
5605.000 0.336
5610.000 0.335
5615.000 0.335
5620.000 0.337
5625.000 0.336
5630.000 0.336
5635.000 0.334
5640.000 0.336
5645.000 0.338
5650.000 0.338
5655.000 0.338
5660.000 0.338
5665.000 0.338
5670.000 0.338
5675.000 0.338
5680.000 0.340
5685.000 0.339
5690.000 0.338
5695.000 0.337
5700.000 0.337
5705.000 0.337
5710.000 0.340
5715.000 0.338
5720.000 0.337
5725.000 0.338
5730.000 0.340
5735.000 0.342
5740.000 0.342
5745.000 0.345
5750.000 0.342
5755.000 0.342
5760.000 0.342
5765.000 0.343
5770.000 0.340
5775.000 0.341
5780.000 0.342
5785.000 0.338
5790.000 0.342
5795.000 0.339
5800.000 0.337
5805.000 0.342
5810.000 0.343
5815.000 0.343
5820.000 0.346
5825.000 0.347
5830.000 0.342
5835.000 0.342
5840.000 0.342
5845.000 0.344
5850.000 0.345
5855.000 0.345
5860.000 0.343
5865.000 0.346
5870.000 0.344
5875.000 0.347
5880.000 0.344
5885.000 0.344
5890.000 0.347
5895.000 0.347
5900.000 0.345
5905.000 0.346
5910.000 0.342
5915.000 0.344
5920.000 0.343
5925.000 0.345
5930.000 0.342
5935.000 0.341
5940.000 0.344
5945.000 0.339
5950.000 0.337
5955.000 0.349
5960.000 0.341
5965.000 0.341
5970.000 0.349
5975.000 0.350
5980.000 0.346
5985.000 0.352
5990.000 0.339
5995.000 0.342
6000.000 0.357
6005.000 0.340
6010.000 0.339
6015.000 0.341
6020.000 0.350
6025.000 0.342
6030.000 0.349
6035.000 0.347
6040.000 0.355
6045.000 0.352
6050.000 0.346
6055.000 0.354
6060.000 0.346
6065.000 0.351
6070.000 0.346
6075.000 0.346
6080.000 0.347
6085.000 0.352
6090.000 0.348
6095.000 0.349
6100.000 0.348
6105.000 0.348
6110.000 0.347
6115.000 0.346
6120.000 0.349
6125.000 0.349
6130.000 0.350
6135.000 0.355
6140.000 0.354
6145.000 0.352
6150.000 0.353
6155.000 0.352
6160.000 0.353
6165.000 0.354
6170.000 0.354
6175.000 0.354
6180.000 0.356
6185.000 0.360
6190.000 0.360
6195.000 0.361
6200.000 0.362
6205.000 0.358
6210.000 0.359
6215.000 0.359
6220.000 0.359
6225.000 0.357
6230.000 0.362
6235.000 0.365
6240.000 0.359
6245.000 0.362
6250.000 0.364
6255.000 0.364
6260.000 0.366
6265.000 0.366
6270.000 0.366
6275.000 0.366
6280.000 0.363
6285.000 0.363
6290.000 0.363
6295.000 0.366
6300.000 0.372
6305.000 0.383
6310.000 0.368
6315.000 0.388
6320.000 0.389
6325.000 0.386
6330.000 0.375
6335.000 0.370
6340.000 0.370
6345.000 0.372
6350.000 0.374
6355.000 0.374
6360.000 0.371
6365.000 0.376
6370.000 0.375
6375.000 0.375
6380.000 0.375
6385.000 0.373
6390.000 0.375
6395.000 0.375
6400.000 0.380
6405.000 0.375
6410.000 0.378
6415.000 0.379
6420.000 0.379
6425.000 0.378
6430.000 0.387
6435.000 0.386
6440.000 0.387
6445.000 0.385
6450.000 0.390
6455.000 0.389
6460.000 0.392
6465.000 0.387
6470.000 0.392
6475.000 0.388
6480.000 0.390
6485.000 0.386
6490.000 0.390
6495.000 0.391
6500.000 0.393
6505.000 0.393
6510.000 0.399
6515.000 0.399
6520.000 0.400
6525.000 0.399
6530.000 0.409
6535.000 0.407
6540.000 0.410
6545.000 0.409
6550.000 0.409
6555.000 0.411
6560.000 0.413
6565.000 0.414
6570.000 0.416
6575.000 0.421
6580.000 0.423
6585.000 0.428
6590.000 0.433
6595.000 0.434
6600.000 0.439
6605.000 0.445
6610.000 0.446
6615.000 0.453
6620.000 0.457
6625.000 0.463
6630.000 0.473
6635.000 0.481
6640.000 0.489
6645.000 0.497
6650.000 0.504
6655.000 0.522
6660.000 0.526
6665.000 0.539
6670.000 0.550
6675.000 0.568
6680.000 0.590
6685.000 0.599
6690.000 0.634
6695.000 0.646
6700.000 0.678
6705.000 0.694
6710.000 0.733
6715.000 0.781
6720.000 0.800
6725.000 0.873
6730.000 0.903
6735.000 0.975
6740.000 1.061
6745.000 1.118
6750.000 1.250
6755.000 1.328
6760.000 1.532
6765.000 1.809
6770.000 1.979
6775.000 2.434
6780.000 2.722
6785.000 3.475
6790.000 4.536
6795.000 5.208
6800.000 6.918
6805.000 7.955
6810.000 10.418
6815.000 13.350
6820.000 14.933
6825.000 17.798
6830.000 18.819
6835.000 19.408
6840.000 18.027
6845.000 16.892
6850.000 14.591
6855.000 13.571
6860.000 11.865
6865.000 10.516
6870.000 9.966
6875.000 9.098
6880.000 8.777
6885.000 8.360
6890.000 8.232
6895.000 8.292
6900.000 8.715
6905.000 9.069
6910.000 10.160
6915.000 11.607
6920.000 12.523
6925.000 14.655
6930.000 15.799
6935.000 17.872
6940.000 18.880
6945.000 18.706
6950.000 16.350
6955.000 14.766
6960.000 11.688
6965.000 9.289
6970.000 8.397
6975.000 7.030
6980.000 6.527
6985.000 5.666
6990.000 5.010
6995.000 4.805
7000.000 4.464
7005.000 4.356
7010.000 4.111
7015.000 3.912
7020.000 3.822
7025.000 3.688
7030.000 3.635
7035.000 3.546
7040.000 3.487
7045.000 3.461
7050.000 3.428
7055.000 3.427
7060.000 3.438
7065.000 3.479
7070.000 3.496
7075.000 3.565
7080.000 3.612
7085.000 3.729
7090.000 3.879
7095.000 3.979
7100.000 4.193
7105.000 4.318
7110.000 4.632
7115.000 5.068
7120.000 5.347
7125.000 6.104
7130.000 6.567
7135.000 7.735
7140.000 9.198
7145.000 9.969
7150.000 11.170
7155.000 11.416
7160.000 10.774
7165.000 9.036
7170.000 8.073
7175.000 6.457
7180.000 5.770
7185.000 4.722
7190.000 4.025
7195.000 3.750
7200.000 3.303
7205.000 3.131
7210.000 2.797
7215.000 2.530
7220.000 2.419
7225.000 2.217
7230.000 2.139
7235.000 1.982
7240.000 1.834
7245.000 1.759
7250.000 1.629
7255.000 1.574
7260.000 1.474
7265.000 1.396
7270.000 1.367
7275.000 1.317
7280.000 1.300
7285.000 1.276
7290.000 1.269
7295.000 1.271
7300.000 1.290
7305.000 1.304
7310.000 1.358
7315.000 1.394
7320.000 1.495
7325.000 1.651
7330.000 1.750
7335.000 1.987
7340.000 2.099
7345.000 2.351
7350.000 2.588
7355.000 2.654
7360.000 2.650
7365.000 2.519
7370.000 2.127
7375.000 1.691
7380.000 1.505
7385.000 1.200
7390.000 1.090
7395.000 0.917
7400.000 0.775
7405.000 0.722
7410.000 0.634
7415.000 0.596
7420.000 0.538
7425.000 0.488
7430.000 0.471
7435.000 0.442
7440.000 0.428
7445.000 0.406
7450.000 0.389
7455.000 0.380
7460.000 0.365
7465.000 0.361
7470.000 0.353
7475.000 0.343
7480.000 0.340
7485.000 0.334
7490.000 0.332
7495.000 0.327
7500.000 0.323
7505.000 0.321
7510.000 0.318
7515.000 0.317
7520.000 0.313
7525.000 0.312
7530.000 0.310
7535.000 0.306
7540.000 0.307
7545.000 0.305
7550.000 0.302
7555.000 0.300
7560.000 0.298
7565.000 0.301
7570.000 0.298
7575.000 0.298
7580.000 0.300
7585.000 0.297
7590.000 0.296
7595.000 0.297
7600.000 0.296
7605.000 0.295
7610.000 0.295
7615.000 0.296
7620.000 0.294
7625.000 0.295
7630.000 0.294
7635.000 0.294
7640.000 0.296
7645.000 0.296
7650.000 0.296
7655.000 0.297
7660.000 0.296
7665.000 0.295
7670.000 0.296
7675.000 0.294
7680.000 0.297
7685.000 0.296
7690.000 0.297
7695.000 0.295
7700.000 0.296
7705.000 0.296
7710.000 0.296
7715.000 0.295
7720.000 0.298
7725.000 0.299
7730.000 0.298
7735.000 0.298
7740.000 0.298
7745.000 0.299
7750.000 0.301
7755.000 0.301
7760.000 0.298
7765.000 0.301
7770.000 0.300
7775.000 0.301
7780.000 0.303
7785.000 0.304
7790.000 0.303
7795.000 0.304
7800.000 0.304
7805.000 0.306
7810.000 0.305
7815.000 0.307
7820.000 0.305
7825.000 0.307
7830.000 0.308
7835.000 0.308
7840.000 0.308
7845.000 0.306
7850.000 0.308
7855.000 0.307
7860.000 0.307
7865.000 0.304
7870.000 0.307
7875.000 0.307
7880.000 0.306
7885.000 0.304
7890.000 0.306
7895.000 0.308
7900.000 0.304
7905.000 0.306
7910.000 0.304
7915.000 0.306
7920.000 0.306
7925.000 0.307
7930.000 0.306
7935.000 0.306
7940.000 0.305
7945.000 0.302
7950.000 0.304
7955.000 0.308
7960.000 0.306
7965.000 0.305
7970.000 0.301
7975.000 0.303
7980.000 0.303
7985.000 0.304
7990.000 0.311
7995.000 0.312
8000.000 0.303
8005.000 0.311
8010.000 0.313
8015.000 0.313
8020.000 0.302
8025.000 0.311
8030.000 0.312
8035.000 0.304
8040.000 0.308
8045.000 0.308
8050.000 0.305
8055.000 0.308
8060.000 0.309
8065.000 0.311
8070.000 0.308
8075.000 0.309
8080.000 0.307
8085.000 0.309
8090.000 0.308
8095.000 0.309
8100.000 0.309
8105.000 0.310
8110.000 0.308
8115.000 0.309
8120.000 0.308
8125.000 0.310
8130.000 0.311
8135.000 0.310
8140.000 0.312
8145.000 0.310
8150.000 0.309
8155.000 0.312
8160.000 0.314
8165.000 0.312
8170.000 0.312
8175.000 0.312
8180.000 0.312
8185.000 0.312
8190.000 0.312
8195.000 0.314
8200.000 0.317
8205.000 0.317
8210.000 0.318
8215.000 0.317
8220.000 0.314
8225.000 0.316
8230.000 0.316
8235.000 0.318
8240.000 0.319
8245.000 0.319
8250.000 0.317
8255.000 0.319
8260.000 0.317
8265.000 0.315
8270.000 0.318
8275.000 0.317
8280.000 0.317
8285.000 0.320
8290.000 0.320
8295.000 0.320
8300.000 0.318
8305.000 0.321
8310.000 0.319
8315.000 0.318
8320.000 0.321
8325.000 0.320
8330.000 0.322
8335.000 0.321
8340.000 0.324
8345.000 0.323
8350.000 0.322
8355.000 0.323
8360.000 0.325
8365.000 0.325
8370.000 0.322
8375.000 0.324
8380.000 0.327
8385.000 0.325
8390.000 0.327
8395.000 0.327
8400.000 0.327
8405.000 0.326
8410.000 0.329
8415.000 0.329
8420.000 0.325
8425.000 0.327
8430.000 0.327
8435.000 0.330
8440.000 0.328
8445.000 0.327
8450.000 0.327
8455.000 0.327
8460.000 0.334
8465.000 0.332
8470.000 0.331
8475.000 0.331
8480.000 0.332
8485.000 0.334
8490.000 0.340
8495.000 0.339
8500.000 0.335
8505.000 0.335
8510.000 0.335
8515.000 0.334
8520.000 0.333
8525.000 0.333
8530.000 0.335
8535.000 0.335
8540.000 0.335
8545.000 0.335
8550.000 0.336
8555.000 0.335
8560.000 0.335
8565.000 0.339
8570.000 0.336
8575.000 0.338
8580.000 0.337
8585.000 0.339
8590.000 0.336
8595.000 0.337
8600.000 0.338
8605.000 0.338
8610.000 0.339
8615.000 0.339
8620.000 0.341
8625.000 0.340
8630.000 0.340
8635.000 0.341
8640.000 0.342
8645.000 0.343
8650.000 0.342
8655.000 0.347
8660.000 0.343
8665.000 0.343
8670.000 0.344
8675.000 0.343
8680.000 0.344
8685.000 0.344
8690.000 0.344
8695.000 0.344
8700.000 0.341
8705.000 0.342
8710.000 0.344
8715.000 0.346
8720.000 0.345
8725.000 0.345
8730.000 0.348
8735.000 0.346
8740.000 0.348
8745.000 0.350
8750.000 0.351
8755.000 0.350
8760.000 0.350
8765.000 0.352
8770.000 0.350
8775.000 0.345
8780.000 0.343
8785.000 0.341
8790.000 0.344
8795.000 0.348
8800.000 0.350
8805.000 0.355
8810.000 0.359
8815.000 0.355
8820.000 0.371
8825.000 0.375
8830.000 0.355
8835.000 0.353
8840.000 0.375
8845.000 0.360
8850.000 0.361
8855.000 0.359
8860.000 0.357
8865.000 0.355
8870.000 0.359
8875.000 0.357
8880.000 0.357
8885.000 0.358
8890.000 0.359
8895.000 0.360
8900.000 0.360
8905.000 0.360
8910.000 0.363
8915.000 0.360
8920.000 0.359
8925.000 0.364
8930.000 0.361
8935.000 0.364
8940.000 0.363
8945.000 0.363
8950.000 0.360
8955.000 0.363
8960.000 0.367
8965.000 0.364
8970.000 0.362
8975.000 0.359
8980.000 0.360
8985.000 0.359
8990.000 0.371
8995.000 0.369
9000.000 0.368
9005.000 0.362
9010.000 0.366
9015.000 0.362
9020.000 0.372
9025.000 0.364
9030.000 0.364
9035.000 0.369
9040.000 0.372
9045.000 0.374
9050.000 0.372
9055.000 0.373
9060.000 0.370
9065.000 0.372
9070.000 0.372
9075.000 0.372
9080.000 0.376
9085.000 0.374
9090.000 0.376
9095.000 0.374
9100.000 0.377
9105.000 0.377
9110.000 0.375
9115.000 0.376
9120.000 0.378
9125.000 0.379
9130.000 0.379
9135.000 0.378
9140.000 0.380
9145.000 0.381
9150.000 0.381
9155.000 0.382
9160.000 0.383
9165.000 0.382
9170.000 0.384
9175.000 0.395
9180.000 0.392
9185.000 0.396
9190.000 0.398
9195.000 0.399
9200.000 0.397
9205.000 0.391
9210.000 0.392
9215.000 0.393
9220.000 0.392
9225.000 0.394
9230.000 0.394
9235.000 0.393
9240.000 0.389
9245.000 0.391
9250.000 0.394
9255.000 0.392
9260.000 0.391
9265.000 0.393
9270.000 0.394
9275.000 0.394
9280.000 0.395
9285.000 0.399
9290.000 0.394
9295.000 0.398
9300.000 0.394
9305.000 0.394
9310.000 0.397
9315.000 0.395
9320.000 0.396
9325.000 0.396
9330.000 0.397
9335.000 0.397
9340.000 0.396
9345.000 0.396
9350.000 0.399
9355.000 0.399
9360.000 0.398
9365.000 0.398
9370.000 0.400
9375.000 0.401
9380.000 0.400
9385.000 0.398
9390.000 0.398
9395.000 0.395
9400.000 0.397
9405.000 0.396
9410.000 0.392
9415.000 0.399
9420.000 0.400
9425.000 0.397
9430.000 0.397
9435.000 0.399
9440.000 0.403
9445.000 0.403
9450.000 0.403
9455.000 0.402
9460.000 0.401
9465.000 0.403
9470.000 0.403
9475.000 0.399
9480.000 0.401
9485.000 0.397
9490.000 0.397
9495.000 0.400
9500.000 0.402
9505.000 0.403
9510.000 0.398
9515.000 0.400
9520.000 0.398
9525.000 0.399
9530.000 0.400
9535.000 0.403
9540.000 0.405
9545.000 0.403
9550.000 0.401
9555.000 0.400
9560.000 0.401
9565.000 0.402
9570.000 0.399
9575.000 0.401
9580.000 0.402
9585.000 0.399
9590.000 0.401
9595.000 0.400
9600.000 0.398
9605.000 0.403
9610.000 0.404
9615.000 0.405
9620.000 0.405
9625.000 0.400
9630.000 0.405
9635.000 0.402
9640.000 0.403
9645.000 0.403
9650.000 0.402
9655.000 0.400
9660.000 0.403
9665.000 0.401
9670.000 0.402
9675.000 0.400
9680.000 0.404
9685.000 0.404
9690.000 0.400
9695.000 0.400
9700.000 0.399
9705.000 0.401
9710.000 0.399
9715.000 0.403
9720.000 0.402
9725.000 0.401
9730.000 0.400
9735.000 0.403
9740.000 0.404
9745.000 0.403
9750.000 0.403
9755.000 0.402
9760.000 0.399
9765.000 0.405
9770.000 0.406
9775.000 0.406
9780.000 0.406
9785.000 0.409
9790.000 0.410
9795.000 0.411
9800.000 0.409
9805.000 0.410
9810.000 0.414
9815.000 0.412
9820.000 0.411
9825.000 0.410
9830.000 0.412
9835.000 0.406
9840.000 0.410
9845.000 0.408
9850.000 0.409
9855.000 0.410
9860.000 0.411
9865.000 0.413
9870.000 0.414
9875.000 0.413
9880.000 0.412
9885.000 0.414
9890.000 0.415
9895.000 0.417
9900.000 0.417
9905.000 0.415
9910.000 0.420
9915.000 0.420
9920.000 0.422
9925.000 0.420
9930.000 0.423
9935.000 0.423
9940.000 0.425
9945.000 0.426
9950.000 0.429
9955.000 0.430
9960.000 0.429
9965.000 0.429
9970.000 0.426
9975.000 0.437
9980.000 0.436
9985.000 0.436
9990.000 0.438
9995.000 0.437
10000.000 0.453
10005.000 0.448
10010.000 0.451
10015.000 0.449
10020.000 0.479
10025.000 0.473
10030.000 0.472
10035.000 0.482
10040.000 0.480
10045.000 0.486
10050.000 0.501
10055.000 0.495
10060.000 0.502
10065.000 0.509
10070.000 0.519
10075.000 0.528
10080.000 0.532
10085.000 0.544
10090.000 0.554
10095.000 0.567
10100.000 0.591
10105.000 0.598
10110.000 0.624
10115.000 0.637
10120.000 0.672
10125.000 0.706
10130.000 0.729
10135.000 0.779
10140.000 0.810
10145.000 0.878
10150.000 0.974
10155.000 1.034
10160.000 1.186
10165.000 1.295
10170.000 1.573
10175.000 1.980
10180.000 2.241
10185.000 2.859
10190.000 3.180
10195.000 3.739
10200.000 3.958
10205.000 3.878
10210.000 3.443
10215.000 3.188
10220.000 2.719
10225.000 2.355
10230.000 2.216
10235.000 2.017
10240.000 1.954
10245.000 1.883
10250.000 1.934
10255.000 1.966
10260.000 2.087
10265.000 2.178
10270.000 2.409
10275.000 2.757
10280.000 3.001
10285.000 3.722
10290.000 4.117
10295.000 4.932
10300.000 5.601
10305.000 5.795
10310.000 5.728
10315.000 5.480
10320.000 4.815
10325.000 4.126
10330.000 3.825
10335.000 3.312
10340.000 3.107
10345.000 2.807
10350.000 2.602
10355.000 2.525
10360.000 2.403
10365.000 2.346
10370.000 2.250
10375.000 2.181
10380.000 2.153
10385.000 2.111
10390.000 2.104
10395.000 2.083
10400.000 2.079
10405.000 2.079
10410.000 2.103
10415.000 2.121
10420.000 2.169
10425.000 2.232
10430.000 2.274
10435.000 2.376
10440.000 2.432
10445.000 2.578
10450.000 2.748
10455.000 2.853
10460.000 3.084
10465.000 3.216
10470.000 3.469
10475.000 3.624
10480.000 3.629
10485.000 3.609
10490.000 3.423
10495.000 3.065
10500.000 2.638
10505.000 2.420
10510.000 2.224
10515.000 1.867
10520.000 1.584
10525.000 1.349
10530.000 1.255
10535.000 1.065
10540.000 1.003
10545.000 0.888
10550.000 0.829
10555.000 0.751
10560.000 0.688
10565.000 0.659
10570.000 0.610
10575.000 0.586
10580.000 0.544
10585.000 0.511
10590.000 0.502
10595.000 0.494
10600.000 0.496
10605.000 0.525
10610.000 0.548
10615.000 0.624
10620.000 0.714
10625.000 0.771
10630.000 0.905
10635.000 1.087
10640.000 1.188
10645.000 1.371
10650.000 1.434
10655.000 1.468
10660.000 1.362
10665.000 1.286
10670.000 1.112
10675.000 1.033
10680.000 0.900
10685.000 0.812
10690.000 0.770
10695.000 0.712
10700.000 0.686
10705.000 0.651
10710.000 0.615
10715.000 0.599
10720.000 0.580
10725.000 0.567
10730.000 0.549
10735.000 0.528
10740.000 0.519
10745.000 0.503
10750.000 0.496
10755.000 0.485
10760.000 0.476
10765.000 0.471
10770.000 0.465
10775.000 0.461
10780.000 0.450
10785.000 0.444
10790.000 0.446
10795.000 0.439
10800.000 0.436
10805.000 0.431
10810.000 0.429
10815.000 0.427
10820.000 0.428
10825.000 0.427
10830.000 0.425
10835.000 0.428
10840.000 0.427
10845.000 0.421
10850.000 0.420
10855.000 0.417
10860.000 0.414
10865.000 0.409
10870.000 0.406
10875.000 0.405
10880.000 0.403
10885.000 0.402
10890.000 0.401
10895.000 0.400
10900.000 0.401
10905.000 0.402
10910.000 0.399
10915.000 0.401
10920.000 0.399
10925.000 0.400
10930.000 0.401
10935.000 0.399
10940.000 0.399
10945.000 0.399
10950.000 0.400
10955.000 0.403
10960.000 0.400
10965.000 0.403
10970.000 0.396
10975.000 0.399
10980.000 0.402
10985.000 0.401
10990.000 0.407
10995.000 0.404
11000.000 0.399
11005.000 0.406
11010.000 0.409
11015.000 0.407
11020.000 0.398
11025.000 0.407
11030.000 0.402
11035.000 0.420
11040.000 0.411
11045.000 0.424
11050.000 0.423
11055.000 0.416
11060.000 0.404
11065.000 0.403
11070.000 0.397
11075.000 0.396
11080.000 0.393
11085.000 0.394
11090.000 0.396
11095.000 0.395
11100.000 0.396
11105.000 0.394
11110.000 0.392
11115.000 0.394
11120.000 0.391
11125.000 0.393
11130.000 0.395
11135.000 0.392
11140.000 0.393
11145.000 0.393
11150.000 0.389
11155.000 0.388
11160.000 0.390
11165.000 0.386
11170.000 0.392
11175.000 0.390
11180.000 0.391
11185.000 0.390
11190.000 0.389
11195.000 0.389
11200.000 0.388
11205.000 0.389
11210.000 0.391
11215.000 0.392
11220.000 0.391
11225.000 0.390
11230.000 0.392
11235.000 0.392
11240.000 0.391
11245.000 0.391
11250.000 0.390
11255.000 0.392
11260.000 0.389
11265.000 0.393
11270.000 0.394
11275.000 0.392
11280.000 0.392
11285.000 0.387
11290.000 0.388
11295.000 0.386
11300.000 0.390
11305.000 0.387
11310.000 0.388
11315.000 0.387
11320.000 0.390
11325.000 0.390
11330.000 0.385
11335.000 0.387
11340.000 0.386
11345.000 0.388
11350.000 0.388
11355.000 0.391
11360.000 0.392
11365.000 0.388
11370.000 0.387
11375.000 0.390
11380.000 0.388
11385.000 0.392
11390.000 0.389
11395.000 0.386
11400.000 0.390
11405.000 0.392
11410.000 0.391
11415.000 0.388
11420.000 0.390
11425.000 0.388
11430.000 0.385
11435.000 0.384
11440.000 0.385
11445.000 0.383
11450.000 0.381
11455.000 0.384
11460.000 0.385
11465.000 0.385
11470.000 0.383
11475.000 0.382
11480.000 0.383
11485.000 0.385
11490.000 0.385
11495.000 0.390
11500.000 0.388
11505.000 0.385
11510.000 0.386
11515.000 0.383
11520.000 0.383
11525.000 0.381
11530.000 0.384
11535.000 0.383
11540.000 0.385
11545.000 0.385
11550.000 0.382
11555.000 0.387
11560.000 0.382
11565.000 0.382
11570.000 0.383
11575.000 0.382
11580.000 0.379
11585.000 0.379
11590.000 0.379
11595.000 0.380
11600.000 0.381
11605.000 0.379
11610.000 0.380
11615.000 0.381
11620.000 0.381
11625.000 0.383
11630.000 0.383
11635.000 0.380
11640.000 0.379
11645.000 0.383
11650.000 0.381
11655.000 0.379
11660.000 0.380
11665.000 0.378
11670.000 0.381
11675.000 0.380
11680.000 0.384
11685.000 0.382
11690.000 0.382
11695.000 0.379
11700.000 0.388
11705.000 0.383
11710.000 0.381
11715.000 0.382
11720.000 0.392
11725.000 0.390
11730.000 0.391
11735.000 0.388
11740.000 0.385
11745.000 0.383
11750.000 0.380
11755.000 0.382
11760.000 0.377
11765.000 0.375
11770.000 0.378
11775.000 0.383
11780.000 0.375
11785.000 0.374
11790.000 0.374
11795.000 0.374
11800.000 0.376
11805.000 0.375
11810.000 0.373
11815.000 0.373
11820.000 0.375
11825.000 0.371
11830.000 0.373
11835.000 0.373
11840.000 0.374
11845.000 0.377
11850.000 0.373
11855.000 0.373
11860.000 0.369
11865.000 0.371
11870.000 0.370
11875.000 0.372
11880.000 0.375
11885.000 0.373
11890.000 0.372
11895.000 0.375
11900.000 0.371
11905.000 0.372
11910.000 0.373
11915.000 0.371
11920.000 0.369
11925.000 0.370
11930.000 0.370
11935.000 0.368
11940.000 0.368
11945.000 0.367
11950.000 0.372
11955.000 0.372
11960.000 0.374
11965.000 0.375
11970.000 0.369
11975.000 0.373
11980.000 0.374
11985.000 0.375
11990.000 0.377
11995.000 0.372
12000.000 0.370
