105.000 0.094
110.000 2.010
115.000 2.665
120.000 2.974
125.000 3.264
130.000 3.486
135.000 3.651
140.000 3.851
145.000 3.766
150.000 3.759
155.000 3.757
160.000 3.588
165.000 3.565
170.000 3.416
175.000 3.420
180.000 3.448
185.000 3.458
190.000 3.499
195.000 3.376
200.000 3.394
205.000 3.502
210.000 3.662
215.000 3.523
220.000 3.721
225.000 3.718
230.000 3.831
235.000 3.922
240.000 3.913
245.000 4.030
250.000 4.007
255.000 4.040
260.000 4.028
265.000 4.000
270.000 4.059
275.000 3.926
280.000 3.969
285.000 3.947
290.000 3.967
295.000 3.971
300.000 3.979
305.000 4.117
310.000 4.221
315.000 4.216
320.000 4.385
325.000 4.483
330.000 4.623
335.000 4.785
340.000 4.991
345.000 5.142
350.000 5.389
355.000 5.678
360.000 5.932
365.000 6.222
370.000 6.544
375.000 6.883
380.000 7.094
385.000 7.395
390.000 7.751
395.000 8.103
400.000 8.390
405.000 8.626
410.000 8.730
415.000 8.750
420.000 8.615
425.000 8.292
430.000 7.782
435.000 7.159
440.000 6.779
445.000 6.023
450.000 5.231
455.000 4.501
460.000 3.874
465.000 3.341
470.000 2.932
475.000 2.625
480.000 2.356
485.000 2.167
490.000 2.014
495.000 1.903
500.000 1.812
505.000 1.740
510.000 1.640
515.000 1.560
520.000 1.485
525.000 1.407
530.000 1.338
535.000 1.276
540.000 1.219
545.000 1.152
550.000 1.117
555.000 1.067
560.000 1.035
565.000 0.965
570.000 0.930
575.000 0.869
580.000 0.831
585.000 0.800
590.000 0.769
595.000 0.741
600.000 0.714
605.000 0.689
610.000 0.663
615.000 0.645
620.000 0.630
625.000 0.617
630.000 0.598
635.000 0.584
640.000 0.565
645.000 0.550
650.000 0.540
655.000 0.528
660.000 0.509
665.000 0.506
670.000 0.497
675.000 0.489
680.000 0.477
685.000 0.477
690.000 0.458
695.000 0.455
700.000 0.442
705.000 0.440
710.000 0.433
715.000 0.425
720.000 0.423
725.000 0.420
730.000 0.410
735.000 0.401
740.000 0.396
745.000 0.392
750.000 0.388
755.000 0.383
760.000 0.377
765.000 0.365
770.000 0.375
775.000 0.378
780.000 0.369
785.000 0.369
790.000 0.373
795.000 0.363
800.000 0.374
805.000 0.356
810.000 0.355
815.000 0.359
820.000 0.353
825.000 0.344
830.000 0.349
835.000 0.344
840.000 0.345
845.000 0.345
850.000 0.339
855.000 0.343
860.000 0.337
865.000 0.336
870.000 0.339
875.000 0.335
880.000 0.338
885.000 0.331
890.000 0.332
895.000 0.330
900.000 0.329
905.000 0.323
910.000 0.327
915.000 0.329
920.000 0.325
925.000 0.321
930.000 0.324
935.000 0.329
940.000 0.321
945.000 0.322
950.000 0.318
955.000 0.326
960.000 0.321
965.000 0.324
970.000 0.321
975.000 0.328
980.000 0.321
985.000 0.315
990.000 0.322
995.000 0.322
1000.000 0.325
1005.000 0.311
1010.000 0.316
1015.000 0.317
1020.000 0.322
1025.000 0.330
1030.000 0.327
1035.000 0.321
1040.000 0.319
1045.000 0.319
1050.000 0.326
1055.000 0.323
1060.000 0.323
1065.000 0.319
1070.000 0.323
1075.000 0.320
1080.000 0.324
1085.000 0.318
1090.000 0.321
1095.000 0.320
1100.000 0.319
1105.000 0.312
1110.000 0.315
1115.000 0.320
1120.000 0.320
1125.000 0.321
1130.000 0.321
1135.000 0.321
1140.000 0.320
1145.000 0.322
1150.000 0.320
1155.000 0.319
1160.000 0.324
1165.000 0.319
1170.000 0.323
1175.000 0.326
1180.000 0.325
1185.000 0.329
1190.000 0.327
1195.000 0.325
1200.000 0.326
1205.000 0.325
1210.000 0.328
1215.000 0.328
1220.000 0.327
1225.000 0.332
1230.000 0.334
1235.000 0.327
1240.000 0.333
1245.000 0.326
1250.000 0.336
1255.000 0.336
1260.000 0.338
1265.000 0.338
1270.000 0.339
1275.000 0.339
1280.000 0.341
1285.000 0.346
1290.000 0.341
1295.000 0.337
1300.000 0.344
1305.000 0.346
1310.000 0.346
1315.000 0.346
1320.000 0.352
1325.000 0.350
1330.000 0.349
1335.000 0.352
1340.000 0.353
1345.000 0.347
1350.000 0.356
1355.000 0.354
1360.000 0.359
1365.000 0.359
1370.000 0.357
1375.000 0.359
1380.000 0.361
1385.000 0.361
1390.000 0.362
1395.000 0.358
1400.000 0.363
1405.000 0.357
1410.000 0.360
1415.000 0.354
1420.000 0.353
1425.000 0.350
1430.000 0.354
1435.000 0.353
1440.000 0.354
1445.000 0.354
1450.000 0.359
1455.000 0.369
1460.000 0.370
1465.000 0.378
1470.000 0.387
1475.000 0.382
1480.000 0.390
1485.000 0.396
1490.000 0.400
1495.000 0.407
1500.000 0.411
1505.000 0.417
1510.000 0.421
1515.000 0.426
1520.000 0.430
1525.000 0.433
1530.000 0.441
1535.000 0.443
1540.000 0.449
1545.000 0.456
1550.000 0.460
1555.000 0.465
1560.000 0.472
1565.000 0.474
1570.000 0.483
1575.000 0.490
1580.000 0.496
1585.000 0.501
1590.000 0.515
1595.000 0.512
1600.000 0.522
1605.000 0.531
1610.000 0.538
1615.000 0.546
1620.000 0.557
1625.000 0.567
1630.000 0.576
1635.000 0.586
1640.000 0.595
1645.000 0.605
1650.000 0.613
1655.000 0.619
1660.000 0.631
1665.000 0.642
1670.000 0.660
1675.000 0.664
1680.000 0.676
1685.000 0.697
1690.000 0.707
1695.000 0.724
1700.000 0.738
1705.000 0.752
1710.000 0.769
1715.000 0.785
1720.000 0.795
1725.000 0.809
1730.000 0.827
1735.000 0.846
1740.000 0.865
1745.000 0.876
1750.000 0.901
1755.000 0.923
1760.000 0.941
1765.000 0.955
1770.000 0.981
1775.000 0.990
1780.000 1.009
1785.000 1.031
1790.000 1.050
1795.000 1.067
1800.000 1.085
1805.000 1.111
1810.000 1.124
1815.000 1.148
1820.000 1.163
1825.000 1.179
1830.000 1.197
1835.000 1.219
1840.000 1.219
1845.000 1.229
1850.000 1.243
1855.000 1.258
1860.000 1.264
1865.000 1.277
1870.000 1.280
1875.000 1.286
1880.000 1.282
1885.000 1.291
1890.000 1.296
1895.000 1.290
1900.000 1.290
1905.000 1.291
1910.000 1.292
1915.000 1.289
1920.000 1.278
1925.000 1.273
1930.000 1.273
1935.000 1.266
1940.000 1.259
1945.000 1.252
1950.000 1.245
1955.000 1.239
1960.000 1.231
1965.000 1.225
1970.000 1.216
1975.000 1.209
1980.000 1.204
1985.000 1.197
1990.000 1.192
1995.000 1.196
2000.000 1.174
2005.000 1.187
2010.000 1.181
2015.000 1.159
2020.000 1.158
2025.000 1.145
2030.000 1.147
2035.000 1.154
2040.000 1.133
2045.000 1.138
2050.000 1.124
2055.000 1.129
2060.000 1.127
2065.000 1.117
2070.000 1.118
2075.000 1.117
2080.000 1.115
2085.000 1.120
2090.000 1.126
2095.000 1.120
2100.000 1.125
2105.000 1.125
2110.000 1.126
2115.000 1.130
2120.000 1.137
2125.000 1.145
2130.000 1.146
2135.000 1.157
2140.000 1.163
2145.000 1.171
2150.000 1.180
2155.000 1.197
2160.000 1.208
2165.000 1.225
2170.000 1.247
2175.000 1.258
2180.000 1.275
2185.000 1.298
2190.000 1.317
2195.000 1.349
2200.000 1.376
2205.000 1.389
2210.000 1.427
2215.000 1.468
2220.000 1.507
2225.000 1.549
2230.000 1.599
2235.000 1.654
2240.000 1.733
2245.000 1.812
2250.000 1.904
2255.000 2.017
2260.000 2.076
2265.000 2.227
2270.000 2.424
2275.000 2.698
2280.000 3.083
2285.000 3.657
2290.000 4.586
2295.000 6.169
2300.000 8.937
2305.000 13.374
2310.000 18.964
2315.000 22.928
2320.000 21.559
2325.000 21.330
2330.000 11.099
2335.000 6.640
2340.000 4.444
2345.000 3.154
2350.000 2.392
2355.000 1.879
2360.000 1.505
2365.000 1.237
2370.000 1.029
2375.000 0.868
2380.000 0.733
2385.000 0.680
2390.000 0.594
2395.000 0.517
2400.000 0.457
2405.000 0.402
2410.000 0.358
2415.000 0.321
2420.000 0.286
2425.000 0.257
2430.000 0.232
2435.000 0.208
2440.000 0.187
2445.000 0.169
2450.000 0.158
2455.000 0.143
2460.000 0.128
2465.000 0.115
2470.000 0.101
2475.000 0.088
2480.000 0.078
2485.000 0.067
2490.000 0.058
2495.000 0.049
2500.000 0.043
2505.000 0.038
2510.000 0.033
2515.000 0.029
2520.000 0.023
2525.000 0.021
2530.000 0.017
2535.000 0.020
2540.000 0.022
2545.000 0.024
2550.000 0.028
2555.000 0.030
2560.000 0.034
2565.000 0.034
2570.000 0.039
2575.000 0.042
2580.000 0.044
2585.000 0.047
2590.000 0.051
2595.000 0.053
2600.000 0.058
2605.000 0.058
2610.000 0.060
2615.000 0.061
2620.000 0.065
2625.000 0.066
2630.000 0.069
2635.000 0.071
2640.000 0.073
2645.000 0.074
2650.000 0.076
2655.000 0.076
2660.000 0.079
2665.000 0.082
2670.000 0.083
2675.000 0.086
2680.000 0.088
2685.000 0.088
2690.000 0.088
2695.000 0.090
2700.000 0.093
2705.000 0.093
2710.000 0.093
2715.000 0.096
2720.000 0.098
2725.000 0.097
2730.000 0.102
2735.000 0.104
2740.000 0.102
2745.000 0.105
2750.000 0.105
2755.000 0.106
2760.000 0.111
2765.000 0.110
2770.000 0.111
2775.000 0.115
2780.000 0.117
2785.000 0.118
2790.000 0.119
2795.000 0.123
2800.000 0.124
2805.000 0.124
2810.000 0.128
2815.000 0.131
2820.000 0.133
2825.000 0.133
2830.000 0.136
2835.000 0.138
2840.000 0.141
2845.000 0.145
2850.000 0.147
2855.000 0.152
2860.000 0.155
2865.000 0.157
2870.000 0.159
2875.000 0.160
2880.000 0.162
2885.000 0.165
2890.000 0.170
2895.000 0.172
2900.000 0.175
2905.000 0.178
2910.000 0.183
2915.000 0.184
2920.000 0.189
2925.000 0.191
2930.000 0.196
2935.000 0.194
2940.000 0.200
2945.000 0.198
2950.000 0.205
2955.000 0.208
2960.000 0.214
2965.000 0.217
2970.000 0.210
2975.000 0.215
2980.000 0.218
2985.000 0.219
2990.000 0.229
2995.000 0.230
3000.000 0.234
3005.000 0.227
3010.000 0.225
3015.000 0.234
3020.000 0.239
3025.000 0.249
3030.000 0.242
3035.000 0.243
3040.000 0.241
3045.000 0.248
3050.000 0.250
3055.000 0.246
3060.000 0.247
3065.000 0.252
3070.000 0.251
3075.000 0.252
3080.000 0.256
3085.000 0.256
3090.000 0.262
3095.000 0.260
3100.000 0.265
3105.000 0.265
3110.000 0.264
3115.000 0.267
3120.000 0.265
3125.000 0.268
3130.000 0.268
3135.000 0.268
3140.000 0.272
3145.000 0.273
3150.000 0.274
3155.000 0.274
3160.000 0.278
3165.000 0.279
3170.000 0.280
3175.000 0.278
3180.000 0.279
3185.000 0.278
3190.000 0.280
3195.000 0.281
3200.000 0.282
3205.000 0.282
3210.000 0.284
3215.000 0.283
3220.000 0.285
3225.000 0.286
3230.000 0.288
3235.000 0.289
3240.000 0.289
3245.000 0.290
3250.000 0.290
3255.000 0.291
3260.000 0.293
3265.000 0.294
3270.000 0.295
3275.000 0.296
3280.000 0.298
3285.000 0.296
3290.000 0.297
3295.000 0.300
3300.000 0.302
3305.000 0.303
3310.000 0.301
3315.000 0.305
3320.000 0.306
3325.000 0.306
3330.000 0.306
3335.000 0.309
3340.000 0.311
3345.000 0.312
3350.000 0.313
3355.000 0.316
3360.000 0.315
3365.000 0.318
3370.000 0.318
3375.000 0.319
3380.000 0.322
3385.000 0.322
3390.000 0.323
3395.000 0.324
3400.000 0.327
3405.000 0.330
3410.000 0.331
3415.000 0.335
3420.000 0.333
3425.000 0.331
3430.000 0.338
3435.000 0.338
3440.000 0.342
3445.000 0.349
3450.000 0.343
3455.000 0.347
3460.000 0.348
3465.000 0.351
3470.000 0.357
3475.000 0.359
3480.000 0.361
3485.000 0.364
3490.000 0.370
3495.000 0.373
3500.000 0.374
3505.000 0.376
3510.000 0.382
3515.000 0.391
3520.000 0.393
3525.000 0.398
3530.000 0.401
3535.000 0.408
3540.000 0.412
3545.000 0.418
3550.000 0.424
3555.000 0.435
3560.000 0.443
3565.000 0.451
3570.000 0.462
3575.000 0.474
3580.000 0.484
3585.000 0.498
3590.000 0.515
3595.000 0.531
3600.000 0.539
3605.000 0.559
3610.000 0.583
3615.000 0.605
3620.000 0.643
3625.000 0.673
3630.000 0.713
3635.000 0.763
3640.000 0.807
3645.000 0.849
3650.000 0.903
3655.000 0.963
3660.000 1.028
3665.000 1.076
3670.000 1.169
3675.000 1.285
3680.000 1.429
3685.000 1.588
3690.000 1.764
3695.000 1.863
3700.000 2.079
3705.000 7.151
3710.000 18.735
3715.000 20.426
3720.000 16.508
3725.000 9.441
3730.000 7.086
3735.000 4.568
3740.000 3.136
3745.000 2.308
3750.000 1.781
3755.000 1.423
3760.000 1.170
3765.000 0.990
3770.000 0.854
3775.000 0.749
3780.000 0.668
3785.000 0.634
3790.000 0.578
3795.000 0.532
3800.000 0.494
3805.000 0.461
3810.000 0.434
3815.000 0.410
3820.000 0.391
3825.000 0.375
3830.000 0.360
3835.000 0.347
3840.000 0.336
3845.000 0.329
3850.000 0.322
3855.000 0.313
3860.000 0.308
3865.000 0.300
3870.000 0.293
3875.000 0.289
3880.000 0.287
3885.000 0.280
3890.000 0.274
3895.000 0.272
3900.000 0.270
3905.000 0.263
3910.000 0.263
3915.000 0.263
3920.000 0.259
3925.000 0.259
3930.000 0.254
3935.000 0.255
3940.000 0.252
3945.000 0.250
3950.000 0.250
3955.000 0.249
3960.000 0.248
3965.000 0.246
3970.000 0.247
3975.000 0.239
3980.000 0.237
3985.000 0.243
3990.000 0.237
3995.000 0.236
4000.000 0.239
4005.000 0.237
4010.000 0.235
4015.000 0.234
4020.000 0.241
4025.000 0.234
4030.000 0.235
4035.000 0.242
4040.000 0.240
4045.000 0.242
4050.000 0.232
4055.000 0.237
4060.000 0.240
4065.000 0.233
4070.000 0.235
4075.000 0.236
4080.000 0.234
4085.000 0.235
4090.000 0.233
4095.000 0.235
4100.000 0.235
4105.000 0.234
4110.000 0.235
4115.000 0.235
4120.000 0.236
4125.000 0.235
4130.000 0.235
4135.000 0.235
4140.000 0.233
4145.000 0.235
4150.000 0.234
4155.000 0.234
4160.000 0.235
4165.000 0.234
4170.000 0.235
4175.000 0.237
4180.000 0.235
4185.000 0.235
4190.000 0.235
4195.000 0.236
4200.000 0.236
4205.000 0.236
4210.000 0.236
4215.000 0.236
4220.000 0.238
4225.000 0.239
4230.000 0.237
4235.000 0.240
4240.000 0.240
4245.000 0.239
4250.000 0.240
4255.000 0.240
4260.000 0.240
4265.000 0.239
4270.000 0.241
4275.000 0.240
4280.000 0.241
4285.000 0.239
4290.000 0.241
4295.000 0.242
4300.000 0.241
4305.000 0.240
4310.000 0.242
4315.000 0.241
4320.000 0.241
4325.000 0.242
4330.000 0.243
4335.000 0.243
4340.000 0.245
4345.000 0.243
4350.000 0.243
4355.000 0.244
4360.000 0.243
4365.000 0.243
4370.000 0.244
4375.000 0.245
4380.000 0.245
4385.000 0.245
4390.000 0.244
4395.000 0.248
4400.000 0.247
4405.000 0.248
4410.000 0.248
4415.000 0.247
4420.000 0.248
4425.000 0.251
4430.000 0.254
4435.000 0.253
4440.000 0.251
4445.000 0.251
4450.000 0.252
4455.000 0.250
4460.000 0.250
4465.000 0.252
4470.000 0.251
4475.000 0.252
4480.000 0.253
4485.000 0.255
4490.000 0.255
4495.000 0.255
4500.000 0.256
4505.000 0.256
4510.000 0.257
4515.000 0.257
4520.000 0.258
4525.000 0.258
4530.000 0.259
4535.000 0.258
4540.000 0.259
4545.000 0.261
4550.000 0.261
4555.000 0.260
4560.000 0.263
4565.000 0.263
4570.000 0.264
4575.000 0.264
4580.000 0.264
4585.000 0.265
4590.000 0.266
4595.000 0.268
4600.000 0.271
4605.000 0.270
4610.000 0.269
4615.000 0.271
4620.000 0.270
4625.000 0.271
4630.000 0.275
4635.000 0.273
4640.000 0.276
4645.000 0.276
4650.000 0.277
4655.000 0.278
4660.000 0.278
4665.000 0.279
4670.000 0.281
4675.000 0.280
4680.000 0.285
4685.000 0.284
4690.000 0.286
4695.000 0.288
4700.000 0.288
4705.000 0.290
4710.000 0.292
4715.000 0.295
4720.000 0.296
4725.000 0.298
4730.000 0.301
4735.000 0.302
4740.000 0.305
4745.000 0.308
4750.000 0.312
4755.000 0.311
4760.000 0.316
4765.000 0.318
4770.000 0.324
4775.000 0.327
4780.000 0.329
4785.000 0.328
4790.000 0.337
4795.000 0.339
4800.000 0.344
4805.000 0.352
4810.000 0.354
4815.000 0.359
4820.000 0.361
4825.000 0.366
4830.000 0.372
4835.000 0.376
4840.000 0.385
4845.000 0.395
4850.000 0.404
4855.000 0.411
4860.000 0.422
4865.000 0.433
4870.000 0.447
4875.000 0.463
4880.000 0.471
4885.000 0.489
4890.000 0.509
4895.000 0.531
4900.000 0.559
4905.000 0.597
4910.000 0.639
4915.000 0.693
4920.000 0.741
4925.000 0.805
4930.000 0.888
4935.000 0.998
4940.000 1.153
4945.000 1.240
4950.000 1.468
4955.000 1.788
4960.000 2.278
4965.000 3.106
4970.000 4.377
4975.000 6.391
4980.000 9.672
4985.000 14.389
4990.000 11.704
4995.000 12.052
5000.000 16.098
5005.000 18.465
5010.000 11.962
5015.000 5.722
5020.000 4.105
5025.000 3.081
5030.000 2.588
5035.000 2.132
5040.000 1.812
5045.000 1.602
5050.000 1.444
5055.000 1.300
5060.000 1.243
5065.000 1.138
5070.000 1.062
5075.000 1.026
5080.000 0.971
5085.000 0.927
5090.000 0.890
5095.000 0.843
5100.000 0.805
5105.000 0.772
5110.000 0.749
5115.000 0.728
5120.000 0.710
5125.000 0.699
5130.000 0.686
5135.000 0.675
5140.000 0.661
5145.000 0.650
5150.000 0.645
5155.000 0.636
5160.000 0.628
5165.000 0.623
5170.000 0.615
5175.000 0.612
5180.000 0.605
5185.000 0.602
5190.000 0.599
5195.000 0.596
5200.000 0.592
5205.000 0.589
5210.000 0.587
5215.000 0.582
5220.000 0.580
5225.000 0.576
5230.000 0.574
5235.000 0.572
5240.000 0.570
5245.000 0.567
5250.000 0.565
5255.000 0.561
5260.000 0.559
5265.000 0.559
5270.000 0.556
5275.000 0.555
5280.000 0.554
5285.000 0.552
5290.000 0.550
5295.000 0.547
5300.000 0.547
5305.000 0.547
5310.000 0.544
5315.000 0.542
5320.000 0.539
5325.000 0.538
5330.000 0.535
5335.000 0.533
5340.000 0.533
5345.000 0.530
5350.000 0.528
5355.000 0.525
5360.000 0.523
5365.000 0.521
5370.000 0.519
5375.000 0.518
5380.000 0.515
5385.000 0.512
5390.000 0.509
5395.000 0.511
5400.000 0.504
5405.000 0.502
5410.000 0.498
5415.000 0.498
5420.000 0.496
5425.000 0.491
5430.000 0.490
5435.000 0.489
5440.000 0.486
5445.000 0.484
5450.000 0.479
5455.000 0.478
5460.000 0.477
5465.000 0.474
5470.000 0.471
5475.000 0.471
5480.000 0.466
5485.000 0.465
5490.000 0.463
5495.000 0.464
5500.000 0.461
5505.000 0.457
5510.000 0.456
5515.000 0.455
5520.000 0.454
5525.000 0.455
5530.000 0.454
5535.000 0.448
5540.000 0.446
5545.000 0.441
5550.000 0.442
5555.000 0.438
5560.000 0.437
5565.000 0.436
5570.000 0.435
5575.000 0.436
5580.000 0.432
5585.000 0.431
5590.000 0.428
5595.000 0.430
5600.000 0.428
5605.000 0.427
5610.000 0.428
5615.000 0.427
5620.000 0.425
5625.000 0.423
5630.000 0.423
5635.000 0.422
5640.000 0.419
5645.000 0.420
5650.000 0.420
5655.000 0.417
5660.000 0.422
5665.000 0.421
5670.000 0.420
5675.000 0.419
5680.000 0.420
5685.000 0.419
5690.000 0.420
5695.000 0.420
5700.000 0.419
5705.000 0.421
5710.000 0.421
5715.000 0.419
5720.000 0.421
5725.000 0.422
5730.000 0.419
5735.000 0.423
5740.000 0.423
5745.000 0.424
5750.000 0.426
5755.000 0.425
5760.000 0.426
5765.000 0.430
5770.000 0.432
5775.000 0.435
5780.000 0.432
5785.000 0.434
5790.000 0.436
5795.000 0.436
5800.000 0.442
5805.000 0.442
5810.000 0.447
5815.000 0.448
5820.000 0.450
5825.000 0.453
5830.000 0.455
5835.000 0.459
5840.000 0.464
5845.000 0.466
5850.000 0.470
5855.000 0.469
5860.000 0.478
5865.000 0.480
5870.000 0.485
5875.000 0.488
5880.000 0.496
5885.000 0.502
5890.000 0.511
5895.000 0.516
5900.000 0.520
5905.000 0.527
5910.000 0.530
5915.000 0.536
5920.000 0.532
5925.000 0.536
5930.000 0.539
5935.000 0.544
5940.000 0.551
5945.000 0.556
5950.000 0.561
5955.000 0.561
5960.000 0.567
5965.000 0.573
5970.000 0.582
5975.000 0.592
5980.000 0.595
5985.000 0.604
5990.000 0.610
5995.000 0.615
6000.000 0.632
6005.000 0.628
6010.000 0.639
6015.000 0.660
6020.000 0.667
6025.000 0.680
6030.000 0.689
6035.000 0.704
6040.000 0.724
6045.000 0.735
6050.000 0.745
6055.000 0.773
6060.000 0.788
6065.000 0.798
6070.000 0.829
6075.000 0.847
6080.000 0.866
6085.000 0.896
6090.000 0.922
6095.000 0.929
6100.000 0.964
6105.000 0.994
6110.000 1.029
6115.000 1.066
6120.000 1.103
6125.000 1.152
6130.000 1.198
6135.000 1.254
6140.000 1.319
6145.000 1.381
6150.000 1.465
6155.000 1.538
6160.000 1.591
6165.000 1.688
6170.000 1.803
6175.000 1.936
6180.000 2.096
6185.000 2.305
6190.000 2.562
6195.000 2.895
6200.000 3.346
6205.000 4.008
6210.000 4.919
6215.000 5.518
6220.000 7.105
6225.000 9.423
6230.000 12.663
6235.000 16.828
6240.000 21.676
6245.000 26.499
6250.000 29.036
6255.000 25.931
6260.000 18.814
6265.000 12.262
6270.000 8.600
6275.000 7.471
6280.000 5.802
6285.000 4.679
6290.000 3.873
6295.000 3.273
6300.000 2.841
6305.000 2.513
6310.000 2.223
6315.000 1.974
6320.000 1.766
6325.000 1.595
6330.000 1.447
6335.000 1.329
6340.000 1.276
6345.000 1.186
6350.000 1.110
6355.000 1.044
6360.000 0.987
6365.000 0.941
6370.000 0.896
6375.000 0.858
6380.000 0.825
6385.000 0.793
6390.000 0.764
6395.000 0.737
6400.000 0.715
6405.000 0.704
6410.000 0.680
6415.000 0.662
6420.000 0.642
6425.000 0.625
6430.000 0.607
6435.000 0.592
6440.000 0.573
6445.000 0.559
6450.000 0.544
6455.000 0.529
6460.000 0.523
6465.000 0.507
6470.000 0.493
6475.000 0.478
6480.000 0.465
6485.000 0.451
6490.000 0.435
6495.000 0.419
6500.000 0.403
6505.000 0.388
6510.000 0.369
6515.000 0.351
6520.000 0.340
6525.000 0.319
6530.000 0.296
6535.000 0.275
6540.000 0.251
6545.000 0.229
6550.000 0.217
6555.000 0.229
6560.000 0.287
6565.000 0.420
6570.000 0.690
6575.000 1.399
6580.000 4.586
6585.000 8.372
6590.000 15.722
6595.000 12.943
6600.000 7.197
6605.000 4.187
6610.000 2.923
6615.000 2.203
6620.000 1.748
6625.000 1.419
6630.000 1.250
6635.000 1.112
6640.000 1.018
6645.000 0.984
6650.000 0.919
6655.000 0.872
6660.000 0.832
6665.000 0.797
6670.000 0.769
6675.000 0.744
6680.000 0.726
6685.000 0.711
6690.000 0.694
6695.000 0.683
6700.000 0.675
6705.000 0.666
6710.000 0.655
6715.000 0.650
6720.000 0.638
6725.000 0.633
6730.000 0.627
6735.000 0.621
6740.000 0.618
6745.000 0.613
6750.000 0.608
6755.000 0.602
6760.000 0.600
6765.000 0.600
6770.000 0.594
6775.000 0.591
6780.000 0.588
6785.000 0.585
6790.000 0.582
6795.000 0.580
6800.000 0.579
6805.000 0.578
6810.000 0.571
6815.000 0.572
6820.000 0.571
6825.000 0.567
6830.000 0.566
6835.000 0.566
6840.000 0.564
6845.000 0.562
6850.000 0.564
6855.000 0.563
6860.000 0.562
6865.000 0.558
6870.000 0.558
6875.000 0.558
6880.000 0.557
6885.000 0.555
6890.000 0.554
6895.000 0.554
6900.000 0.553
6905.000 0.552
6910.000 0.553
6915.000 0.554
6920.000 0.553
6925.000 0.556
6930.000 0.556
6935.000 0.553
6940.000 0.556
6945.000 0.553
6950.000 0.552
6955.000 0.556
6960.000 0.555
6965.000 0.557
6970.000 0.557
6975.000 0.561
6980.000 0.562
6985.000 0.554
6990.000 0.561
6995.000 0.563
7000.000 0.556
7005.000 0.559
7010.000 0.567
7015.000 0.562
7020.000 0.565
7025.000 0.562
7030.000 0.567
7035.000 0.572
7040.000 0.577
7045.000 0.576
7050.000 0.572
7055.000 0.575
7060.000 0.581
7065.000 0.584
7070.000 0.583
7075.000 0.584
7080.000 0.587
7085.000 0.590
7090.000 0.593
7095.000 0.594
7100.000 0.598
7105.000 0.604
7110.000 0.605
7115.000 0.609
7120.000 0.610
7125.000 0.615
7130.000 0.617
7135.000 0.621
7140.000 0.625
7145.000 0.633
7150.000 0.638
7155.000 0.642
7160.000 0.645
7165.000 0.653
7170.000 0.657
7175.000 0.665
7180.000 0.675
7185.000 0.683
7190.000 0.689
7195.000 0.691
7200.000 0.700
7205.000 0.711
7210.000 0.718
7215.000 0.729
7220.000 0.739
7225.000 0.750
7230.000 0.759
7235.000 0.774
7240.000 0.785
7245.000 0.802
7250.000 0.808
7255.000 0.825
7260.000 0.843
7265.000 0.860
7270.000 0.882
7275.000 0.902
7280.000 0.928
7285.000 0.952
7290.000 0.980
7295.000 1.001
7300.000 1.018
7305.000 1.044
7310.000 1.062
7315.000 1.076
7320.000 1.094
7325.000 1.118
7330.000 1.142
7335.000 1.180
7340.000 1.215
7345.000 1.250
7350.000 1.294
7355.000 1.353
7360.000 1.399
7365.000 1.497
7370.000 1.522
7375.000 1.531
7380.000 1.558
7385.000 1.626
7390.000 1.694
7395.000 1.785
7400.000 1.880
7405.000 2.003
7410.000 2.142
7415.000 2.319
7420.000 2.548
7425.000 2.845
7430.000 3.272
7435.000 3.872
7440.000 4.273
7445.000 5.450
7450.000 7.133
7455.000 9.525
7460.000 12.450
7465.000 14.777
7470.000 14.440
7475.000 10.558
7480.000 6.887
7485.000 4.721
7490.000 3.142
7495.000 2.844
7500.000 2.581
7505.000 2.116
7510.000 1.823
7515.000 1.612
7520.000 1.446
7525.000 1.283
7530.000 1.135
7535.000 1.011
7540.000 0.907
7545.000 0.811
7550.000 0.727
7555.000 0.690
7560.000 0.625
7565.000 0.568
7570.000 0.522
7575.000 0.481
7580.000 0.448
7585.000 0.419
7590.000 0.391
7595.000 0.370
7600.000 0.349
7605.000 0.330
7610.000 0.313
7615.000 0.302
7620.000 0.294
7625.000 0.282
7630.000 0.270
7635.000 0.261
7640.000 0.251
7645.000 0.245
7650.000 0.237
7655.000 0.231
7660.000 0.225
7665.000 0.220
7670.000 0.217
7675.000 0.212
7680.000 0.210
7685.000 0.208
7690.000 0.206
7695.000 0.202
7700.000 0.200
7705.000 0.199
7710.000 0.198
7715.000 0.196
7720.000 0.195
7725.000 0.195
7730.000 0.195
7735.000 0.195
7740.000 0.195
7745.000 0.197
7750.000 0.195
7755.000 0.194
7760.000 0.198
7765.000 0.196
7770.000 0.197
7775.000 0.196
7780.000 0.197
7785.000 0.200
7790.000 0.200
7795.000 0.202
7800.000 0.202
7805.000 0.203
7810.000 0.203
7815.000 0.206
7820.000 0.206
7825.000 0.209
7830.000 0.212
7835.000 0.211
7840.000 0.212
7845.000 0.214
7850.000 0.216
7855.000 0.217
7860.000 0.219
7865.000 0.221
7870.000 0.220
7875.000 0.224
7880.000 0.225
7885.000 0.226
7890.000 0.226
7895.000 0.231
7900.000 0.232
7905.000 0.234
7910.000 0.238
7915.000 0.237
7920.000 0.239
7925.000 0.243
7930.000 0.242
7935.000 0.247
7940.000 0.250
7945.000 0.256
7950.000 0.257
7955.000 0.257
7960.000 0.257
7965.000 0.260
7970.000 0.269
7975.000 0.270
7980.000 0.272
7985.000 0.279
7990.000 0.277
7995.000 0.280
8000.000 0.290
8005.000 0.288
8010.000 0.298
8015.000 0.303
8020.000 0.318
8025.000 0.332
8030.000 0.337
8035.000 0.347
8040.000 0.353
8045.000 0.371
8050.000 0.395
8055.000 0.423
8060.000 0.464
8065.000 0.520
8070.000 0.588
8075.000 0.793
8080.000 2.858
8085.000 6.840
8090.000 4.695
8095.000 1.477
8100.000 1.206
8105.000 0.244
8110.000 0.484
8115.000 0.287
8120.000 0.261
8125.000 0.223
8130.000 0.216
8135.000 0.209
8140.000 0.205
8145.000 0.204
8150.000 0.203
8155.000 0.203
8160.000 0.204
8165.000 0.204
8170.000 0.205
8175.000 0.205
8180.000 0.206
8185.000 0.207
8190.000 0.209
8195.000 0.212
8200.000 0.211
8205.000 0.213
8210.000 0.214
8215.000 0.214
8220.000 0.218
8225.000 0.218
8230.000 0.220
8235.000 0.218
8240.000 0.219
8245.000 0.221
8250.000 0.224
8255.000 0.226
8260.000 0.225
8265.000 0.225
8270.000 0.225
8275.000 0.227
8280.000 0.229
8285.000 0.229
8290.000 0.229
8295.000 0.230
8300.000 0.231
8305.000 0.231
8310.000 0.233
8315.000 0.233
8320.000 0.234
8325.000 0.234
8330.000 0.234
8335.000 0.235
8340.000 0.237
8345.000 0.238
8350.000 0.236
8355.000 0.239
8360.000 0.239
8365.000 0.239
8370.000 0.242
8375.000 0.241
8380.000 0.242
8385.000 0.241
8390.000 0.243
8395.000 0.245
8400.000 0.244
8405.000 0.245
8410.000 0.245
8415.000 0.243
8420.000 0.246
8425.000 0.246
8430.000 0.246
8435.000 0.248
8440.000 0.251
8445.000 0.252
8450.000 0.253
8455.000 0.254
8460.000 0.255
8465.000 0.257
8470.000 0.260
8475.000 0.264
8480.000 0.266
8485.000 0.269
8490.000 0.273
8495.000 0.280
8500.000 0.287
8505.000 0.297
8510.000 0.309
8515.000 0.323
8520.000 0.344
8525.000 0.371
8530.000 0.389
8535.000 0.434
8540.000 0.509
8545.000 0.656
8550.000 0.955
8555.000 1.633
8560.000 3.224
8565.000 5.824
8570.000 6.865
8575.000 0.747
8580.000 0.569
8585.000 0.357
8590.000 0.337
8595.000 0.340
8600.000 0.238
8605.000 0.173
8610.000 0.161
8615.000 0.149
8620.000 0.150
8625.000 0.163
8630.000 0.191
8635.000 0.234
8640.000 0.291
8645.000 0.372
8650.000 0.510
8655.000 0.605
8660.000 0.860
8665.000 1.107
8670.000 1.173
8675.000 1.095
8680.000 1.002
8685.000 1.038
8690.000 1.224
8695.000 1.404
8700.000 1.446
8705.000 1.714
8710.000 1.922
8715.000 1.951
8720.000 1.620
8725.000 1.287
8730.000 1.051
8735.000 0.893
8740.000 0.774
8745.000 0.697
8750.000 0.634
8755.000 0.588
8760.000 0.559
8765.000 0.531
8770.000 0.518
8775.000 0.505
8780.000 0.493
8785.000 0.477
8790.000 0.461
8795.000 0.451
8800.000 0.439
8805.000 0.433
8810.000 0.421
8815.000 0.414
8820.000 0.429
8825.000 0.419
8830.000 0.449
8835.000 0.401
8840.000 0.429
8845.000 0.405
8850.000 0.393
8855.000 0.388
8860.000 0.386
8865.000 0.378
8870.000 0.379
8875.000 0.375
8880.000 0.376
8885.000 0.380
8890.000 0.380
8895.000 0.381
8900.000 0.378
8905.000 0.387
8910.000 0.383
8915.000 0.376
8920.000 0.371
8925.000 0.365
8930.000 0.364
8935.000 0.366
8940.000 0.362
8945.000 0.362
8950.000 0.362
8955.000 0.367
8960.000 0.362
8965.000 0.361
8970.000 0.365
8975.000 0.364
8980.000 0.365
8985.000 0.367
8990.000 0.368
8995.000 0.365
9000.000 0.369
9005.000 0.367
9010.000 0.361
9015.000 0.369
9020.000 0.363
9025.000 0.368
9030.000 0.367
9035.000 0.363
9040.000 0.360
9045.000 0.360
9050.000 0.371
9055.000 0.365
9060.000 0.366
9065.000 0.367
9070.000 0.366
9075.000 0.364
9080.000 0.368
9085.000 0.362
9090.000 0.363
9095.000 0.367
9100.000 0.365
9105.000 0.365
9110.000 0.359
9115.000 0.362
9120.000 0.362
9125.000 0.361
9130.000 0.362
9135.000 0.363
9140.000 0.363
9145.000 0.362
9150.000 0.361
9155.000 0.364
9160.000 0.362
9165.000 0.360
9170.000 0.360
9175.000 0.367
9180.000 0.364
9185.000 0.365
9190.000 0.367
9195.000 0.363
9200.000 0.362
9205.000 0.364
9210.000 0.364
9215.000 0.366
9220.000 0.363
9225.000 0.366
9230.000 0.366
9235.000 0.373
9240.000 0.365
9245.000 0.367
9250.000 0.366
9255.000 0.364
9260.000 0.365
9265.000 0.363
9270.000 0.366
9275.000 0.367
9280.000 0.367
9285.000 0.368
9290.000 0.368
9295.000 0.368
9300.000 0.367
9305.000 0.371
9310.000 0.373
9315.000 0.373
9320.000 0.373
9325.000 0.375
9330.000 0.374
9335.000 0.374
9340.000 0.376
9345.000 0.376
9350.000 0.377
9355.000 0.377
9360.000 0.378
9365.000 0.385
9370.000 0.387
9375.000 0.391
9380.000 0.391
9385.000 0.392
9390.000 0.396
9395.000 0.399
9400.000 0.401
9405.000 0.407
9410.000 0.413
9415.000 0.417
9420.000 0.425
9425.000 0.434
9430.000 0.447
9435.000 0.456
9440.000 0.465
9445.000 0.478
9450.000 0.497
9455.000 0.518
9460.000 0.545
9465.000 0.584
9470.000 0.632
9475.000 0.704
9480.000 0.824
9485.000 1.049
9490.000 1.540
9495.000 2.661
9500.000 3.560
9505.000 5.752
9510.000 7.083
9515.000 4.066
9520.000 1.031
9525.000 0.240
9530.000 0.226
9535.000 0.089
9540.000 0.105
9545.000 0.093
9550.000 0.084
9555.000 0.086
9560.000 0.081
9565.000 0.083
9570.000 0.085
9575.000 0.086
9580.000 0.085
9585.000 0.086
9590.000 0.087
9595.000 0.088
9600.000 0.084
9605.000 0.086
9610.000 0.083
9615.000 0.084
9620.000 0.081
9625.000 0.080
9630.000 0.078
9635.000 0.076
9640.000 0.070
9645.000 0.067
9650.000 0.064
9655.000 0.061
9660.000 0.056
9665.000 0.051
9670.000 0.045
9675.000 0.039
9680.000 0.036
9685.000 0.029
9690.000 0.021
9695.000 0.016
9700.000 0.008
9705.000 0.009
9710.000 0.019
9715.000 0.030
9720.000 0.042
9725.000 0.056
9730.000 0.072
9735.000 0.090
9740.000 0.110
9745.000 0.120
9750.000 0.147
9755.000 0.172
9760.000 0.210
9765.000 0.255
9770.000 0.314
9775.000 0.386
9780.000 0.466
9785.000 0.578
9790.000 0.732
9795.000 0.954
9800.000 1.248
9805.000 1.430
9810.000 1.838
9815.000 2.346
9820.000 2.962
9825.000 3.696
9830.000 4.581
9835.000 5.550
9840.000 6.471
9845.000 7.040
9850.000 6.970
9855.000 6.324
9860.000 5.483
9865.000 4.655
9870.000 4.266
9875.000 3.572
9880.000 2.984
9885.000 2.501
9890.000 2.101
9895.000 1.744
9900.000 1.426
9905.000 1.200
9910.000 1.017
9915.000 0.824
9920.000 0.747
9925.000 0.748
9930.000 0.751
9935.000 0.756
9940.000 0.758
9945.000 0.758
9950.000 0.755
9955.000 0.738
9960.000 0.736
9965.000 0.724
9970.000 0.721
9975.000 0.707
9980.000 0.692
9985.000 0.693
9990.000 0.683
9995.000 0.682
10000.000 0.666
10005.000 0.671
10010.000 0.660
10015.000 0.656
10020.000 0.644
10025.000 0.630
10030.000 0.626
10035.000 0.628
10040.000 0.623
10045.000 0.613
10050.000 0.606
10055.000 0.602
10060.000 0.592
10065.000 0.591
10070.000 0.592
10075.000 0.583
10080.000 0.575
10085.000 0.564
10090.000 0.555
10095.000 0.546
10100.000 0.538
10105.000 0.534
10110.000 0.527
10115.000 0.525
10120.000 0.519
10125.000 0.510
10130.000 0.500
10135.000 0.487
10140.000 0.480
10145.000 0.465
10150.000 0.447
10155.000 0.422
10160.000 0.396
10165.000 0.368
10170.000 0.348
10175.000 0.299
10180.000 0.229
10185.000 0.145
10190.000 0.176
10195.000 0.815
10200.000 3.164
10205.000 5.138
10210.000 1.318
10215.000 2.931
10220.000 1.647
10225.000 1.580
10230.000 1.552
10235.000 1.384
10240.000 1.277
10245.000 1.146
10250.000 1.023
10255.000 0.932
10260.000 0.848
10265.000 0.781
10270.000 0.724
10275.000 0.684
10280.000 0.657
10285.000 0.644
10290.000 0.640
10295.000 0.640
10300.000 0.635
10305.000 0.626
10310.000 0.621
10315.000 0.618
10320.000 0.617
10325.000 0.611
10330.000 0.610
10335.000 0.604
10340.000 0.604
10345.000 0.603
10350.000 0.603
10355.000 0.598
10360.000 0.592
10365.000 0.592
10370.000 0.597
10375.000 0.591
10380.000 0.596
10385.000 0.595
10390.000 0.582
10395.000 0.589
10400.000 0.583
10405.000 0.583
10410.000 0.577
10415.000 0.575
10420.000 0.576
10425.000 0.573
10430.000 0.572
10435.000 0.568
10440.000 0.573
10445.000 0.569
10450.000 0.572
10455.000 0.573
10460.000 0.574
10465.000 0.571
10470.000 0.573
10475.000 0.570
10480.000 0.570
10485.000 0.568
10490.000 0.580
10495.000 0.578
10500.000 0.574
10505.000 0.570
10510.000 0.567
10515.000 0.565
10520.000 0.563
10525.000 0.565
10530.000 0.563
10535.000 0.563
10540.000 0.562
10545.000 0.564
10550.000 0.562
10555.000 0.563
10560.000 0.567
10565.000 0.561
10570.000 0.564
10575.000 0.566
10580.000 0.563
10585.000 0.565
10590.000 0.567
10595.000 0.568
10600.000 0.564
10605.000 0.561
10610.000 0.564
10615.000 0.565
10620.000 0.564
10625.000 0.566
10630.000 0.564
10635.000 0.564
10640.000 0.561
10645.000 0.563
10650.000 0.568
10655.000 0.563
10660.000 0.563
10665.000 0.564
10670.000 0.565
10675.000 0.570
10680.000 0.564
10685.000 0.567
10690.000 0.569
10695.000 0.569
10700.000 0.571
10705.000 0.571
10710.000 0.572
10715.000 0.572
10720.000 0.570
10725.000 0.571
10730.000 0.570
10735.000 0.569
10740.000 0.569
10745.000 0.575
10750.000 0.570
10755.000 0.565
10760.000 0.570
10765.000 0.567
10770.000 0.563
10775.000 0.560
10780.000 0.562
10785.000 0.568
10790.000 0.555
10795.000 0.558
10800.000 0.555
10805.000 0.555
10810.000 0.543
10815.000 0.538
10820.000 0.525
10825.000 0.514
10830.000 0.498
10835.000 0.480
10840.000 0.453
10845.000 0.437
10850.000 0.401
10855.000 0.353
10860.000 0.312
10865.000 0.323
10870.000 0.596
10875.000 1.507
10880.000 2.608
10885.000 3.233
10890.000 3.114
10895.000 2.877
10900.000 2.795
10905.000 2.769
10910.000 2.278
10915.000 1.631
10920.000 1.809
10925.000 1.763
10930.000 1.717
10935.000 1.683
10940.000 1.648
10945.000 1.633
10950.000 1.618
10955.000 1.628
10960.000 1.639
10965.000 1.681
10970.000 1.746
10975.000 1.822
10980.000 1.930
10985.000 2.069
10990.000 2.239
10995.000 2.464
11000.000 2.738
11005.000 3.022
11010.000 3.269
11015.000 3.324
11020.000 3.123
11025.000 2.941
11030.000 2.485
11035.000 2.030
11040.000 1.622
11045.000 1.329
11050.000 1.108
11055.000 0.924
11060.000 0.792
11065.000 0.690
11070.000 0.603
11075.000 0.533
11080.000 0.457
11085.000 0.403
11090.000 0.281
11095.000 0.157
11100.000 0.097
11105.000 0.075
11110.000 0.068
11115.000 0.057
11120.000 0.049
11125.000 0.046
11130.000 0.045
11135.000 0.051
11140.000 0.057
11145.000 0.066
11150.000 0.070
11155.000 0.078
11160.000 0.087
11165.000 0.096
11170.000 0.101
11175.000 0.110
11180.000 0.116
11185.000 0.125
11190.000 0.129
11195.000 0.138
11200.000 0.143
11205.000 0.148
11210.000 0.151
11215.000 0.158
11220.000 0.164
11225.000 0.166
11230.000 0.174
11235.000 0.180
11240.000 0.186
11245.000 0.189
11250.000 0.194
11255.000 0.200
11260.000 0.205
11265.000 0.206
11270.000 0.209
11275.000 0.214
11280.000 0.218
11285.000 0.222
11290.000 0.225
11295.000 0.230
11300.000 0.234
11305.000 0.238
11310.000 0.242
11315.000 0.244
11320.000 0.247
11325.000 0.251
11330.000 0.254
11335.000 0.256
11340.000 0.264
11345.000 0.266
11350.000 0.273
11355.000 0.279
11360.000 0.283
11365.000 0.292
11370.000 0.294
11375.000 0.293
11380.000 0.295
11385.000 0.298
11390.000 0.296
11395.000 0.299
11400.000 0.299
11405.000 0.302
11410.000 0.305
11415.000 0.306
11420.000 0.306
11425.000 0.309
11430.000 0.311
11435.000 0.312
11440.000 0.308
11445.000 0.309
11450.000 0.310
11455.000 0.311
11460.000 0.314
11465.000 0.313
11470.000 0.317
11475.000 0.317
11480.000 0.319
11485.000 0.317
11490.000 0.319
11495.000 0.322
11500.000 0.324
11505.000 0.324
11510.000 0.324
11515.000 0.325
11520.000 0.328
11525.000 0.328
11530.000 0.327
11535.000 0.331
11540.000 0.329
11545.000 0.329
11550.000 0.328
11555.000 0.330
11560.000 0.331
11565.000 0.333
11570.000 0.330
11575.000 0.336
11580.000 0.333
11585.000 0.334
11590.000 0.334
11595.000 0.336
11600.000 0.338
11605.000 0.341
11610.000 0.341
11615.000 0.339
11620.000 0.339
11625.000 0.339
11630.000 0.345
11635.000 0.341
11640.000 0.344
11645.000 0.343
11650.000 0.344
11655.000 0.344
11660.000 0.349
11665.000 0.349
11670.000 0.347
11675.000 0.348
11680.000 0.350
11685.000 0.351
11690.000 0.356
11695.000 0.354
11700.000 0.356
11705.000 0.355
11710.000 0.360
11715.000 0.364
11720.000 0.364
11725.000 0.370
11730.000 0.374
11735.000 0.378
11740.000 0.381
11745.000 0.385
11750.000 0.410
11755.000 0.451
11760.000 0.701
11765.000 0.861
11770.000 0.487
11775.000 0.350
11780.000 0.246
11785.000 0.272
11790.000 0.267
11795.000 0.280
11800.000 0.282
11805.000 0.284
11810.000 0.287
11815.000 0.289
11820.000 0.288
11825.000 0.297
11830.000 0.298
11835.000 0.294
11840.000 0.298
11845.000 0.301
11850.000 0.301
11855.000 0.302
11860.000 0.303
11865.000 0.304
11870.000 0.301
11875.000 0.303
11880.000 0.301
11885.000 0.299
11890.000 0.300
11895.000 0.300
11900.000 0.303
11905.000 0.301
11910.000 0.306
11915.000 0.307
11920.000 0.305
11925.000 0.303
11930.000 0.305
11935.000 0.300
11940.000 0.299
11945.000 0.302
11950.000 0.301
11955.000 0.299
11960.000 0.298
11965.000 0.299
11970.000 0.297
11975.000 0.295
11980.000 0.297
11985.000 0.304
11990.000 0.296
11995.000 0.299
12000.000 0.297
