105.000 0.113
110.000 0.231
115.000 2.537
120.000 2.866
125.000 3.155
130.000 3.456
135.000 3.646
140.000 3.803
145.000 3.912
150.000 3.794
155.000 3.638
160.000 3.589
165.000 3.494
170.000 3.585
175.000 3.424
180.000 3.508
185.000 3.495
190.000 3.483
195.000 3.559
200.000 3.481
205.000 3.583
210.000 3.645
215.000 3.592
220.000 3.735
225.000 3.847
230.000 3.924
235.000 3.901
240.000 3.939
245.000 3.997
250.000 4.130
255.000 4.226
260.000 4.241
265.000 4.300
270.000 4.268
275.000 4.342
280.000 4.378
285.000 4.343
290.000 4.339
295.000 4.366
300.000 4.344
305.000 4.335
310.000 4.360
315.000 4.438
320.000 4.546
325.000 4.652
330.000 4.799
335.000 4.937
340.000 5.123
345.000 5.516
350.000 5.624
355.000 5.837
360.000 6.036
365.000 6.351
370.000 6.680
375.000 6.981
380.000 7.348
385.000 7.683
390.000 8.036
395.000 8.364
400.000 8.652
405.000 8.854
410.000 8.919
415.000 8.913
420.000 8.818
425.000 8.490
430.000 8.021
435.000 7.295
440.000 6.377
445.000 5.493
450.000 4.744
455.000 4.082
460.000 3.509
465.000 3.058
470.000 2.872
475.000 2.551
480.000 2.348
485.000 2.211
490.000 2.058
495.000 1.948
500.000 1.832
505.000 1.723
510.000 1.643
515.000 1.566
520.000 1.485
525.000 1.417
530.000 1.373
535.000 1.316
540.000 1.244
545.000 1.193
550.000 1.134
555.000 1.096
560.000 1.035
565.000 0.969
570.000 0.927
575.000 0.881
580.000 0.836
585.000 0.804
590.000 0.793
595.000 0.754
600.000 0.722
605.000 0.700
610.000 0.674
615.000 0.660
620.000 0.637
625.000 0.620
630.000 0.592
635.000 0.581
640.000 0.565
645.000 0.556
650.000 0.538
655.000 0.531
660.000 0.526
665.000 0.515
670.000 0.502
675.000 0.495
680.000 0.484
685.000 0.470
690.000 0.465
695.000 0.460
700.000 0.447
705.000 0.435
710.000 0.430
715.000 0.437
720.000 0.422
725.000 0.422
730.000 0.413
735.000 0.411
740.000 0.405
745.000 0.402
750.000 0.394
755.000 0.393
760.000 0.392
765.000 0.384
770.000 0.379
775.000 0.374
780.000 0.374
785.000 0.376
790.000 0.373
795.000 0.367
800.000 0.368
805.000 0.361
810.000 0.357
815.000 0.357
820.000 0.355
825.000 0.353
830.000 0.345
835.000 0.347
840.000 0.347
845.000 0.349
850.000 0.339
855.000 0.343
860.000 0.343
865.000 0.334
870.000 0.335
875.000 0.337
880.000 0.328
885.000 0.329
890.000 0.333
895.000 0.332
900.000 0.331
905.000 0.321
910.000 0.327
915.000 0.331
920.000 0.321
925.000 0.322
930.000 0.321
935.000 0.330
940.000 0.324
945.000 0.324
950.000 0.324
955.000 0.325
960.000 0.319
965.000 0.317
970.000 0.331
975.000 0.323
980.000 0.315
985.000 0.328
990.000 0.311
995.000 0.318
1000.000 0.336
1005.000 0.316
1010.000 0.313
1015.000 0.319
1020.000 0.331
1025.000 0.326
1030.000 0.326
1035.000 0.319
1040.000 0.329
1045.000 0.323
1050.000 0.317
1055.000 0.321
1060.000 0.323
1065.000 0.325
1070.000 0.318
1075.000 0.315
1080.000 0.318
1085.000 0.317
1090.000 0.318
1095.000 0.322
1100.000 0.321
1105.000 0.321
1110.000 0.322
1115.000 0.323
1120.000 0.319
1125.000 0.316
1130.000 0.319
1135.000 0.325
1140.000 0.323
1145.000 0.324
1150.000 0.321
1155.000 0.321
1160.000 0.323
1165.000 0.318
1170.000 0.326
1175.000 0.330
1180.000 0.324
1185.000 0.325
1190.000 0.329
1195.000 0.328
1200.000 0.327
1205.000 0.328
1210.000 0.331
1215.000 0.330
1220.000 0.331
1225.000 0.335
1230.000 0.329
1235.000 0.330
1240.000 0.336
1245.000 0.338
1250.000 0.337
1255.000 0.338
1260.000 0.335
1265.000 0.339
1270.000 0.338
1275.000 0.343
1280.000 0.345
1285.000 0.341
1290.000 0.341
1295.000 0.345
1300.000 0.348
1305.000 0.350
1310.000 0.353
1315.000 0.352
1320.000 0.350
1325.000 0.354
1330.000 0.356
1335.000 0.356
1340.000 0.354
1345.000 0.357
1350.000 0.361
1355.000 0.361
1360.000 0.359
1365.000 0.364
1370.000 0.359
1375.000 0.365
1380.000 0.365
1385.000 0.369
1390.000 0.368
1395.000 0.368
1400.000 0.369
1405.000 0.368
1410.000 0.365
1415.000 0.366
1420.000 0.363
1425.000 0.356
1430.000 0.361
1435.000 0.359
1440.000 0.362
1445.000 0.363
1450.000 0.365
1455.000 0.364
1460.000 0.378
1465.000 0.383
1470.000 0.390
1475.000 0.395
1480.000 0.403
1485.000 0.406
1490.000 0.413
1495.000 0.423
1500.000 0.435
1505.000 0.429
1510.000 0.432
1515.000 0.439
1520.000 0.445
1525.000 0.448
1530.000 0.461
1535.000 0.464
1540.000 0.470
1545.000 0.478
1550.000 0.485
1555.000 0.491
1560.000 0.495
1565.000 0.500
1570.000 0.507
1575.000 0.516
1580.000 0.525
1585.000 0.525
1590.000 0.538
1595.000 0.550
1600.000 0.559
1605.000 0.563
1610.000 0.580
1615.000 0.589
1620.000 0.596
1625.000 0.599
1630.000 0.611
1635.000 0.617
1640.000 0.634
1645.000 0.642
1650.000 0.658
1655.000 0.678
1660.000 0.685
1665.000 0.696
1670.000 0.708
1675.000 0.728
1680.000 0.742
1685.000 0.765
1690.000 0.777
1695.000 0.785
1700.000 0.800
1705.000 0.817
1710.000 0.835
1715.000 0.856
1720.000 0.867
1725.000 0.891
1730.000 0.912
1735.000 0.931
1740.000 0.952
1745.000 0.963
1750.000 0.983
1755.000 1.011
1760.000 1.030
1765.000 1.045
1770.000 1.075
1775.000 1.099
1780.000 1.123
1785.000 1.147
1790.000 1.169
1795.000 1.195
1800.000 1.217
1805.000 1.231
1810.000 1.248
1815.000 1.275
1820.000 1.293
1825.000 1.312
1830.000 1.347
1835.000 1.352
1840.000 1.371
1845.000 1.382
1850.000 1.404
1855.000 1.418
1860.000 1.425
1865.000 1.435
1870.000 1.443
1875.000 1.453
1880.000 1.447
1885.000 1.454
1890.000 1.455
1895.000 1.458
1900.000 1.465
1905.000 1.463
1910.000 1.466
1915.000 1.459
1920.000 1.459
1925.000 1.458
1930.000 1.448
1935.000 1.450
1940.000 1.437
1945.000 1.433
1950.000 1.420
1955.000 1.415
1960.000 1.411
1965.000 1.399
1970.000 1.406
1975.000 1.395
1980.000 1.387
1985.000 1.383
1990.000 1.372
1995.000 1.364
2000.000 1.372
2005.000 1.368
2010.000 1.365
2015.000 1.340
2020.000 1.353
2025.000 1.337
2030.000 1.340
2035.000 1.320
2040.000 1.322
2045.000 1.314
2050.000 1.312
2055.000 1.314
2060.000 1.312
2065.000 1.309
2070.000 1.318
2075.000 1.317
2080.000 1.311
2085.000 1.318
2090.000 1.321
2095.000 1.323
2100.000 1.327
2105.000 1.330
2110.000 1.340
2115.000 1.344
2120.000 1.354
2125.000 1.355
2130.000 1.368
2135.000 1.387
2140.000 1.391
2145.000 1.403
2150.000 1.416
2155.000 1.434
2160.000 1.454
2165.000 1.474
2170.000 1.494
2175.000 1.509
2180.000 1.532
2185.000 1.566
2190.000 1.597
2195.000 1.628
2200.000 1.667
2205.000 1.704
2210.000 1.758
2215.000 1.806
2220.000 1.867
2225.000 1.930
2230.000 1.962
2235.000 2.036
2240.000 2.129
2245.000 2.226
2250.000 2.350
2255.000 2.488
2260.000 2.653
2265.000 2.868
2270.000 3.158
2275.000 3.559
2280.000 4.140
2285.000 5.062
2290.000 6.525
2295.000 7.589
2300.000 10.864
2305.000 16.016
2310.000 22.885
2315.000 29.358
2320.000 29.106
2325.000 24.192
2330.000 11.791
2335.000 7.838
2340.000 5.438
2345.000 4.008
2350.000 3.059
2355.000 2.718
2360.000 2.182
2365.000 1.791
2370.000 1.491
2375.000 1.267
2380.000 1.083
2385.000 0.942
2390.000 0.828
2395.000 0.734
2400.000 0.655
2405.000 0.590
2410.000 0.533
2415.000 0.484
2420.000 0.462
2425.000 0.421
2430.000 0.386
2435.000 0.356
2440.000 0.326
2445.000 0.302
2450.000 0.277
2455.000 0.256
2460.000 0.237
2465.000 0.219
2470.000 0.204
2475.000 0.193
2480.000 0.182
2485.000 0.171
2490.000 0.159
2495.000 0.150
2500.000 0.140
2505.000 0.135
2510.000 0.128
2515.000 0.124
2520.000 0.118
2525.000 0.114
2530.000 0.112
2535.000 0.112
2540.000 0.109
2545.000 0.107
2550.000 0.107
2555.000 0.108
2560.000 0.108
2565.000 0.107
2570.000 0.111
2575.000 0.112
2580.000 0.114
2585.000 0.115
2590.000 0.121
2595.000 0.123
2600.000 0.125
2605.000 0.128
2610.000 0.131
2615.000 0.133
2620.000 0.138
2625.000 0.142
2630.000 0.145
2635.000 0.147
2640.000 0.151
2645.000 0.156
2650.000 0.159
2655.000 0.162
2660.000 0.163
2665.000 0.167
2670.000 0.171
2675.000 0.178
2680.000 0.181
2685.000 0.186
2690.000 0.190
2695.000 0.196
2700.000 0.202
2705.000 0.206
2710.000 0.210
2715.000 0.213
2720.000 0.218
2725.000 0.224
2730.000 0.230
2735.000 0.233
2740.000 0.239
2745.000 0.245
2750.000 0.249
2755.000 0.259
2760.000 0.265
2765.000 0.268
2770.000 0.274
2775.000 0.282
2780.000 0.284
2785.000 0.289
2790.000 0.297
2795.000 0.304
2800.000 0.309
2805.000 0.315
2810.000 0.320
2815.000 0.327
2820.000 0.334
2825.000 0.343
2830.000 0.349
2835.000 0.353
2840.000 0.362
2845.000 0.365
2850.000 0.371
2855.000 0.380
2860.000 0.388
2865.000 0.398
2870.000 0.404
2875.000 0.411
2880.000 0.415
2885.000 0.420
2890.000 0.423
2895.000 0.428
2900.000 0.436
2905.000 0.434
2910.000 0.439
2915.000 0.440
2920.000 0.449
2925.000 0.450
2930.000 0.454
2935.000 0.455
2940.000 0.466
2945.000 0.462
2950.000 0.471
2955.000 0.472
2960.000 0.473
2965.000 0.477
2970.000 0.482
2975.000 0.480
2980.000 0.484
2985.000 0.490
2990.000 0.487
2995.000 0.488
3000.000 0.496
3005.000 0.486
3010.000 0.486
3015.000 0.501
3020.000 0.488
3025.000 0.503
3030.000 0.505
3035.000 0.494
3040.000 0.501
3045.000 0.500
3050.000 0.496
3055.000 0.501
3060.000 0.497
3065.000 0.503
3070.000 0.499
3075.000 0.501
3080.000 0.504
3085.000 0.507
3090.000 0.506
3095.000 0.508
3100.000 0.505
3105.000 0.505
3110.000 0.503
3115.000 0.509
3120.000 0.507
3125.000 0.509
3130.000 0.509
3135.000 0.511
3140.000 0.515
3145.000 0.515
3150.000 0.514
3155.000 0.517
3160.000 0.514
3165.000 0.519
3170.000 0.516
3175.000 0.517
3180.000 0.517
3185.000 0.518
3190.000 0.520
3195.000 0.520
3200.000 0.522
3205.000 0.522
3210.000 0.525
3215.000 0.526
3220.000 0.528
3225.000 0.527
3230.000 0.531
3235.000 0.533
3240.000 0.534
3245.000 0.534
3250.000 0.538
3255.000 0.542
3260.000 0.543
3265.000 0.542
3270.000 0.548
3275.000 0.547
3280.000 0.552
3285.000 0.553
3290.000 0.557
3295.000 0.561
3300.000 0.562
3305.000 0.566
3310.000 0.572
3315.000 0.571
3320.000 0.577
3325.000 0.584
3330.000 0.584
3335.000 0.587
3340.000 0.590
3345.000 0.596
3350.000 0.602
3355.000 0.605
3360.000 0.609
3365.000 0.614
3370.000 0.621
3375.000 0.624
3380.000 0.633
3385.000 0.638
3390.000 0.644
3395.000 0.651
3400.000 0.656
3405.000 0.672
3410.000 0.679
3415.000 0.688
3420.000 0.692
3425.000 0.701
3430.000 0.708
3435.000 0.720
3440.000 0.731
3445.000 0.738
3450.000 0.747
3455.000 0.761
3460.000 0.775
3465.000 0.786
3470.000 0.802
3475.000 0.817
3480.000 0.836
3485.000 0.853
3490.000 0.873
3495.000 0.893
3500.000 0.914
3505.000 0.942
3510.000 0.952
3515.000 0.982
3520.000 1.009
3525.000 1.043
3530.000 1.076
3535.000 1.118
3540.000 1.160
3545.000 1.182
3550.000 1.219
3555.000 1.253
3560.000 1.287
3565.000 1.333
3570.000 1.357
3575.000 1.399
3580.000 1.443
3585.000 1.503
3590.000 1.562
3595.000 1.630
3600.000 1.690
3605.000 1.762
3610.000 1.848
3615.000 1.938
3620.000 2.039
3625.000 2.151
3630.000 2.274
3635.000 2.344
3640.000 2.499
3645.000 2.678
3650.000 2.885
3655.000 3.161
3660.000 3.500
3665.000 3.959
3670.000 4.594
3675.000 5.488
3680.000 6.803
3685.000 8.839
3690.000 10.428
3695.000 14.391
3700.000 20.043
3705.000 27.167
3710.000 35.390
3715.000 42.800
3720.000 40.757
3725.000 24.308
3730.000 15.543
3735.000 10.673
3740.000 7.829
3745.000 6.081
3750.000 4.919
3755.000 4.471
3760.000 3.736
3765.000 3.188
3770.000 2.769
3775.000 2.439
3780.000 2.179
3785.000 1.966
3790.000 1.788
3795.000 1.645
3800.000 1.521
3805.000 1.420
3810.000 1.326
3815.000 1.287
3820.000 1.213
3825.000 1.149
3830.000 1.093
3835.000 1.040
3840.000 0.993
3845.000 0.952
3850.000 0.915
3855.000 0.882
3860.000 0.848
3865.000 0.823
3870.000 0.794
3875.000 0.770
3880.000 0.759
3885.000 0.736
3890.000 0.715
3895.000 0.698
3900.000 0.678
3905.000 0.663
3910.000 0.648
3915.000 0.632
3920.000 0.622
3925.000 0.606
3930.000 0.594
3935.000 0.585
3940.000 0.574
3945.000 0.563
3950.000 0.551
3955.000 0.546
3960.000 0.533
3965.000 0.525
3970.000 0.519
3975.000 0.510
3980.000 0.506
3985.000 0.487
3990.000 0.490
3995.000 0.478
4000.000 0.477
4005.000 0.465
4010.000 0.463
4015.000 0.453
4020.000 0.459
4025.000 0.449
4030.000 0.444
4035.000 0.431
4040.000 0.431
4045.000 0.422
4050.000 0.423
4055.000 0.413
4060.000 0.414
4065.000 0.405
4070.000 0.406
4075.000 0.402
4080.000 0.394
4085.000 0.391
4090.000 0.386
4095.000 0.382
4100.000 0.376
4105.000 0.373
4110.000 0.370
4115.000 0.364
4120.000 0.363
4125.000 0.359
4130.000 0.353
4135.000 0.351
4140.000 0.347
4145.000 0.344
4150.000 0.339
4155.000 0.337
4160.000 0.331
4165.000 0.328
4170.000 0.324
4175.000 0.322
4180.000 0.320
4185.000 0.318
4190.000 0.315
4195.000 0.315
4200.000 0.311
4205.000 0.311
4210.000 0.311
4215.000 0.311
4220.000 0.311
4225.000 0.312
4230.000 0.313
4235.000 0.312
4240.000 0.313
4245.000 0.314
4250.000 0.315
4255.000 0.314
4260.000 0.315
4265.000 0.317
4270.000 0.316
4275.000 0.317
4280.000 0.315
4285.000 0.315
4290.000 0.316
4295.000 0.315
4300.000 0.316
4305.000 0.317
4310.000 0.317
4315.000 0.316
4320.000 0.316
4325.000 0.316
4330.000 0.315
4335.000 0.317
4340.000 0.316
4345.000 0.315
4350.000 0.314
4355.000 0.315
4360.000 0.314
4365.000 0.316
4370.000 0.315
4375.000 0.315
4380.000 0.315
4385.000 0.315
4390.000 0.312
4395.000 0.315
4400.000 0.315
4405.000 0.317
4410.000 0.316
4415.000 0.317
4420.000 0.317
4425.000 0.318
4430.000 0.318
4435.000 0.317
4440.000 0.316
4445.000 0.316
4450.000 0.317
4455.000 0.315
4460.000 0.316
4465.000 0.317
4470.000 0.315
4475.000 0.317
4480.000 0.317
4485.000 0.317
4490.000 0.316
4495.000 0.319
4500.000 0.320
4505.000 0.319
4510.000 0.319
4515.000 0.320
4520.000 0.320
4525.000 0.321
4530.000 0.321
4535.000 0.322
4540.000 0.323
4545.000 0.323
4550.000 0.323
4555.000 0.325
4560.000 0.326
4565.000 0.324
4570.000 0.326
4575.000 0.327
4580.000 0.326
4585.000 0.328
4590.000 0.329
4595.000 0.332
4600.000 0.332
4605.000 0.334
4610.000 0.334
4615.000 0.334
4620.000 0.336
4625.000 0.337
4630.000 0.339
4635.000 0.340
4640.000 0.341
4645.000 0.342
4650.000 0.344
4655.000 0.346
4660.000 0.347
4665.000 0.348
4670.000 0.350
4675.000 0.351
4680.000 0.355
4685.000 0.356
4690.000 0.358
4695.000 0.359
4700.000 0.362
4705.000 0.364
4710.000 0.370
4715.000 0.371
4720.000 0.373
4725.000 0.376
4730.000 0.378
4735.000 0.381
4740.000 0.383
4745.000 0.389
4750.000 0.391
4755.000 0.396
4760.000 0.400
4765.000 0.404
4770.000 0.408
4775.000 0.413
4780.000 0.418
4785.000 0.423
4790.000 0.424
4795.000 0.428
4800.000 0.438
4805.000 0.443
4810.000 0.448
4815.000 0.456
4820.000 0.463
4825.000 0.471
4830.000 0.480
4835.000 0.488
4840.000 0.498
4845.000 0.507
4850.000 0.514
4855.000 0.524
4860.000 0.541
4865.000 0.555
4870.000 0.575
4875.000 0.593
4880.000 0.615
4885.000 0.643
4890.000 0.670
4895.000 0.706
4900.000 0.746
4905.000 0.794
4910.000 0.843
4915.000 0.881
4920.000 0.931
4925.000 0.955
4930.000 0.996
4935.000 1.041
4940.000 1.099
4945.000 1.163
4950.000 1.235
4955.000 1.320
4960.000 1.411
4965.000 1.486
4970.000 1.526
4975.000 1.518
4980.000 1.389
4985.000 3.263
4990.000 16.800
4995.000 20.310
5000.000 20.111
5005.000 22.372
5010.000 21.994
5015.000 14.752
5020.000 9.348
5025.000 6.052
5030.000 5.071
5035.000 3.621
5040.000 2.752
5045.000 2.155
5050.000 1.754
5055.000 1.459
5060.000 1.247
5065.000 1.090
5070.000 0.957
5075.000 0.856
5080.000 0.779
5085.000 0.710
5090.000 0.656
5095.000 0.636
5100.000 0.591
5105.000 0.556
5110.000 0.525
5115.000 0.501
5120.000 0.478
5125.000 0.455
5130.000 0.439
5135.000 0.422
5140.000 0.411
5145.000 0.397
5150.000 0.386
5155.000 0.382
5160.000 0.374
5165.000 0.365
5170.000 0.356
5175.000 0.350
5180.000 0.343
5185.000 0.338
5190.000 0.334
5195.000 0.329
5200.000 0.327
5205.000 0.321
5210.000 0.320
5215.000 0.318
5220.000 0.315
5225.000 0.312
5230.000 0.311
5235.000 0.308
5240.000 0.307
5245.000 0.306
5250.000 0.303
5255.000 0.303
5260.000 0.301
5265.000 0.303
5270.000 0.301
5275.000 0.301
5280.000 0.302
5285.000 0.300
5290.000 0.301
5295.000 0.302
5300.000 0.302
5305.000 0.302
5310.000 0.302
5315.000 0.301
5320.000 0.304
5325.000 0.304
5330.000 0.303
5335.000 0.304
5340.000 0.306
5345.000 0.305
5350.000 0.306
5355.000 0.307
5360.000 0.306
5365.000 0.309
5370.000 0.309
5375.000 0.310
5380.000 0.311
5385.000 0.312
5390.000 0.313
5395.000 0.311
5400.000 0.315
5405.000 0.315
5410.000 0.317
5415.000 0.319
5420.000 0.318
5425.000 0.320
5430.000 0.319
5435.000 0.321
5440.000 0.320
5445.000 0.320
5450.000 0.321
5455.000 0.321
5460.000 0.322
5465.000 0.322
5470.000 0.324
5475.000 0.325
5480.000 0.323
5485.000 0.326
5490.000 0.325
5495.000 0.325
5500.000 0.327
5505.000 0.327
5510.000 0.327
5515.000 0.330
5520.000 0.330
5525.000 0.333
5530.000 0.338
5535.000 0.336
5540.000 0.332
5545.000 0.332
5550.000 0.332
5555.000 0.334
5560.000 0.332
5565.000 0.332
5570.000 0.330
5575.000 0.332
5580.000 0.331
5585.000 0.333
5590.000 0.335
5595.000 0.332
5600.000 0.335
5605.000 0.336
5610.000 0.336
5615.000 0.336
5620.000 0.337
5625.000 0.336
5630.000 0.338
5635.000 0.337
5640.000 0.338
5645.000 0.339
5650.000 0.337
5655.000 0.341
5660.000 0.343
5665.000 0.342
5670.000 0.341
5675.000 0.341
5680.000 0.343
5685.000 0.343
5690.000 0.343
5695.000 0.342
5700.000 0.345
5705.000 0.345
5710.000 0.345
5715.000 0.347
5720.000 0.346
5725.000 0.349
5730.000 0.348
5735.000 0.350
5740.000 0.351
5745.000 0.351
5750.000 0.353
5755.000 0.354
5760.000 0.353
5765.000 0.355
5770.000 0.355
5775.000 0.357
5780.000 0.358
5785.000 0.358
5790.000 0.359
5795.000 0.362
5800.000 0.361
5805.000 0.361
5810.000 0.365
5815.000 0.366
5820.000 0.367
5825.000 0.366
5830.000 0.370
5835.000 0.372
5840.000 0.372
5845.000 0.374
5850.000 0.375
5855.000 0.378
5860.000 0.379
5865.000 0.381
5870.000 0.381
5875.000 0.385
5880.000 0.386
5885.000 0.387
5890.000 0.391
5895.000 0.392
5900.000 0.395
5905.000 0.398
5910.000 0.400
5915.000 0.405
5920.000 0.407
5925.000 0.407
5930.000 0.409
5935.000 0.416
5940.000 0.416
5945.000 0.419
5950.000 0.422
5955.000 0.429
5960.000 0.428
5965.000 0.431
5970.000 0.444
5975.000 0.445
5980.000 0.453
5985.000 0.458
5990.000 0.466
5995.000 0.472
6000.000 0.470
6005.000 0.484
6010.000 0.490
6015.000 0.496
6020.000 0.488
6025.000 0.494
6030.000 0.502
6035.000 0.522
6040.000 0.526
6045.000 0.538
6050.000 0.544
6055.000 0.556
6060.000 0.562
6065.000 0.570
6070.000 0.570
6075.000 0.577
6080.000 0.579
6085.000 0.587
6090.000 0.592
6095.000 0.597
6100.000 0.605
6105.000 0.610
6110.000 0.617
6115.000 0.623
6120.000 0.632
6125.000 0.642
6130.000 0.645
6135.000 0.657
6140.000 0.669
6145.000 0.680
6150.000 0.691
6155.000 0.706
6160.000 0.716
6165.000 0.730
6170.000 0.747
6175.000 0.772
6180.000 0.787
6185.000 0.799
6190.000 0.817
6195.000 0.843
6200.000 0.875
6205.000 0.908
6210.000 0.932
6215.000 0.962
6220.000 0.990
6225.000 1.001
6230.000 0.983
6235.000 0.880
6240.000 0.597
6245.000 0.347
6250.000 0.789
6255.000 4.788
6260.000 7.399
6265.000 7.249
6270.000 5.328
6275.000 3.204
6280.000 2.668
6285.000 2.505
6290.000 2.428
6295.000 2.356
6300.000 2.248
6305.000 2.093
6310.000 2.040
6315.000 1.786
6320.000 1.554
6325.000 1.341
6330.000 1.163
6335.000 1.031
6340.000 0.919
6345.000 0.831
6350.000 0.767
6355.000 0.727
6360.000 0.688
6365.000 0.653
6370.000 0.624
6375.000 0.608
6380.000 0.581
6385.000 0.562
6390.000 0.541
6395.000 0.525
6400.000 0.510
6405.000 0.496
6410.000 0.492
6415.000 0.476
6420.000 0.464
6425.000 0.452
6430.000 0.447
6435.000 0.438
6440.000 0.435
6445.000 0.431
6450.000 0.428
6455.000 0.423
6460.000 0.423
6465.000 0.424
6470.000 0.428
6475.000 0.433
6480.000 0.437
6485.000 0.444
6490.000 0.446
6495.000 0.455
6500.000 0.465
6505.000 0.478
6510.000 0.492
6515.000 0.513
6520.000 0.534
6525.000 0.565
6530.000 0.599
6535.000 0.655
6540.000 0.716
6545.000 0.824
6550.000 0.978
6555.000 1.082
6560.000 1.392
6565.000 1.936
6570.000 2.938
6575.000 4.768
6580.000 8.136
6585.000 13.945
6590.000 20.758
6595.000 14.812
6600.000 8.163
6605.000 3.969
6610.000 2.349
6615.000 2.264
6620.000 1.591
6625.000 1.254
6630.000 1.032
6635.000 0.886
6640.000 0.780
6645.000 0.701
6650.000 0.638
6655.000 0.593
6660.000 0.555
6665.000 0.525
6670.000 0.512
6675.000 0.493
6680.000 0.474
6685.000 0.458
6690.000 0.446
6695.000 0.436
6700.000 0.426
6705.000 0.418
6710.000 0.411
6715.000 0.404
6720.000 0.398
6725.000 0.393
6730.000 0.388
6735.000 0.387
6740.000 0.383
6745.000 0.380
6750.000 0.377
6755.000 0.374
6760.000 0.371
6765.000 0.370
6770.000 0.368
6775.000 0.365
6780.000 0.363
6785.000 0.364
6790.000 0.362
6795.000 0.362
6800.000 0.360
6805.000 0.360
6810.000 0.357
6815.000 0.357
6820.000 0.357
6825.000 0.355
6830.000 0.356
6835.000 0.355
6840.000 0.354
6845.000 0.353
6850.000 0.354
6855.000 0.355
6860.000 0.354
6865.000 0.355
6870.000 0.354
6875.000 0.355
6880.000 0.355
6885.000 0.354
6890.000 0.354
6895.000 0.355
6900.000 0.355
6905.000 0.357
6910.000 0.356
6915.000 0.356
6920.000 0.356
6925.000 0.358
6930.000 0.360
6935.000 0.359
6940.000 0.358
6945.000 0.359
6950.000 0.362
6955.000 0.360
6960.000 0.367
6965.000 0.367
6970.000 0.361
6975.000 0.363
6980.000 0.361
6985.000 0.367
6990.000 0.365
6995.000 0.368
7000.000 0.363
7005.000 0.371
7010.000 0.372
7015.000 0.368
7020.000 0.370
7025.000 0.369
7030.000 0.375
7035.000 0.368
7040.000 0.369
7045.000 0.371
7050.000 0.373
7055.000 0.371
7060.000 0.372
7065.000 0.373
7070.000 0.372
7075.000 0.374
7080.000 0.374
7085.000 0.375
7090.000 0.377
7095.000 0.377
7100.000 0.379
7105.000 0.379
7110.000 0.383
7115.000 0.382
7120.000 0.381
7125.000 0.382
7130.000 0.384
7135.000 0.385
7140.000 0.385
7145.000 0.386
7150.000 0.389
7155.000 0.388
7160.000 0.391
7165.000 0.391
7170.000 0.394
7175.000 0.397
7180.000 0.398
7185.000 0.398
7190.000 0.401
7195.000 0.402
7200.000 0.405
7205.000 0.406
7210.000 0.409
7215.000 0.411
7220.000 0.417
7225.000 0.415
7230.000 0.418
7235.000 0.422
7240.000 0.424
7245.000 0.427
7250.000 0.431
7255.000 0.434
7260.000 0.438
7265.000 0.442
7270.000 0.444
7275.000 0.450
7280.000 0.454
7285.000 0.454
7290.000 0.462
7295.000 0.469
7300.000 0.476
7305.000 0.481
7310.000 0.489
7315.000 0.498
7320.000 0.509
7325.000 0.518
7330.000 0.527
7335.000 0.540
7340.000 0.553
7345.000 0.559
7350.000 0.578
7355.000 0.599
7360.000 0.624
7365.000 0.675
7370.000 0.696
7375.000 0.717
7380.000 0.738
7385.000 0.773
7390.000 0.823
7395.000 0.881
7400.000 0.937
7405.000 0.968
7410.000 1.025
7415.000 1.105
7420.000 1.202
7425.000 1.344
7430.000 1.521
7435.000 1.796
7440.000 2.220
7445.000 2.865
7450.000 3.908
7455.000 5.475
7460.000 7.505
7465.000 8.507
7470.000 9.551
7475.000 8.360
7480.000 5.986
7485.000 3.912
7490.000 2.215
7495.000 1.003
7500.000 0.264
7505.000 0.181
7510.000 0.249
7515.000 0.267
7520.000 0.275
7525.000 0.275
7530.000 0.273
7535.000 0.269
7540.000 0.262
7545.000 0.258
7550.000 0.254
7555.000 0.252
7560.000 0.249
7565.000 0.246
7570.000 0.247
7575.000 0.245
7580.000 0.245
7585.000 0.245
7590.000 0.246
7595.000 0.246
7600.000 0.247
7605.000 0.250
7610.000 0.251
7615.000 0.256
7620.000 0.257
7625.000 0.256
7630.000 0.257
7635.000 0.260
7640.000 0.258
7645.000 0.259
7650.000 0.259
7655.000 0.261
7660.000 0.263
7665.000 0.265
7670.000 0.266
7675.000 0.267
7680.000 0.270
7685.000 0.269
7690.000 0.271
7695.000 0.275
7700.000 0.275
7705.000 0.276
7710.000 0.276
7715.000 0.278
7720.000 0.281
7725.000 0.281
7730.000 0.285
7735.000 0.285
7740.000 0.287
7745.000 0.290
7750.000 0.291
7755.000 0.293
7760.000 0.293
7765.000 0.297
7770.000 0.298
7775.000 0.301
7780.000 0.301
7785.000 0.304
7790.000 0.308
7795.000 0.307
7800.000 0.309
7805.000 0.312
7810.000 0.314
7815.000 0.314
7820.000 0.316
7825.000 0.320
7830.000 0.323
7835.000 0.325
7840.000 0.328
7845.000 0.329
7850.000 0.331
7855.000 0.335
7860.000 0.340
7865.000 0.343
7870.000 0.347
7875.000 0.350
7880.000 0.354
7885.000 0.355
7890.000 0.359
7895.000 0.363
7900.000 0.367
7905.000 0.372
7910.000 0.377
7915.000 0.386
7920.000 0.389
7925.000 0.397
7930.000 0.406
7935.000 0.412
7940.000 0.425
7945.000 0.436
7950.000 0.443
7955.000 0.447
7960.000 0.464
7965.000 0.478
7970.000 0.496
7975.000 0.511
7980.000 0.526
7985.000 0.557
7990.000 0.567
7995.000 0.589
8000.000 0.621
8005.000 0.637
8010.000 0.662
8015.000 0.690
8020.000 0.741
8025.000 0.788
8030.000 0.853
8035.000 0.936
8040.000 1.043
8045.000 1.190
8050.000 1.416
8055.000 1.817
8060.000 2.537
8065.000 3.887
8070.000 6.387
8075.000 8.167
8080.000 12.046
8085.000 11.466
8090.000 5.910
8095.000 4.043
8100.000 2.060
8105.000 1.454
8110.000 1.181
8115.000 0.854
8120.000 0.656
8125.000 0.524
8130.000 0.441
8135.000 0.406
8140.000 0.352
8145.000 0.309
8150.000 0.278
8155.000 0.251
8160.000 0.233
8165.000 0.217
8170.000 0.203
8175.000 0.193
8180.000 0.187
8185.000 0.178
8190.000 0.176
8195.000 0.172
8200.000 0.168
8205.000 0.166
8210.000 0.164
8215.000 0.161
8220.000 0.159
8225.000 0.158
8230.000 0.157
8235.000 0.155
8240.000 0.154
8245.000 0.153
8250.000 0.154
8255.000 0.153
8260.000 0.152
8265.000 0.152
8270.000 0.151
8275.000 0.152
8280.000 0.151
8285.000 0.152
8290.000 0.150
8295.000 0.150
8300.000 0.150
8305.000 0.152
8310.000 0.149
8315.000 0.150
8320.000 0.151
8325.000 0.149
8330.000 0.150
8335.000 0.150
8340.000 0.149
8345.000 0.147
8350.000 0.149
8355.000 0.150
8360.000 0.148
8365.000 0.148
8370.000 0.148
8375.000 0.146
8380.000 0.148
8385.000 0.145
8390.000 0.145
8395.000 0.144
8400.000 0.146
8405.000 0.146
8410.000 0.145
8415.000 0.144
8420.000 0.144
8425.000 0.143
8430.000 0.142
8435.000 0.143
8440.000 0.142
8445.000 0.142
8450.000 0.142
8455.000 0.144
8460.000 0.141
8465.000 0.141
8470.000 0.142
8475.000 0.143
8480.000 0.143
8485.000 0.144
8490.000 0.142
8495.000 0.144
8500.000 0.145
8505.000 0.146
8510.000 0.143
8515.000 0.144
8520.000 0.143
8525.000 0.143
8530.000 0.141
8535.000 0.140
8540.000 0.144
8545.000 0.172
8550.000 0.276
8555.000 0.626
8560.000 1.158
8565.000 4.137
8570.000 7.433
8575.000 3.975
8580.000 3.413
8585.000 2.302
8590.000 1.772
8595.000 1.754
8600.000 1.817
8605.000 1.986
8610.000 2.189
8615.000 2.465
8620.000 2.812
8625.000 3.017
8630.000 3.507
8635.000 4.190
8640.000 5.134
8645.000 6.439
8650.000 7.990
8655.000 9.780
8660.000 11.528
8665.000 12.645
8670.000 12.533
8675.000 11.049
8680.000 10.110
8685.000 8.284
8690.000 6.732
8695.000 5.367
8700.000 4.105
8705.000 3.083
8710.000 2.247
8715.000 1.474
8720.000 1.100
8725.000 1.074
8730.000 1.089
8735.000 1.083
8740.000 1.064
8745.000 1.047
8750.000 1.034
8755.000 1.013
8760.000 0.995
8765.000 0.975
8770.000 0.956
8775.000 0.933
8780.000 0.913
8785.000 0.892
8790.000 0.877
8795.000 0.857
8800.000 0.840
8805.000 0.830
8810.000 0.819
8815.000 0.810
8820.000 0.791
8825.000 0.801
8830.000 0.774
8835.000 0.763
8840.000 0.763
8845.000 0.741
8850.000 0.726
8855.000 0.713
8860.000 0.706
8865.000 0.700
8870.000 0.689
8875.000 0.680
8880.000 0.674
8885.000 0.666
8890.000 0.663
8895.000 0.666
8900.000 0.658
8905.000 0.651
8910.000 0.653
8915.000 0.647
8920.000 0.640
8925.000 0.633
8930.000 0.623
8935.000 0.618
8940.000 0.615
8945.000 0.609
8950.000 0.603
8955.000 0.603
8960.000 0.599
8965.000 0.599
8970.000 0.588
8975.000 0.587
8980.000 0.581
8985.000 0.582
8990.000 0.586
8995.000 0.586
9000.000 0.576
9005.000 0.577
9010.000 0.571
9015.000 0.572
9020.000 0.565
9025.000 0.566
9030.000 0.558
9035.000 0.564
9040.000 0.561
9045.000 0.564
9050.000 0.555
9055.000 0.555
9060.000 0.557
9065.000 0.554
9070.000 0.555
9075.000 0.552
9080.000 0.550
9085.000 0.549
9090.000 0.545
9095.000 0.546
9100.000 0.541
9105.000 0.544
9110.000 0.542
9115.000 0.542
9120.000 0.540
9125.000 0.539
9130.000 0.540
9135.000 0.536
9140.000 0.539
9145.000 0.544
9150.000 0.538
9155.000 0.539
9160.000 0.535
9165.000 0.531
9170.000 0.534
9175.000 0.533
9180.000 0.531
9185.000 0.529
9190.000 0.528
9195.000 0.530
9200.000 0.528
9205.000 0.527
9210.000 0.527
9215.000 0.527
9220.000 0.528
9225.000 0.524
9230.000 0.529
9235.000 0.525
9240.000 0.523
9245.000 0.522
9250.000 0.523
9255.000 0.523
9260.000 0.521
9265.000 0.520
9270.000 0.520
9275.000 0.519
9280.000 0.519
9285.000 0.519
9290.000 0.519
9295.000 0.518
9300.000 0.516
9305.000 0.515
9310.000 0.516
9315.000 0.510
9320.000 0.508
9325.000 0.508
9330.000 0.504
9335.000 0.501
9340.000 0.500
9345.000 0.497
9350.000 0.495
9355.000 0.493
9360.000 0.493
9365.000 0.490
9370.000 0.489
9375.000 0.483
9380.000 0.477
9385.000 0.473
9390.000 0.466
9395.000 0.460
9400.000 0.454
9405.000 0.449
9410.000 0.443
9415.000 0.436
9420.000 0.425
9425.000 0.415
9430.000 0.401
9435.000 0.383
9440.000 0.366
9445.000 0.346
9450.000 0.321
9455.000 0.293
9460.000 0.255
9465.000 0.218
9470.000 0.192
9475.000 0.126
9480.000 0.050
9485.000 0.120
9490.000 0.399
9495.000 1.180
9500.000 3.015
9505.000 5.361
9510.000 6.438
9515.000 3.898
9520.000 4.752
9525.000 3.607
9530.000 2.906
9535.000 2.690
9540.000 2.515
9545.000 2.269
9550.000 2.085
9555.000 1.915
9560.000 1.775
9565.000 1.641
9570.000 1.509
9575.000 1.390
9580.000 1.286
9585.000 1.196
9590.000 1.126
9595.000 1.100
9600.000 1.060
9605.000 1.037
9610.000 1.005
9615.000 0.996
9620.000 0.986
9625.000 0.990
9630.000 0.994
9635.000 0.999
9640.000 0.998
9645.000 1.004
9650.000 1.009
9655.000 1.017
9660.000 1.021
9665.000 1.028
9670.000 1.036
9675.000 1.048
9680.000 1.064
9685.000 1.075
9690.000 1.091
9695.000 1.105
9700.000 1.123
9705.000 1.143
9710.000 1.167
9715.000 1.177
9720.000 1.207
9725.000 1.232
9730.000 1.265
9735.000 1.303
9740.000 1.337
9745.000 1.379
9750.000 1.422
9755.000 1.474
9760.000 1.535
9765.000 1.597
9770.000 1.671
9775.000 1.718
9780.000 1.811
9785.000 1.913
9790.000 2.038
9795.000 2.187
9800.000 2.378
9805.000 2.629
9810.000 2.989
9815.000 3.404
9820.000 4.006
9825.000 4.812
9830.000 5.820
9835.000 6.904
9840.000 7.340
9845.000 7.641
9850.000 6.900
9855.000 5.593
9860.000 4.318
9865.000 3.342
9870.000 2.636
9875.000 2.135
9880.000 1.771
9885.000 1.506
9890.000 1.269
9895.000 1.160
9900.000 0.939
9905.000 0.771
9910.000 0.659
9915.000 0.545
9920.000 0.478
9925.000 0.450
9930.000 0.415
9935.000 0.383
9940.000 0.351
9945.000 0.325
9950.000 0.298
9955.000 0.273
9960.000 0.258
9965.000 0.233
9970.000 0.218
9975.000 0.193
9980.000 0.179
9985.000 0.167
9990.000 0.148
9995.000 0.134
10000.000 0.126
10005.000 0.110
10010.000 0.101
10015.000 0.097
10020.000 0.095
10025.000 0.085
10030.000 0.079
10035.000 0.070
10040.000 0.069
10045.000 0.061
10050.000 0.055
10055.000 0.051
10060.000 0.049
10065.000 0.047
10070.000 0.044
10075.000 0.042
10080.000 0.042
10085.000 0.039
10090.000 0.040
10095.000 0.039
10100.000 0.037
10105.000 0.035
10110.000 0.034
10115.000 0.036
10120.000 0.034
10125.000 0.035
10130.000 0.036
10135.000 0.041
10140.000 0.043
10145.000 0.052
10150.000 0.062
10155.000 0.077
10160.000 0.098
10165.000 0.126
10170.000 0.161
10175.000 0.217
10180.000 0.309
10185.000 0.488
10190.000 1.015
10195.000 2.669
10200.000 3.833
10205.000 6.206
10210.000 4.752
10215.000 3.072
10220.000 1.583
10225.000 1.368
10230.000 0.884
10235.000 0.714
10240.000 0.598
10245.000 0.517
10250.000 0.460
10255.000 0.416
10260.000 0.381
10265.000 0.367
10270.000 0.343
10275.000 0.326
10280.000 0.314
10285.000 0.304
10290.000 0.295
10295.000 0.288
10300.000 0.284
10305.000 0.281
10310.000 0.274
10315.000 0.270
10320.000 0.267
10325.000 0.265
10330.000 0.262
10335.000 0.258
10340.000 0.259
10345.000 0.258
10350.000 0.255
10355.000 0.255
10360.000 0.253
10365.000 0.250
10370.000 0.250
10375.000 0.251
10380.000 0.250
10385.000 0.249
10390.000 0.251
10395.000 0.249
10400.000 0.242
10405.000 0.242
10410.000 0.243
10415.000 0.242
10420.000 0.240
10425.000 0.239
10430.000 0.239
10435.000 0.238
10440.000 0.238
10445.000 0.239
10450.000 0.237
10455.000 0.235
10460.000 0.237
10465.000 0.235
10470.000 0.235
10475.000 0.235
10480.000 0.235
10485.000 0.239
10490.000 0.243
10495.000 0.244
10500.000 0.242
10505.000 0.240
10510.000 0.237
10515.000 0.234
10520.000 0.230
10525.000 0.226
10530.000 0.228
10535.000 0.226
10540.000 0.224
10545.000 0.222
10550.000 0.221
10555.000 0.221
10560.000 0.221
10565.000 0.220
10570.000 0.217
10575.000 0.217
10580.000 0.215
10585.000 0.215
10590.000 0.216
10595.000 0.213
10600.000 0.211
10605.000 0.211
10610.000 0.209
10615.000 0.207
10620.000 0.208
10625.000 0.205
10630.000 0.204
10635.000 0.201
10640.000 0.199
10645.000 0.199
10650.000 0.196
10655.000 0.196
10660.000 0.196
10665.000 0.189
10670.000 0.189
10675.000 0.187
10680.000 0.185
10685.000 0.184
10690.000 0.179
10695.000 0.179
10700.000 0.176
10705.000 0.171
10710.000 0.168
10715.000 0.166
10720.000 0.165
10725.000 0.162
10730.000 0.159
10735.000 0.154
10740.000 0.151
10745.000 0.147
10750.000 0.144
10755.000 0.142
10760.000 0.136
10765.000 0.133
10770.000 0.128
10775.000 0.124
10780.000 0.120
10785.000 0.110
10790.000 0.109
10795.000 0.104
10800.000 0.100
10805.000 0.095
10810.000 0.093
10815.000 0.092
10820.000 0.089
10825.000 0.089
10830.000 0.095
10835.000 0.104
10840.000 0.120
10845.000 0.146
10850.000 0.181
10855.000 0.252
10860.000 0.379
10865.000 0.638
10870.000 1.030
10875.000 1.282
10880.000 1.738
10885.000 1.940
10890.000 1.659
10895.000 1.315
10900.000 1.158
10905.000 1.051
10910.000 0.747
10915.000 0.606
10920.000 0.187
10925.000 0.196
10930.000 0.202
10935.000 0.203
10940.000 0.231
10945.000 0.277
10950.000 0.346
10955.000 0.442
10960.000 0.564
10965.000 0.717
10970.000 0.906
10975.000 1.141
10980.000 1.429
10985.000 1.778
10990.000 2.183
10995.000 2.434
11000.000 2.959
11005.000 3.567
11010.000 4.220
11015.000 4.857
11020.000 5.341
11025.000 5.488
11030.000 5.264
11035.000 4.817
11040.000 4.305
11045.000 3.798
11050.000 3.336
11055.000 3.118
11060.000 2.730
11065.000 2.405
11070.000 2.161
11075.000 1.976
11080.000 1.834
11085.000 1.714
11090.000 1.574
11095.000 1.429
11100.000 1.312
11105.000 1.220
11110.000 1.159
11115.000 1.110
11120.000 1.085
11125.000 1.051
11130.000 1.015
11135.000 0.982
11140.000 0.963
11145.000 0.940
11150.000 0.918
11155.000 0.899
11160.000 0.884
11165.000 0.864
11170.000 0.851
11175.000 0.842
11180.000 0.830
11185.000 0.821
11190.000 0.805
11195.000 0.795
11200.000 0.785
11205.000 0.780
11210.000 0.770
11215.000 0.762
11220.000 0.756
11225.000 0.747
11230.000 0.746
11235.000 0.741
11240.000 0.737
11245.000 0.730
11250.000 0.725
11255.000 0.726
11260.000 0.721
11265.000 0.715
11270.000 0.713
11275.000 0.702
11280.000 0.702
11285.000 0.697
11290.000 0.694
11295.000 0.689
11300.000 0.687
11305.000 0.680
11310.000 0.676
11315.000 0.673
11320.000 0.670
11325.000 0.669
11330.000 0.667
11335.000 0.665
11340.000 0.663
11345.000 0.659
11350.000 0.660
11355.000 0.660
11360.000 0.659
11365.000 0.656
11370.000 0.651
11375.000 0.648
11380.000 0.643
11385.000 0.645
11390.000 0.645
11395.000 0.642
11400.000 0.642
11405.000 0.643
11410.000 0.643
11415.000 0.639
11420.000 0.637
11425.000 0.635
11430.000 0.635
11435.000 0.634
11440.000 0.633
11445.000 0.633
11450.000 0.630
11455.000 0.632
11460.000 0.627
11465.000 0.629
11470.000 0.631
11475.000 0.633
11480.000 0.631
11485.000 0.629
11490.000 0.630
11495.000 0.628
11500.000 0.631
11505.000 0.633
11510.000 0.637
11515.000 0.639
11520.000 0.642
11525.000 0.636
11530.000 0.632
11535.000 0.633
11540.000 0.637
11545.000 0.636
11550.000 0.638
11555.000 0.635
11560.000 0.637
11565.000 0.642
11570.000 0.643
11575.000 0.639
11580.000 0.639
11585.000 0.642
11590.000 0.642
11595.000 0.644
11600.000 0.649
11605.000 0.651
11610.000 0.655
11615.000 0.658
11620.000 0.662
11625.000 0.664
11630.000 0.666
11635.000 0.671
11640.000 0.677
11645.000 0.684
11650.000 0.687
11655.000 0.691
11660.000 0.699
11665.000 0.707
11670.000 0.716
11675.000 0.725
11680.000 0.737
11685.000 0.758
11690.000 0.772
11695.000 0.787
11700.000 0.808
11705.000 0.827
11710.000 0.854
11715.000 0.901
11720.000 0.949
11725.000 0.981
11730.000 1.067
11735.000 1.198
11740.000 1.439
11745.000 1.883
11750.000 2.651
11755.000 3.257
11760.000 2.038
11765.000 0.469
11770.000 0.541
11775.000 0.038
11780.000 0.102
11785.000 0.113
11790.000 0.192
11795.000 0.233
11800.000 0.274
11805.000 0.316
11810.000 0.357
11815.000 0.394
11820.000 0.426
11825.000 0.460
11830.000 0.485
11835.000 0.513
11840.000 0.535
11845.000 0.535
11850.000 0.532
11855.000 0.530
11860.000 0.520
11865.000 0.515
11870.000 0.506
11875.000 0.505
11880.000 0.509
11885.000 0.513
11890.000 0.520
11895.000 0.528
11900.000 0.539
11905.000 0.540
11910.000 0.547
11915.000 0.548
11920.000 0.561
11925.000 0.565
11930.000 0.570
11935.000 0.578
11940.000 0.586
11945.000 0.596
11950.000 0.603
11955.000 0.607
11960.000 0.618
11965.000 0.627
11970.000 0.635
11975.000 0.648
11980.000 0.666
11985.000 0.670
11990.000 0.682
11995.000 0.696
12000.000 0.711
