105.000 0.201
110.000 0.672
115.000 2.502
120.000 3.018
125.000 3.513
130.000 3.502
135.000 3.948
140.000 3.969
145.000 3.815
150.000 3.603
155.000 4.057
160.000 3.740
165.000 3.253
170.000 3.614
175.000 3.437
180.000 3.394
185.000 3.147
190.000 3.393
195.000 3.580
200.000 3.745
205.000 3.486
210.000 3.583
215.000 3.505
220.000 3.542
225.000 3.514
230.000 3.398
235.000 3.464
240.000 3.377
245.000 3.441
250.000 3.409
255.000 3.384
260.000 3.408
265.000 3.419
270.000 3.521
275.000 3.646
280.000 3.690
285.000 3.801
290.000 3.856
295.000 4.011
300.000 4.056
305.000 4.203
310.000 4.334
315.000 4.370
320.000 4.419
325.000 4.570
330.000 4.753
335.000 4.888
340.000 5.122
345.000 5.301
350.000 5.554
355.000 5.730
360.000 6.069
365.000 6.331
370.000 6.698
375.000 7.071
380.000 7.235
385.000 7.553
390.000 7.863
395.000 8.159
400.000 8.466
405.000 8.640
410.000 8.783
415.000 8.854
420.000 8.558
425.000 7.996
430.000 7.244
435.000 6.421
440.000 5.609
445.000 5.208
450.000 4.511
455.000 3.910
460.000 3.462
465.000 3.053
470.000 2.790
475.000 2.567
480.000 2.417
485.000 2.258
490.000 2.144
495.000 2.010
500.000 1.888
505.000 1.838
510.000 1.743
515.000 1.662
520.000 1.584
525.000 1.494
530.000 1.429
535.000 1.354
540.000 1.297
545.000 1.256
550.000 1.189
555.000 1.126
560.000 1.082
565.000 1.047
570.000 0.975
575.000 0.939
580.000 0.885
585.000 0.857
590.000 0.816
595.000 0.787
600.000 0.761
605.000 0.734
610.000 0.703
615.000 0.688
620.000 0.672
625.000 0.657
630.000 0.640
635.000 0.623
640.000 0.610
645.000 0.580
650.000 0.585
655.000 0.558
660.000 0.550
665.000 0.528
670.000 0.528
675.000 0.507
680.000 0.508
685.000 0.500
690.000 0.490
695.000 0.481
700.000 0.469
705.000 0.468
710.000 0.458
715.000 0.451
720.000 0.444
725.000 0.440
730.000 0.435
735.000 0.429
740.000 0.417
745.000 0.406
750.000 0.405
755.000 0.395
760.000 0.403
765.000 0.402
770.000 0.393
775.000 0.398
780.000 0.382
785.000 0.389
790.000 0.381
795.000 0.381
800.000 0.377
805.000 0.367
810.000 0.370
815.000 0.371
820.000 0.365
825.000 0.366
830.000 0.357
835.000 0.354
840.000 0.352
845.000 0.354
850.000 0.354
855.000 0.346
860.000 0.348
865.000 0.343
870.000 0.349
875.000 0.347
880.000 0.346
885.000 0.344
890.000 0.351
895.000 0.346
900.000 0.341
905.000 0.341
910.000 0.345
915.000 0.340
920.000 0.334
925.000 0.336
930.000 0.332
935.000 0.341
940.000 0.333
945.000 0.332
950.000 0.339
955.000 0.325
960.000 0.332
965.000 0.331
970.000 0.329
975.000 0.329
980.000 0.323
985.000 0.345
990.000 0.324
995.000 0.348
1000.000 0.336
1005.000 0.326
1010.000 0.321
1015.000 0.327
1020.000 0.336
1025.000 0.340
1030.000 0.339
1035.000 0.324
1040.000 0.327
1045.000 0.325
1050.000 0.331
1055.000 0.326
1060.000 0.335
1065.000 0.323
1070.000 0.333
1075.000 0.333
1080.000 0.334
1085.000 0.332
1090.000 0.328
1095.000 0.331
1100.000 0.328
1105.000 0.331
1110.000 0.330
1115.000 0.328
1120.000 0.332
1125.000 0.334
1130.000 0.328
1135.000 0.326
1140.000 0.338
1145.000 0.335
1150.000 0.339
1155.000 0.345
1160.000 0.332
1165.000 0.336
1170.000 0.337
1175.000 0.333
1180.000 0.337
1185.000 0.344
1190.000 0.344
1195.000 0.343
1200.000 0.342
1205.000 0.335
1210.000 0.338
1215.000 0.345
1220.000 0.341
1225.000 0.345
1230.000 0.342
1235.000 0.345
1240.000 0.344
1245.000 0.347
1250.000 0.349
1255.000 0.347
1260.000 0.349
1265.000 0.349
1270.000 0.353
1275.000 0.358
1280.000 0.356
1285.000 0.352
1290.000 0.363
1295.000 0.359
1300.000 0.360
1305.000 0.353
1310.000 0.358
1315.000 0.361
1320.000 0.360
1325.000 0.362
1330.000 0.374
1335.000 0.366
1340.000 0.369
1345.000 0.369
1350.000 0.373
1355.000 0.366
1360.000 0.370
1365.000 0.377
1370.000 0.376
1375.000 0.375
1380.000 0.378
1385.000 0.379
1390.000 0.382
1395.000 0.376
1400.000 0.374
1405.000 0.374
1410.000 0.372
1415.000 0.370
1420.000 0.369
1425.000 0.363
1430.000 0.372
1435.000 0.366
1440.000 0.373
1445.000 0.374
1450.000 0.382
1455.000 0.383
1460.000 0.385
1465.000 0.396
1470.000 0.397
1475.000 0.407
1480.000 0.409
1485.000 0.414
1490.000 0.421
1495.000 0.428
1500.000 0.436
1505.000 0.443
1510.000 0.445
1515.000 0.451
1520.000 0.463
1525.000 0.471
1530.000 0.474
1535.000 0.478
1540.000 0.483
1545.000 0.488
1550.000 0.494
1555.000 0.502
1560.000 0.513
1565.000 0.519
1570.000 0.526
1575.000 0.538
1580.000 0.540
1585.000 0.551
1590.000 0.572
1595.000 0.568
1600.000 0.571
1605.000 0.583
1610.000 0.594
1615.000 0.613
1620.000 0.615
1625.000 0.628
1630.000 0.638
1635.000 0.642
1640.000 0.648
1645.000 0.669
1650.000 0.693
1655.000 0.696
1660.000 0.702
1665.000 0.715
1670.000 0.731
1675.000 0.752
1680.000 0.761
1685.000 0.782
1690.000 0.796
1695.000 0.816
1700.000 0.834
1705.000 0.855
1710.000 0.874
1715.000 0.891
1720.000 0.904
1725.000 0.916
1730.000 0.939
1735.000 0.964
1740.000 0.985
1745.000 1.003
1750.000 1.029
1755.000 1.056
1760.000 1.081
1765.000 1.109
1770.000 1.129
1775.000 1.165
1780.000 1.182
1785.000 1.189
1790.000 1.220
1795.000 1.245
1800.000 1.271
1805.000 1.292
1810.000 1.317
1815.000 1.340
1820.000 1.368
1825.000 1.383
1830.000 1.407
1835.000 1.430
1840.000 1.437
1845.000 1.455
1850.000 1.472
1855.000 1.493
1860.000 1.504
1865.000 1.505
1870.000 1.522
1875.000 1.535
1880.000 1.535
1885.000 1.540
1890.000 1.544
1895.000 1.547
1900.000 1.545
1905.000 1.548
1910.000 1.551
1915.000 1.551
1920.000 1.542
1925.000 1.541
1930.000 1.530
1935.000 1.533
1940.000 1.530
1945.000 1.533
1950.000 1.519
1955.000 1.506
1960.000 1.491
1965.000 1.500
1970.000 1.495
1975.000 1.476
1980.000 1.469
1985.000 1.478
1990.000 1.461
1995.000 1.461
2000.000 1.454
2005.000 1.455
2010.000 1.453
2015.000 1.436
2020.000 1.440
2025.000 1.434
2030.000 1.425
2035.000 1.408
2040.000 1.407
2045.000 1.413
2050.000 1.409
2055.000 1.401
2060.000 1.401
2065.000 1.405
2070.000 1.405
2075.000 1.408
2080.000 1.419
2085.000 1.432
2090.000 1.435
2095.000 1.436
2100.000 1.442
2105.000 1.445
2110.000 1.457
2115.000 1.454
2120.000 1.463
2125.000 1.481
2130.000 1.495
2135.000 1.502
2140.000 1.515
2145.000 1.525
2150.000 1.539
2155.000 1.561
2160.000 1.578
2165.000 1.600
2170.000 1.624
2175.000 1.647
2180.000 1.704
2185.000 1.723
2190.000 1.766
2195.000 1.809
2200.000 1.830
2205.000 1.868
2210.000 1.925
2215.000 1.958
2220.000 2.031
2225.000 2.159
2230.000 2.166
2235.000 2.360
2240.000 2.417
2245.000 2.495
2250.000 2.645
2255.000 2.864
2260.000 3.017
2265.000 3.276
2270.000 3.434
2275.000 3.820
2280.000 4.364
2285.000 5.219
2290.000 6.536
2295.000 8.811
2300.000 12.810
2305.000 18.573
2310.000 26.130
2315.000 32.810
2320.000 31.630
2325.000 26.710
2330.000 20.086
2335.000 10.975
2340.000 6.840
2345.000 4.983
2350.000 3.833
2355.000 3.002
2360.000 2.438
2365.000 1.987
2370.000 1.677
2375.000 1.427
2380.000 1.226
2385.000 1.078
2390.000 1.004
2395.000 0.887
2400.000 0.796
2405.000 0.715
2410.000 0.645
2415.000 0.587
2420.000 0.538
2425.000 0.494
2430.000 0.455
2435.000 0.418
2440.000 0.387
2445.000 0.357
2450.000 0.346
2455.000 0.322
2460.000 0.298
2465.000 0.280
2470.000 0.261
2475.000 0.245
2480.000 0.229
2485.000 0.218
2490.000 0.205
2495.000 0.196
2500.000 0.186
2505.000 0.179
2510.000 0.170
2515.000 0.169
2520.000 0.161
2525.000 0.159
2530.000 0.153
2535.000 0.154
2540.000 0.150
2545.000 0.146
2550.000 0.147
2555.000 0.147
2560.000 0.145
2565.000 0.145
2570.000 0.147
2575.000 0.145
2580.000 0.150
2585.000 0.154
2590.000 0.155
2595.000 0.159
2600.000 0.164
2605.000 0.167
2610.000 0.169
2615.000 0.173
2620.000 0.177
2625.000 0.184
2630.000 0.185
2635.000 0.188
2640.000 0.193
2645.000 0.195
2650.000 0.201
2655.000 0.206
2660.000 0.211
2665.000 0.217
2670.000 0.222
2675.000 0.227
2680.000 0.233
2685.000 0.239
2690.000 0.244
2695.000 0.248
2700.000 0.254
2705.000 0.258
2710.000 0.267
2715.000 0.275
2720.000 0.279
2725.000 0.286
2730.000 0.292
2735.000 0.299
2740.000 0.306
2745.000 0.312
2750.000 0.320
2755.000 0.327
2760.000 0.331
2765.000 0.339
2770.000 0.350
2775.000 0.355
2780.000 0.363
2785.000 0.372
2790.000 0.381
2795.000 0.390
2800.000 0.399
2805.000 0.405
2810.000 0.415
2815.000 0.418
2820.000 0.425
2825.000 0.431
2830.000 0.441
2835.000 0.449
2840.000 0.459
2845.000 0.467
2850.000 0.480
2855.000 0.490
2860.000 0.500
2865.000 0.511
2870.000 0.522
2875.000 0.527
2880.000 0.532
2885.000 0.538
2890.000 0.548
2895.000 0.549
2900.000 0.556
2905.000 0.562
2910.000 0.569
2915.000 0.574
2920.000 0.579
2925.000 0.586
2930.000 0.591
2935.000 0.597
2940.000 0.599
2945.000 0.599
2950.000 0.603
2955.000 0.615
2960.000 0.616
2965.000 0.618
2970.000 0.631
2975.000 0.622
2980.000 0.628
2985.000 0.632
2990.000 0.627
2995.000 0.634
3000.000 0.636
3005.000 0.639
3010.000 0.630
3015.000 0.635
3020.000 0.648
3025.000 0.650
3030.000 0.648
3035.000 0.640
3040.000 0.645
3045.000 0.642
3050.000 0.648
3055.000 0.648
3060.000 0.650
3065.000 0.640
3070.000 0.645
3075.000 0.652
3080.000 0.649
3085.000 0.650
3090.000 0.651
3095.000 0.649
3100.000 0.651
3105.000 0.651
3110.000 0.651
3115.000 0.650
3120.000 0.653
3125.000 0.653
3130.000 0.649
3135.000 0.654
3140.000 0.656
3145.000 0.656
3150.000 0.657
3155.000 0.656
3160.000 0.662
3165.000 0.667
3170.000 0.667
3175.000 0.666
3180.000 0.669
3185.000 0.668
3190.000 0.664
3195.000 0.669
3200.000 0.674
3205.000 0.675
3210.000 0.674
3215.000 0.680
3220.000 0.679
3225.000 0.682
3230.000 0.682
3235.000 0.688
3240.000 0.690
3245.000 0.689
3250.000 0.692
3255.000 0.695
3260.000 0.700
3265.000 0.703
3270.000 0.714
3275.000 0.718
3280.000 0.718
3285.000 0.723
3290.000 0.728
3295.000 0.732
3300.000 0.733
3305.000 0.734
3310.000 0.741
3315.000 0.748
3320.000 0.754
3325.000 0.772
3330.000 0.774
3335.000 0.777
3340.000 0.785
3345.000 0.788
3350.000 0.792
3355.000 0.804
3360.000 0.811
3365.000 0.819
3370.000 0.829
3375.000 0.837
3380.000 0.845
3385.000 0.855
3390.000 0.866
3395.000 0.875
3400.000 0.891
3405.000 0.906
3410.000 0.917
3415.000 0.925
3420.000 0.938
3425.000 0.945
3430.000 0.962
3435.000 0.974
3440.000 0.994
3445.000 1.012
3450.000 1.031
3455.000 1.055
3460.000 1.075
3465.000 1.097
3470.000 1.123
3475.000 1.150
3480.000 1.182
3485.000 1.197
3490.000 1.226
3495.000 1.258
3500.000 1.297
3505.000 1.333
3510.000 1.359
3515.000 1.394
3520.000 1.428
3525.000 1.455
3530.000 1.492
3535.000 1.548
3540.000 1.581
3545.000 1.596
3550.000 1.639
3555.000 1.687
3560.000 1.735
3565.000 1.785
3570.000 1.847
3575.000 1.909
3580.000 1.975
3585.000 2.058
3590.000 2.136
3595.000 2.224
3600.000 2.317
3605.000 2.374
3610.000 2.492
3615.000 2.645
3620.000 2.801
3625.000 2.935
3630.000 3.096
3635.000 3.268
3640.000 3.486
3645.000 3.744
3650.000 4.064
3655.000 4.472
3660.000 5.002
3665.000 5.724
3670.000 6.161
3675.000 7.305
3680.000 8.959
3685.000 11.454
3690.000 15.352
3695.000 20.978
3700.000 28.390
3705.000 36.721
3710.000 44.389
3715.000 50.168
3720.000 49.629
3725.000 30.128
3730.000 23.698
3735.000 16.254
3740.000 11.735
3745.000 9.032
3750.000 7.258
3755.000 6.036
3760.000 5.107
3765.000 4.394
3770.000 3.845
3775.000 3.401
3780.000 3.022
3785.000 2.869
3790.000 2.602
3795.000 2.380
3800.000 2.195
3805.000 2.041
3810.000 1.904
3815.000 1.788
3820.000 1.685
3825.000 1.594
3830.000 1.514
3835.000 1.446
3840.000 1.384
3845.000 1.329
3850.000 1.302
3855.000 1.252
3860.000 1.206
3865.000 1.163
3870.000 1.123
3875.000 1.087
3880.000 1.056
3885.000 1.023
3890.000 0.994
3895.000 0.969
3900.000 0.944
3905.000 0.919
3910.000 0.910
3915.000 0.888
3920.000 0.869
3925.000 0.849
3930.000 0.827
3935.000 0.811
3940.000 0.794
3945.000 0.782
3950.000 0.764
3955.000 0.753
3960.000 0.734
3965.000 0.723
3970.000 0.717
3975.000 0.713
3980.000 0.702
3985.000 0.690
3990.000 0.674
3995.000 0.661
4000.000 0.661
4005.000 0.646
4010.000 0.642
4015.000 0.626
4020.000 0.627
4025.000 0.615
4030.000 0.607
4035.000 0.603
4040.000 0.592
4045.000 0.586
4050.000 0.582
4055.000 0.574
4060.000 0.567
4065.000 0.565
4070.000 0.555
4075.000 0.550
4080.000 0.541
4085.000 0.537
4090.000 0.535
4095.000 0.527
4100.000 0.521
4105.000 0.517
4110.000 0.508
4115.000 0.504
4120.000 0.496
4125.000 0.489
4130.000 0.484
4135.000 0.478
4140.000 0.474
4145.000 0.466
4150.000 0.460
4155.000 0.457
4160.000 0.451
4165.000 0.446
4170.000 0.440
4175.000 0.436
4180.000 0.429
4185.000 0.424
4190.000 0.420
4195.000 0.416
4200.000 0.415
4205.000 0.411
4210.000 0.411
4215.000 0.409
4220.000 0.410
4225.000 0.409
4230.000 0.410
4235.000 0.411
4240.000 0.410
4245.000 0.411
4250.000 0.411
4255.000 0.412
4260.000 0.414
4265.000 0.415
4270.000 0.413
4275.000 0.415
4280.000 0.414
4285.000 0.415
4290.000 0.414
4295.000 0.416
4300.000 0.417
4305.000 0.418
4310.000 0.416
4315.000 0.415
4320.000 0.415
4325.000 0.415
4330.000 0.417
4335.000 0.415
4340.000 0.417
4345.000 0.416
4350.000 0.415
4355.000 0.415
4360.000 0.419
4365.000 0.418
4370.000 0.416
4375.000 0.417
4380.000 0.418
4385.000 0.417
4390.000 0.418
4395.000 0.419
4400.000 0.419
4405.000 0.420
4410.000 0.420
4415.000 0.420
4420.000 0.423
4425.000 0.427
4430.000 0.424
4435.000 0.424
4440.000 0.425
4445.000 0.425
4450.000 0.425
4455.000 0.426
4460.000 0.427
4465.000 0.428
4470.000 0.428
4475.000 0.428
4480.000 0.428
4485.000 0.432
4490.000 0.436
4495.000 0.434
4500.000 0.437
4505.000 0.439
4510.000 0.440
4515.000 0.439
4520.000 0.442
4525.000 0.443
4530.000 0.444
4535.000 0.445
4540.000 0.447
4545.000 0.450
4550.000 0.451
4555.000 0.454
4560.000 0.457
4565.000 0.460
4570.000 0.463
4575.000 0.462
4580.000 0.464
4585.000 0.467
4590.000 0.469
4595.000 0.473
4600.000 0.477
4605.000 0.479
4610.000 0.482
4615.000 0.486
4620.000 0.490
4625.000 0.493
4630.000 0.498
4635.000 0.501
4640.000 0.503
4645.000 0.509
4650.000 0.512
4655.000 0.517
4660.000 0.522
4665.000 0.529
4670.000 0.534
4675.000 0.540
4680.000 0.544
4685.000 0.550
4690.000 0.558
4695.000 0.564
4700.000 0.574
4705.000 0.577
4710.000 0.586
4715.000 0.594
4720.000 0.602
4725.000 0.612
4730.000 0.623
4735.000 0.632
4740.000 0.641
4745.000 0.655
4750.000 0.668
4755.000 0.679
4760.000 0.695
4765.000 0.702
4770.000 0.718
4775.000 0.735
4780.000 0.753
4785.000 0.775
4790.000 0.794
4795.000 0.818
4800.000 0.842
4805.000 0.867
4810.000 0.892
4815.000 0.925
4820.000 0.940
4825.000 0.976
4830.000 1.015
4835.000 1.057
4840.000 1.102
4845.000 1.150
4850.000 1.205
4855.000 1.244
4860.000 1.286
4865.000 1.322
4870.000 1.363
4875.000 1.408
4880.000 1.459
4885.000 1.486
4890.000 1.547
4895.000 1.615
4900.000 1.689
4905.000 1.785
4910.000 1.912
4915.000 2.026
4920.000 2.125
4925.000 2.228
4930.000 2.359
4935.000 2.530
4940.000 2.740
4945.000 2.873
4950.000 3.183
4955.000 3.572
4960.000 4.056
4965.000 4.654
4970.000 5.428
4975.000 6.405
4980.000 7.299
4985.000 8.590
4990.000 21.898
4995.000 34.282
5000.000 35.835
5005.000 38.903
5010.000 37.185
5015.000 31.375
5020.000 19.129
5025.000 12.950
5030.000 9.195
5035.000 6.995
5040.000 5.582
5045.000 4.598
5050.000 3.919
5055.000 3.396
5060.000 2.990
5065.000 2.812
5070.000 2.524
5075.000 2.284
5080.000 2.091
5085.000 1.923
5090.000 1.786
5095.000 1.664
5100.000 1.580
5105.000 1.488
5110.000 1.410
5115.000 1.340
5120.000 1.281
5125.000 1.252
5130.000 1.204
5135.000 1.175
5140.000 1.135
5145.000 1.094
5150.000 1.060
5155.000 1.029
5160.000 1.002
5165.000 0.976
5170.000 0.958
5175.000 0.939
5180.000 0.919
5185.000 0.906
5190.000 0.899
5195.000 0.883
5200.000 0.871
5205.000 0.859
5210.000 0.848
5215.000 0.838
5220.000 0.830
5225.000 0.821
5230.000 0.811
5235.000 0.806
5240.000 0.801
5245.000 0.794
5250.000 0.791
5255.000 0.784
5260.000 0.780
5265.000 0.775
5270.000 0.772
5275.000 0.769
5280.000 0.765
5285.000 0.762
5290.000 0.760
5295.000 0.756
5300.000 0.756
5305.000 0.753
5310.000 0.753
5315.000 0.750
5320.000 0.749
5325.000 0.747
5330.000 0.746
5335.000 0.745
5340.000 0.743
5345.000 0.744
5350.000 0.741
5355.000 0.741
5360.000 0.738
5365.000 0.740
5370.000 0.737
5375.000 0.736
5380.000 0.736
5385.000 0.735
5390.000 0.732
5395.000 0.731
5400.000 0.732
5405.000 0.730
5410.000 0.731
5415.000 0.730
5420.000 0.729
5425.000 0.726
5430.000 0.724
5435.000 0.724
5440.000 0.724
5445.000 0.725
5450.000 0.724
5455.000 0.721
5460.000 0.721
5465.000 0.721
5470.000 0.720
5475.000 0.720
5480.000 0.719
5485.000 0.720
5490.000 0.721
5495.000 0.721
5500.000 0.719
5505.000 0.718
5510.000 0.715
5515.000 0.720
5520.000 0.718
5525.000 0.722
5530.000 0.740
5535.000 0.729
5540.000 0.720
5545.000 0.719
5550.000 0.716
5555.000 0.717
5560.000 0.719
5565.000 0.717
5570.000 0.721
5575.000 0.720
5580.000 0.718
5585.000 0.716
5590.000 0.716
5595.000 0.715
5600.000 0.716
5605.000 0.716
5610.000 0.718
5615.000 0.716
5620.000 0.718
5625.000 0.720
5630.000 0.722
5635.000 0.723
5640.000 0.724
5645.000 0.727
5650.000 0.731
5655.000 0.733
5660.000 0.731
5665.000 0.732
5670.000 0.733
5675.000 0.734
5680.000 0.737
5685.000 0.738
5690.000 0.739
5695.000 0.742
5700.000 0.747
5705.000 0.749
5710.000 0.752
5715.000 0.754
5720.000 0.758
5725.000 0.762
5730.000 0.763
5735.000 0.765
5740.000 0.769
5745.000 0.772
5750.000 0.776
5755.000 0.780
5760.000 0.785
5765.000 0.791
5770.000 0.796
5775.000 0.802
5780.000 0.806
5785.000 0.810
5790.000 0.817
5795.000 0.817
5800.000 0.824
5805.000 0.830
5810.000 0.840
5815.000 0.846
5820.000 0.854
5825.000 0.860
5830.000 0.869
5835.000 0.876
5840.000 0.885
5845.000 0.892
5850.000 0.908
5855.000 0.911
5860.000 0.921
5865.000 0.929
5870.000 0.941
5875.000 0.954
5880.000 0.967
5885.000 0.980
5890.000 0.997
5895.000 1.014
5900.000 1.024
5905.000 1.043
5910.000 1.057
5915.000 1.077
5920.000 1.087
5925.000 1.111
5930.000 1.130
5935.000 1.152
5940.000 1.178
5945.000 1.205
5950.000 1.230
5955.000 1.263
5960.000 1.293
5965.000 1.325
5970.000 1.365
5975.000 1.383
5980.000 1.391
5985.000 1.417
5990.000 1.419
5995.000 1.443
6000.000 1.474
6005.000 1.512
6010.000 1.547
6015.000 1.567
6020.000 1.587
6025.000 1.613
6030.000 1.653
6035.000 1.666
6040.000 1.704
6045.000 1.732
6050.000 1.760
6055.000 1.802
6060.000 1.845
6065.000 1.885
6070.000 1.948
6075.000 1.986
6080.000 2.041
6085.000 2.089
6090.000 2.157
6095.000 2.220
6100.000 2.249
6105.000 2.317
6110.000 2.389
6115.000 2.464
6120.000 2.541
6125.000 2.629
6130.000 2.728
6135.000 2.831
6140.000 2.945
6145.000 3.072
6150.000 3.198
6155.000 3.362
6160.000 3.434
6165.000 3.615
6170.000 3.808
6175.000 4.043
6180.000 4.301
6185.000 4.606
6190.000 4.982
6195.000 5.450
6200.000 6.066
6205.000 6.731
6210.000 7.767
6215.000 9.245
6220.000 11.365
6225.000 12.773
6230.000 17.072
6235.000 22.491
6240.000 29.165
6245.000 36.136
6250.000 41.421
6255.000 41.617
6260.000 30.947
6265.000 21.446
6270.000 15.444
6275.000 11.467
6280.000 10.090
6285.000 8.109
6290.000 6.784
6295.000 5.866
6300.000 5.256
6305.000 4.921
6310.000 4.659
6315.000 4.376
6320.000 4.013
6325.000 3.663
6330.000 3.350
6335.000 3.080
6340.000 2.849
6345.000 2.739
6350.000 2.548
6355.000 2.387
6360.000 2.240
6365.000 2.116
6370.000 2.004
6375.000 1.906
6380.000 1.821
6385.000 1.744
6390.000 1.672
6395.000 1.612
6400.000 1.554
6405.000 1.528
6410.000 1.483
6415.000 1.432
6420.000 1.392
6425.000 1.357
6430.000 1.322
6435.000 1.291
6440.000 1.262
6445.000 1.236
6450.000 1.214
6455.000 1.194
6460.000 1.177
6465.000 1.162
6470.000 1.155
6475.000 1.141
6480.000 1.130
6485.000 1.123
6490.000 1.116
6495.000 1.113
6500.000 1.112
6505.000 1.118
6510.000 1.125
6515.000 1.135
6520.000 1.154
6525.000 1.162
6530.000 1.190
6535.000 1.223
6540.000 1.273
6545.000 1.338
6550.000 1.428
6555.000 1.557
6560.000 1.755
6565.000 2.082
6570.000 2.687
6575.000 4.077
6580.000 8.224
6585.000 12.106
6590.000 20.682
6595.000 22.414
6600.000 1.479
6605.000 2.796
6610.000 1.477
6615.000 0.986
6620.000 0.656
6625.000 0.444
6630.000 0.411
6635.000 0.328
6640.000 0.297
6645.000 0.271
6650.000 0.272
6655.000 0.265
6660.000 0.266
6665.000 0.266
6670.000 0.269
6675.000 0.272
6680.000 0.277
6685.000 0.278
6690.000 0.283
6695.000 0.286
6700.000 0.288
6705.000 0.293
6710.000 0.293
6715.000 0.296
6720.000 0.298
6725.000 0.300
6730.000 0.302
6735.000 0.305
6740.000 0.305
6745.000 0.309
6750.000 0.310
6755.000 0.310
6760.000 0.312
6765.000 0.312
6770.000 0.314
6775.000 0.315
6780.000 0.316
6785.000 0.316
6790.000 0.318
6795.000 0.318
6800.000 0.320
6805.000 0.320
6810.000 0.319
6815.000 0.322
6820.000 0.323
6825.000 0.325
6830.000 0.326
6835.000 0.327
6840.000 0.328
6845.000 0.328
6850.000 0.328
6855.000 0.329
6860.000 0.330
6865.000 0.330
6870.000 0.334
6875.000 0.335
6880.000 0.336
6885.000 0.336
6890.000 0.337
6895.000 0.338
6900.000 0.339
6905.000 0.341
6910.000 0.341
6915.000 0.342
6920.000 0.345
6925.000 0.346
6930.000 0.346
6935.000 0.348
6940.000 0.349
6945.000 0.352
6950.000 0.354
6955.000 0.351
6960.000 0.358
6965.000 0.358
6970.000 0.357
6975.000 0.366
6980.000 0.369
6985.000 0.365
6990.000 0.377
6995.000 0.378
7000.000 0.376
7005.000 0.381
7010.000 0.381
7015.000 0.387
7020.000 0.386
7025.000 0.393
7030.000 0.398
7035.000 0.392
7040.000 0.401
7045.000 0.402
7050.000 0.406
7055.000 0.410
7060.000 0.415
7065.000 0.422
7070.000 0.427
7075.000 0.426
7080.000 0.434
7085.000 0.441
7090.000 0.446
7095.000 0.454
7100.000 0.458
7105.000 0.465
7110.000 0.470
7115.000 0.477
7120.000 0.481
7125.000 0.489
7130.000 0.495
7135.000 0.499
7140.000 0.508
7145.000 0.517
7150.000 0.525
7155.000 0.536
7160.000 0.544
7165.000 0.552
7170.000 0.559
7175.000 0.571
7180.000 0.585
7185.000 0.595
7190.000 0.607
7195.000 0.617
7200.000 0.623
7205.000 0.659
7210.000 0.674
7215.000 0.685
7220.000 0.703
7225.000 0.713
7230.000 0.727
7235.000 0.741
7240.000 0.765
7245.000 0.783
7250.000 0.803
7255.000 0.815
7260.000 0.839
7265.000 0.864
7270.000 0.891
7275.000 0.923
7280.000 0.958
7285.000 0.996
7290.000 1.036
7295.000 1.082
7300.000 1.133
7305.000 1.192
7310.000 1.256
7315.000 1.292
7320.000 1.368
7325.000 1.456
7330.000 1.559
7335.000 1.676
7340.000 1.770
7345.000 1.865
7350.000 1.988
7355.000 2.148
7360.000 2.284
7365.000 2.576
7370.000 2.729
7375.000 2.869
7380.000 2.941
7385.000 3.130
7390.000 3.340
7395.000 3.591
7400.000 3.930
7405.000 4.337
7410.000 4.839
7415.000 5.501
7420.000 6.334
7425.000 7.467
7430.000 8.966
7435.000 11.007
7440.000 12.287
7445.000 15.400
7450.000 19.370
7455.000 23.929
7460.000 28.599
7465.000 32.387
7470.000 33.442
7475.000 29.361
7480.000 21.768
7485.000 15.837
7490.000 12.038
7495.000 9.827
7500.000 8.958
7505.000 7.510
7510.000 6.361
7515.000 5.516
7520.000 4.928
7525.000 4.564
7530.000 4.274
7535.000 4.015
7540.000 3.791
7545.000 3.599
7550.000 3.422
7555.000 3.222
7560.000 3.111
7565.000 2.918
7570.000 2.745
7575.000 2.596
7580.000 2.458
7585.000 2.323
7590.000 2.209
7595.000 2.111
7600.000 2.017
7605.000 1.934
7610.000 1.868
7615.000 1.805
7620.000 1.778
7625.000 1.721
7630.000 1.663
7635.000 1.610
7640.000 1.561
7645.000 1.519
7650.000 1.481
7655.000 1.445
7660.000 1.413
7665.000 1.386
7670.000 1.358
7675.000 1.332
7680.000 1.309
7685.000 1.296
7690.000 1.274
7695.000 1.258
7700.000 1.238
7705.000 1.221
7710.000 1.204
7715.000 1.187
7720.000 1.173
7725.000 1.162
7730.000 1.153
7735.000 1.141
7740.000 1.129
7745.000 1.121
7750.000 1.114
7755.000 1.101
7760.000 1.092
7765.000 1.090
7770.000 1.112
7775.000 1.096
7780.000 1.083
7785.000 1.071
7790.000 1.061
7795.000 1.055
7800.000 1.048
7805.000 1.043
7810.000 1.037
7815.000 1.038
7820.000 1.032
7825.000 1.031
7830.000 1.029
7835.000 1.029
7840.000 1.024
7845.000 1.023
7850.000 1.021
7855.000 1.021
7860.000 1.022
7865.000 1.019
7870.000 1.022
7875.000 1.023
7880.000 1.025
7885.000 1.030
7890.000 1.035
7895.000 1.037
7900.000 1.042
7905.000 1.051
7910.000 1.055
7915.000 1.062
7920.000 1.071
7925.000 1.077
7930.000 1.087
7935.000 1.097
7940.000 1.112
7945.000 1.125
7950.000 1.142
7955.000 1.153
7960.000 1.176
7965.000 1.199
7970.000 1.216
7975.000 1.236
7980.000 1.256
7985.000 1.299
7990.000 1.324
7995.000 1.350
8000.000 1.400
8005.000 1.419
8010.000 1.465
8015.000 1.526
8020.000 1.612
8025.000 1.725
8030.000 1.849
8035.000 1.987
8040.000 2.189
8045.000 2.436
8050.000 2.762
8055.000 3.312
8060.000 4.318
8065.000 5.115
8070.000 7.979
8075.000 13.248
8080.000 18.896
8085.000 16.750
8090.000 6.050
8095.000 3.706
8100.000 2.019
8105.000 1.160
8110.000 0.711
8115.000 0.458
8120.000 0.312
8125.000 0.239
8130.000 0.233
8135.000 0.234
8140.000 0.254
8145.000 0.282
8150.000 0.305
8155.000 0.332
8160.000 0.355
8165.000 0.376
8170.000 0.397
8175.000 0.416
8180.000 0.431
8185.000 0.456
8190.000 0.476
8195.000 0.489
8200.000 0.501
8205.000 0.512
8210.000 0.524
8215.000 0.534
8220.000 0.547
8225.000 0.562
8230.000 0.579
8235.000 0.590
8240.000 0.602
8245.000 0.607
8250.000 0.621
8255.000 0.632
8260.000 0.644
8265.000 0.657
8270.000 0.668
8275.000 0.682
8280.000 0.695
8285.000 0.710
8290.000 0.724
8295.000 0.741
8300.000 0.758
8305.000 0.786
8310.000 0.790
8315.000 0.802
8320.000 0.815
8325.000 0.830
8330.000 0.850
8335.000 0.878
8340.000 0.898
8345.000 0.916
8350.000 0.933
8355.000 0.948
8360.000 0.962
8365.000 0.979
8370.000 0.986
8375.000 1.006
8380.000 1.025
8385.000 1.044
8390.000 1.065
8395.000 1.087
8400.000 1.115
8405.000 1.137
8410.000 1.170
8415.000 1.192
8420.000 1.220
8425.000 1.256
8430.000 1.290
8435.000 1.314
8440.000 1.352
8445.000 1.393
8450.000 1.448
8455.000 1.535
8460.000 1.563
8465.000 1.581
8470.000 1.611
8475.000 1.651
8480.000 1.695
8485.000 1.744
8490.000 1.764
8495.000 1.807
8500.000 1.857
8505.000 1.924
8510.000 1.987
8515.000 2.059
8520.000 2.138
8525.000 2.230
8530.000 2.342
8535.000 2.471
8540.000 2.649
8545.000 2.889
8550.000 3.069
8555.000 3.628
8560.000 4.818
8565.000 6.885
8570.000 5.912
8575.000 2.159
8580.000 1.612
8585.000 2.555
8590.000 3.317
8595.000 3.541
8600.000 4.014
8605.000 4.516
8610.000 5.197
8615.000 5.506
8620.000 6.255
8625.000 7.221
8630.000 8.470
8635.000 10.070
8640.000 12.091
8645.000 14.557
8650.000 17.350
8655.000 20.190
8660.000 22.557
8665.000 23.456
8670.000 21.932
8675.000 20.034
8680.000 15.587
8685.000 11.755
8690.000 8.932
8695.000 7.044
8700.000 5.835
8705.000 5.185
8710.000 4.856
8715.000 4.456
8720.000 4.045
8725.000 3.696
8730.000 3.404
8735.000 3.257
8740.000 3.026
8745.000 2.816
8750.000 2.632
8755.000 2.476
8760.000 2.334
8765.000 2.175
8770.000 2.026
8775.000 1.899
8780.000 1.776
8785.000 1.652
8790.000 1.542
8795.000 1.488
8800.000 1.394
8805.000 1.309
8810.000 1.238
8815.000 1.176
8820.000 1.104
8825.000 1.050
8830.000 1.027
8835.000 0.982
8840.000 0.937
8845.000 0.895
8850.000 0.862
8855.000 0.829
8860.000 0.814
8865.000 0.787
8870.000 0.762
8875.000 0.735
8880.000 0.714
8885.000 0.694
8890.000 0.674
8895.000 0.658
8900.000 0.642
8905.000 0.624
8910.000 0.610
8915.000 0.592
8920.000 0.585
8925.000 0.568
8930.000 0.551
8935.000 0.540
8940.000 0.526
8945.000 0.517
8950.000 0.503
8955.000 0.491
8960.000 0.479
8965.000 0.469
8970.000 0.466
8975.000 0.465
8980.000 0.456
8985.000 0.450
8990.000 0.437
8995.000 0.426
9000.000 0.422
9005.000 0.414
9010.000 0.408
9015.000 0.396
9020.000 0.395
9025.000 0.389
9030.000 0.383
9035.000 0.372
9040.000 0.367
9045.000 0.362
9050.000 0.363
9055.000 0.353
9060.000 0.351
9065.000 0.363
9070.000 0.354
9075.000 0.348
9080.000 0.345
9085.000 0.337
9090.000 0.334
9095.000 0.332
9100.000 0.338
9105.000 0.332
9110.000 0.328
9115.000 0.323
9120.000 0.320
9125.000 0.317
9130.000 0.312
9135.000 0.311
9140.000 0.310
9145.000 0.308
9150.000 0.309
9155.000 0.307
9160.000 0.305
9165.000 0.304
9170.000 0.312
9175.000 0.309
9180.000 0.305
9185.000 0.306
9190.000 0.306
9195.000 0.304
9200.000 0.305
9205.000 0.307
9210.000 0.314
9215.000 0.313
9220.000 0.311
9225.000 0.314
9230.000 0.314
9235.000 0.312
9240.000 0.313
9245.000 0.316
9250.000 0.318
9255.000 0.321
9260.000 0.324
9265.000 0.327
9270.000 0.329
9275.000 0.333
9280.000 0.334
9285.000 0.340
9290.000 0.346
9295.000 0.350
9300.000 0.358
9305.000 0.365
9310.000 0.370
9315.000 0.378
9320.000 0.381
9325.000 0.392
9330.000 0.398
9335.000 0.407
9340.000 0.419
9345.000 0.424
9350.000 0.437
9355.000 0.450
9360.000 0.463
9365.000 0.481
9370.000 0.495
9375.000 0.518
9380.000 0.539
9385.000 0.560
9390.000 0.590
9395.000 0.623
9400.000 0.653
9405.000 0.668
9410.000 0.701
9415.000 0.735
9420.000 0.775
9425.000 0.821
9430.000 0.869
9435.000 0.932
9440.000 1.008
9445.000 1.105
9450.000 1.221
9455.000 1.377
9460.000 1.548
9465.000 1.769
9470.000 1.917
9475.000 2.318
9480.000 3.022
9485.000 4.139
9490.000 6.043
9495.000 9.021
9500.000 13.214
9505.000 18.099
9510.000 18.661
9515.000 7.101
9520.000 6.420
9525.000 4.303
9530.000 3.146
9535.000 2.086
9540.000 1.550
9545.000 1.183
9550.000 0.939
9555.000 0.758
9560.000 0.620
9565.000 0.513
9570.000 0.423
9575.000 0.352
9580.000 0.292
9585.000 0.263
9590.000 0.215
9595.000 0.172
9600.000 0.132
9605.000 0.097
9610.000 0.061
9615.000 0.029
9620.000 0.007
9625.000 0.030
9630.000 0.060
9635.000 0.085
9640.000 0.116
9645.000 0.145
9650.000 0.157
9655.000 0.184
9660.000 0.210
9665.000 0.242
9670.000 0.271
9675.000 0.298
9680.000 0.329
9685.000 0.361
9690.000 0.397
9695.000 0.442
9700.000 0.478
9705.000 0.520
9710.000 0.541
9715.000 0.583
9720.000 0.632
9725.000 0.706
9730.000 0.767
9735.000 0.842
9740.000 0.929
9745.000 1.032
9750.000 1.167
9755.000 1.334
9760.000 1.527
9765.000 1.730
9770.000 1.844
9775.000 2.121
9780.000 2.452
9785.000 2.880
9790.000 3.399
9795.000 4.024
9800.000 4.761
9805.000 5.670
9810.000 6.686
9815.000 7.868
9820.000 9.332
9825.000 11.055
9830.000 12.002
9835.000 13.936
9840.000 15.702
9845.000 16.818
9850.000 16.700
9855.000 15.085
9860.000 12.590
9865.000 10.144
9870.000 8.038
9875.000 6.411
9880.000 5.209
9885.000 4.315
9890.000 3.692
9895.000 3.475
9900.000 3.282
9905.000 3.324
9910.000 3.442
9915.000 3.409
9920.000 3.234
9925.000 3.038
9930.000 2.858
9935.000 2.702
9940.000 2.570
9945.000 2.450
9950.000 2.345
9955.000 2.292
9960.000 2.204
9965.000 2.128
9970.000 2.051
9975.000 1.993
9980.000 1.933
9985.000 1.871
9990.000 1.825
9995.000 1.777
10000.000 1.724
10005.000 1.687
10010.000 1.668
10015.000 1.635
10020.000 1.601
10025.000 1.561
10030.000 1.528
10035.000 1.504
10040.000 1.476
10045.000 1.451
10050.000 1.417
10055.000 1.393
10060.000 1.360
10065.000 1.333
10070.000 1.310
10075.000 1.297
10080.000 1.270
10085.000 1.251
10090.000 1.241
10095.000 1.227
10100.000 1.202
10105.000 1.176
10110.000 1.158
10115.000 1.141
10120.000 1.125
10125.000 1.141
10130.000 1.117
10135.000 1.104
10140.000 1.068
10145.000 1.043
10150.000 1.015
10155.000 0.971
10160.000 0.927
10165.000 0.868
10170.000 0.796
10175.000 0.715
10180.000 0.615
10185.000 0.489
10190.000 0.340
10195.000 0.520
10200.000 1.016
10205.000 5.096
10210.000 6.065
10215.000 3.266
10220.000 2.943
10225.000 2.509
10230.000 2.065
10235.000 1.807
10240.000 1.681
10245.000 1.583
10250.000 1.512
10255.000 1.482
10260.000 1.419
10265.000 1.342
10270.000 1.275
10275.000 1.217
10280.000 1.170
10285.000 1.153
10290.000 1.139
10295.000 1.127
10300.000 1.117
10305.000 1.110
10310.000 1.100
10315.000 1.096
10320.000 1.094
10325.000 1.087
10330.000 1.080
10335.000 1.074
10340.000 1.074
10345.000 1.074
10350.000 1.076
10355.000 1.073
10360.000 1.064
10365.000 1.063
10370.000 1.061
10375.000 1.063
10380.000 1.059
10385.000 1.061
10390.000 1.050
10395.000 1.051
10400.000 1.050
10405.000 1.048
10410.000 1.044
10415.000 1.048
10420.000 1.044
10425.000 1.044
10430.000 1.042
10435.000 1.041
10440.000 1.039
10445.000 1.041
10450.000 1.042
10455.000 1.041
10460.000 1.039
10465.000 1.045
10470.000 1.045
10475.000 1.045
10480.000 1.048
10485.000 1.050
10490.000 1.057
10495.000 1.059
10500.000 1.053
10505.000 1.059
10510.000 1.057
10515.000 1.060
10520.000 1.066
10525.000 1.066
10530.000 1.069
10535.000 1.074
10540.000 1.079
10545.000 1.087
10550.000 1.080
10555.000 1.088
10560.000 1.086
10565.000 1.086
10570.000 1.085
10575.000 1.089
10580.000 1.097
10585.000 1.105
10590.000 1.112
10595.000 1.118
10600.000 1.126
10605.000 1.126
10610.000 1.133
10615.000 1.145
10620.000 1.146
10625.000 1.155
10630.000 1.191
10635.000 1.190
10640.000 1.189
10645.000 1.212
10650.000 1.215
10655.000 1.214
10660.000 1.224
10665.000 1.224
10670.000 1.240
10675.000 1.246
10680.000 1.256
10685.000 1.263
10690.000 1.274
10695.000 1.289
10700.000 1.305
10705.000 1.322
10710.000 1.342
10715.000 1.361
10720.000 1.382
10725.000 1.437
10730.000 1.447
10735.000 1.458
10740.000 1.467
10745.000 1.487
10750.000 1.505
10755.000 1.539
10760.000 1.565
10765.000 1.594
10770.000 1.628
10775.000 1.670
10780.000 1.713
10785.000 1.767
10790.000 1.810
10795.000 1.865
10800.000 1.922
10805.000 1.955
10810.000 2.033
10815.000 2.110
10820.000 2.216
10825.000 2.328
10830.000 2.469
10835.000 2.631
10840.000 2.821
10845.000 3.089
10850.000 3.468
10855.000 4.054
10860.000 4.835
10865.000 5.354
10870.000 6.756
10875.000 8.571
10880.000 10.080
10885.000 9.636
10890.000 6.866
10895.000 4.131
10900.000 2.590
10905.000 1.804
10910.000 1.414
10915.000 0.941
10920.000 0.453
10925.000 0.243
10930.000 0.185
10935.000 0.224
10940.000 0.341
10945.000 0.474
10950.000 0.599
10955.000 0.752
10960.000 0.974
10965.000 1.304
10970.000 1.743
10975.000 2.319
10980.000 3.018
10985.000 3.397
10990.000 4.170
10995.000 4.950
11000.000 5.773
11005.000 6.600
11010.000 7.468
11015.000 8.140
11020.000 8.502
11025.000 8.388
11030.000 7.791
11035.000 6.980
11040.000 6.152
11045.000 5.739
11050.000 5.002
11055.000 4.377
11060.000 3.865
11065.000 3.458
11070.000 3.176
11075.000 3.008
11080.000 2.936
11085.000 2.902
11090.000 2.828
11095.000 2.662
11100.000 2.395
11105.000 2.076
11110.000 1.927
11115.000 1.648
11120.000 1.435
11125.000 1.297
11130.000 1.163
11135.000 1.045
11140.000 0.945
11145.000 0.864
11150.000 0.767
11155.000 0.688
11160.000 0.627
11165.000 0.568
11170.000 0.541
11175.000 0.498
11180.000 0.459
11185.000 0.429
11190.000 0.395
11195.000 0.367
11200.000 0.340
11205.000 0.319
11210.000 0.297
11215.000 0.278
11220.000 0.260
11225.000 0.251
11230.000 0.238
11235.000 0.225
11240.000 0.213
11245.000 0.201
11250.000 0.191
11255.000 0.180
11260.000 0.173
11265.000 0.162
11270.000 0.154
11275.000 0.146
11280.000 0.136
11285.000 0.132
11290.000 0.128
11295.000 0.122
11300.000 0.117
11305.000 0.107
11310.000 0.105
11315.000 0.102
11320.000 0.095
11325.000 0.092
11330.000 0.088
11335.000 0.086
11340.000 0.081
11345.000 0.079
11350.000 0.080
11355.000 0.077
11360.000 0.080
11365.000 0.079
11370.000 0.078
11375.000 0.077
11380.000 0.071
11385.000 0.069
11390.000 0.069
11395.000 0.066
11400.000 0.065
11405.000 0.063
11410.000 0.065
11415.000 0.065
11420.000 0.065
11425.000 0.064
11430.000 0.060
11435.000 0.063
11440.000 0.064
11445.000 0.065
11450.000 0.065
11455.000 0.066
11460.000 0.068
11465.000 0.068
11470.000 0.068
11475.000 0.070
11480.000 0.071
11485.000 0.072
11490.000 0.074
11495.000 0.074
11500.000 0.076
11505.000 0.076
11510.000 0.080
11515.000 0.084
11520.000 0.083
11525.000 0.086
11530.000 0.082
11535.000 0.086
11540.000 0.087
11545.000 0.088
11550.000 0.085
11555.000 0.088
11560.000 0.091
11565.000 0.090
11570.000 0.091
11575.000 0.093
11580.000 0.093
11585.000 0.095
11590.000 0.097
11595.000 0.096
11600.000 0.097
11605.000 0.099
11610.000 0.102
11615.000 0.103
11620.000 0.105
11625.000 0.108
11630.000 0.108
11635.000 0.112
11640.000 0.113
11645.000 0.117
11650.000 0.119
11655.000 0.120
11660.000 0.126
11665.000 0.126
11670.000 0.135
11675.000 0.135
11680.000 0.142
11685.000 0.150
11690.000 0.157
11695.000 0.165
11700.000 0.178
11705.000 0.195
11710.000 0.216
11715.000 0.226
11720.000 0.257
11725.000 0.304
11730.000 0.381
11735.000 0.527
11740.000 0.828
11745.000 1.370
11750.000 2.277
11755.000 3.371
11760.000 3.140
11765.000 0.980
11770.000 1.027
11775.000 0.989
11780.000 0.602
11785.000 0.494
11790.000 0.407
11795.000 0.353
11800.000 0.313
11805.000 0.284
11810.000 0.264
11815.000 0.251
11820.000 0.244
11825.000 0.239
11830.000 0.235
11835.000 0.233
11840.000 0.235
11845.000 0.238
11850.000 0.238
11855.000 0.240
11860.000 0.247
11865.000 0.251
11870.000 0.256
11875.000 0.263
11880.000 0.272
11885.000 0.278
11890.000 0.287
11895.000 0.292
11900.000 0.302
11905.000 0.311
11910.000 0.320
11915.000 0.328
11920.000 0.335
11925.000 0.345
11930.000 0.356
11935.000 0.366
11940.000 0.380
11945.000 0.395
11950.000 0.406
11955.000 0.417
11960.000 0.435
11965.000 0.454
11970.000 0.466
11975.000 0.492
11980.000 0.530
11985.000 0.551
11990.000 0.570
11995.000 0.593
12000.000 0.616
