1801.000 0.014
1802.000 3.398
1803.000 3.635
1804.000 3.639
1805.000 3.612
1806.000 3.611
1807.000 3.607
1808.000 3.610
1809.000 3.603
1810.000 3.618
1811.000 3.624
1812.000 3.622
1813.000 3.627
1814.000 3.635
1815.000 3.641
1816.000 3.721
1817.000 3.722
1818.000 3.726
1819.000 3.721
1820.000 3.721
1821.000 3.730
1822.000 3.724
1823.000 3.715
1824.000 3.724
1825.000 3.712
1826.000 3.715
1827.000 3.715
1828.000 3.706
1829.000 3.689
1830.000 3.668
1831.000 3.649
1832.000 3.609
1833.000 3.590
1834.000 3.548
1835.000 3.511
1836.000 3.523
1837.000 3.459
1838.000 3.466
1839.000 3.345
1840.000 3.315
1841.000 3.312
1842.000 3.228
1843.000 3.159
1844.000 3.132
1845.000 3.066
1846.000 2.998
1847.000 2.957
1848.000 2.901
1849.000 2.858
1850.000 2.828
1851.000 2.820
1852.000 2.800
1853.000 2.781
1854.000 2.753
1855.000 2.701
1856.000 2.643
1857.000 2.604
1858.000 2.520
1859.000 2.434
1860.000 2.332
1861.000 2.222
1862.000 2.122
1863.000 2.008
1864.000 1.921
1865.000 1.837
1866.000 1.770
1867.000 1.740
1868.000 1.736
1869.000 1.743
1870.000 1.743
1871.000 1.750
1872.000 1.757
1873.000 1.756
1874.000 1.761
1875.000 1.768
1876.000 1.770
1877.000 1.770
1878.000 1.778
1879.000 1.782
1880.000 1.774
1881.000 1.782
1882.000 1.781
1883.000 1.822
1884.000 1.818
1885.000 1.804
1886.000 1.807
1887.000 1.801
1888.000 1.830
1889.000 1.814
1890.000 1.807
1891.000 1.803
1892.000 1.801
1893.000 1.803
1894.000 1.806
1895.000 1.801
1896.000 1.811
1897.000 1.807
1898.000 1.809
1899.000 1.813
1900.000 1.815
1901.000 1.811
1902.000 1.816
1903.000 1.819
1904.000 1.814
1905.000 1.817
1906.000 1.819
1907.000 1.824
1908.000 1.831
1909.000 1.827
1910.000 1.849
1911.000 1.876
1912.000 1.899
1913.000 1.870
1914.000 1.861
1915.000 1.844
1916.000 1.842
1917.000 1.843
1918.000 1.837
1919.000 1.837
1920.000 1.840
1921.000 1.840
1922.000 1.839
1923.000 1.843
1924.000 1.841
1925.000 1.838
1926.000 1.832
1927.000 1.834
1928.000 1.848
1929.000 1.834
1930.000 1.839
1931.000 1.835
1932.000 1.846
1933.000 1.841
1934.000 1.833
1935.000 1.835
1936.000 1.846
1937.000 1.846
1938.000 1.848
1939.000 1.848
1940.000 1.844
1941.000 1.844
1942.000 1.843
1943.000 1.848
1944.000 1.855
1945.000 1.847
1946.000 1.856
1947.000 1.850
1948.000 1.859
1949.000 1.853
1950.000 1.846
1951.000 1.846
1952.000 1.855
1953.000 1.860
1954.000 1.844
1955.000 1.849
1956.000 1.854
1957.000 1.861
1958.000 1.865
1959.000 1.860
1960.000 1.855
1961.000 1.861
1962.000 1.861
1963.000 1.873
1964.000 1.864
1965.000 1.855
1966.000 1.868
1967.000 1.868
1968.000 1.872
1969.000 1.872
1970.000 1.872
1971.000 1.874
1972.000 1.885
1973.000 1.884
1974.000 1.878
1975.000 1.874
1976.000 1.887
1977.000 1.869
1978.000 1.882
1979.000 1.881
1980.000 1.883
1981.000 1.880
1982.000 1.888
1983.000 1.886
1984.000 1.885
1985.000 1.880
1986.000 1.876
1987.000 1.876
1988.000 1.886
1989.000 1.896
1990.000 1.887
1991.000 1.906
1992.000 1.902
1993.000 1.889
1994.000 1.906
1995.000 1.892
1996.000 1.906
1997.000 1.901
1998.000 1.896
1999.000 1.903
2000.000 1.907
2001.000 1.916
2002.000 1.923
2003.000 1.924
2004.000 1.919
2005.000 1.913
2006.000 1.903
2007.000 1.945
2008.000 1.937
2009.000 1.914
2010.000 1.931
2011.000 1.920
2012.000 1.926
2013.000 1.937
2014.000 1.921
2015.000 1.939
2016.000 1.940
2017.000 1.935
2018.000 1.942
2019.000 1.940
2020.000 1.952
2021.000 1.955
2022.000 1.955
2023.000 1.944
2024.000 1.963
2025.000 1.952
2026.000 1.966
2027.000 1.957
2028.000 1.977
2029.000 1.987
2030.000 1.978
2031.000 1.974
2032.000 1.987
2033.000 1.996
2034.000 1.992
2035.000 2.001
2036.000 1.997
2037.000 1.999
2038.000 2.008
2039.000 2.018
2040.000 2.012
2041.000 2.015
2042.000 2.029
2043.000 2.023
2044.000 2.049
2045.000 2.050
2046.000 2.046
2047.000 2.050
2048.000 2.061
2049.000 2.064
2050.000 2.076
2051.000 2.065
2052.000 2.070
2053.000 2.103
2054.000 2.099
2055.000 2.099
2056.000 2.103
2057.000 2.116
2058.000 2.121
2059.000 2.128
2060.000 2.137
2061.000 2.143
2062.000 2.180
2063.000 2.189
2064.000 2.185
2065.000 2.187
2066.000 2.190
2067.000 2.196
2068.000 2.203
2069.000 2.215
2070.000 2.217
2071.000 2.223
2072.000 2.240
2073.000 2.247
2074.000 2.253
2075.000 2.268
2076.000 2.282
2077.000 2.295
2078.000 2.307
2079.000 2.315
2080.000 2.322
2081.000 2.341
2082.000 2.357
2083.000 2.369
2084.000 2.377
2085.000 2.386
2086.000 2.402
2087.000 2.413
2088.000 2.426
2089.000 2.438
2090.000 2.452
2091.000 2.467
2092.000 2.480
2093.000 2.503
2094.000 2.517
2095.000 2.534
2096.000 2.552
2097.000 2.565
2098.000 2.586
2099.000 2.609
2100.000 2.623
2101.000 2.652
2102.000 2.677
2103.000 2.691
2104.000 2.714
2105.000 2.739
2106.000 2.759
2107.000 2.792
2108.000 2.824
2109.000 2.848
2110.000 2.875
2111.000 2.896
2112.000 2.926
2113.000 2.943
2114.000 2.972
2115.000 3.007
2116.000 3.046
2117.000 3.082
2118.000 3.114
2119.000 3.151
2120.000 3.200
2121.000 3.232
2122.000 3.284
2123.000 3.321
2124.000 3.367
2125.000 3.394
2126.000 3.445
2127.000 3.489
2128.000 3.559
2129.000 3.611
2130.000 3.666
2131.000 3.738
2132.000 3.800
2133.000 3.876
2134.000 3.947
2135.000 4.024
2136.000 4.068
2137.000 4.155
2138.000 4.237
2139.000 4.335
2140.000 4.430
2141.000 4.539
2142.000 4.656
2143.000 4.776
2144.000 4.905
2145.000 5.056
2146.000 5.206
2147.000 5.357
2148.000 5.538
2149.000 5.635
2150.000 5.824
2151.000 6.037
2152.000 6.287
2153.000 6.523
2154.000 6.801
2155.000 7.097
2156.000 7.436
2157.000 7.795
2158.000 8.230
2159.000 8.676
2160.000 9.173
2161.000 9.452
2162.000 10.053
2163.000 10.715
2164.000 11.491
2165.000 12.318
2166.000 13.178
2167.000 13.994
2168.000 14.711
2169.000 15.088
2170.000 15.299
2171.000 15.274
2172.000 14.840
2173.000 14.032
2174.000 13.504
2175.000 12.367
2176.000 11.213
2177.000 10.130
2178.000 9.180
2179.000 8.287
2180.000 7.538
2181.000 6.904
2182.000 6.359
2183.000 5.865
2184.000 5.429
2185.000 5.222
2186.000 4.848
2187.000 4.522
2188.000 4.211
2189.000 3.950
2190.000 3.690
2191.000 3.450
2192.000 3.238
2193.000 3.039
2194.000 2.851
2195.000 2.665
2196.000 2.432
2197.000 2.317
2198.000 2.109
2199.000 1.927
2200.000 1.771
2201.000 1.630
2202.000 1.503
2203.000 1.387
2204.000 1.281
2205.000 1.180
2206.000 1.086
2207.000 1.002
2208.000 0.926
2209.000 0.857
2210.000 0.824
2211.000 0.761
2212.000 0.701
2213.000 0.648
2214.000 0.593
2215.000 0.543
2216.000 0.494
2217.000 0.452
2218.000 0.405
2219.000 0.361
2220.000 0.318
2221.000 0.280
2222.000 0.262
2223.000 0.224
2224.000 0.187
2225.000 0.153
2226.000 0.119
2227.000 0.088
2228.000 0.064
2229.000 0.055
2230.000 0.069
2231.000 0.093
2232.000 0.126
2233.000 0.141
2234.000 0.174
2235.000 0.209
2236.000 0.242
2237.000 0.281
2238.000 0.318
2239.000 0.356
2240.000 0.394
2241.000 0.437
2242.000 0.480
2243.000 0.524
2244.000 0.569
2245.000 0.618
2246.000 0.647
2247.000 0.701
2248.000 0.759
2249.000 0.826
2250.000 0.893
2251.000 0.962
2252.000 1.041
2253.000 1.129
2254.000 1.227
2255.000 1.343
2256.000 1.478
2257.000 1.639
2258.000 1.727
2259.000 1.945
2260.000 2.198
2261.000 2.499
2262.000 2.866
2263.000 3.297
2264.000 3.790
2265.000 4.358
2266.000 4.980
2267.000 5.634
2268.000 6.285
2269.000 6.942
2270.000 7.602
2271.000 7.953
2272.000 8.697
2273.000 9.592
2274.000 10.622
2275.000 11.796
2276.000 13.153
2277.000 14.617
2278.000 16.335
2279.000 18.060
2280.000 19.770
2281.000 21.172
2282.000 21.652
2283.000 21.882
2284.000 20.881
2285.000 18.692
2286.000 15.863
2287.000 12.941
2288.000 10.556
2289.000 8.734
2290.000 7.317
2291.000 6.260
2292.000 5.436
2293.000 4.822
2294.000 4.343
2295.000 4.143
2296.000 3.869
2297.000 3.646
2298.000 3.466
2299.000 3.286
2300.000 3.127
2301.000 2.980
2302.000 2.847
2303.000 2.736
2304.000 2.618
2305.000 2.515
2306.000 2.422
2307.000 2.371
2308.000 2.286
2309.000 2.200
2310.000 2.122
2311.000 2.046
2312.000 1.987
2313.000 1.926
2314.000 1.860
2315.000 1.769
2316.000 1.679
2317.000 1.604
2318.000 1.530
2319.000 1.467
2320.000 1.434
2321.000 1.379
2322.000 1.323
2323.000 1.274
2324.000 1.233
2325.000 1.193
2326.000 1.150
2327.000 1.119
2328.000 1.078
2329.000 1.043
2330.000 1.015
2331.000 0.996
2332.000 0.972
2333.000 0.946
2334.000 0.920
2335.000 0.895
2336.000 0.867
2337.000 0.846
2338.000 0.831
2339.000 0.812
2340.000 0.797
2341.000 0.775
2342.000 0.757
2343.000 0.753
2344.000 0.734
2345.000 0.726
2346.000 0.713
2347.000 0.702
2348.000 0.679
2349.000 0.669
2350.000 0.652
2351.000 0.634
2352.000 0.626
2353.000 0.609
2354.000 0.600
2355.000 0.587
2356.000 0.582
2357.000 0.572
2358.000 0.565
2359.000 0.552
2360.000 0.541
2361.000 0.531
2362.000 0.520
2363.000 0.509
2364.000 0.499
2365.000 0.495
2366.000 0.487
2367.000 0.477
2368.000 0.470
2369.000 0.465
2370.000 0.453
2371.000 0.450
2372.000 0.443
2373.000 0.434
2374.000 0.427
2375.000 0.422
2376.000 0.415
2377.000 0.408
2378.000 0.401
2379.000 0.395
2380.000 0.390
2381.000 0.386
2382.000 0.380
2383.000 0.375
2384.000 0.366
2385.000 0.362
2386.000 0.355
2387.000 0.350
2388.000 0.346
2389.000 0.340
2390.000 0.337
2391.000 0.329
2392.000 0.329
2393.000 0.320
2394.000 0.320
2395.000 0.312
2396.000 0.309
2397.000 0.303
2398.000 0.300
2399.000 0.292
2400.000 0.289
2401.000 0.288
2402.000 0.282
2403.000 0.276
2404.000 0.275
2405.000 0.270
2406.000 0.268
2407.000 0.261
2408.000 0.260
2409.000 0.258
2410.000 0.251
2411.000 0.249
2412.000 0.244
2413.000 0.239
2414.000 0.237
2415.000 0.235
2416.000 0.231
2417.000 0.229
2418.000 0.226
2419.000 0.222
2420.000 0.219
2421.000 0.215
2422.000 0.210
2423.000 0.207
2424.000 0.204
2425.000 0.202
2426.000 0.197
2427.000 0.194
2428.000 0.193
2429.000 0.192
2430.000 0.187
2431.000 0.184
2432.000 0.181
2433.000 0.179
2434.000 0.176
2435.000 0.176
2436.000 0.171
2437.000 0.168
2438.000 0.166
2439.000 0.164
2440.000 0.160
2441.000 0.158
2442.000 0.157
2443.000 0.153
2444.000 0.150
2445.000 0.149
2446.000 0.148
2447.000 0.145
2448.000 0.143
2449.000 0.142
2450.000 0.139
2451.000 0.136
2452.000 0.134
2453.000 0.136
2454.000 0.132
2455.000 0.130
2456.000 0.130
2457.000 0.126
2458.000 0.124
2459.000 0.121
2460.000 0.120
2461.000 0.118
2462.000 0.117
2463.000 0.116
2464.000 0.113
2465.000 0.113
2466.000 0.110
2467.000 0.109
2468.000 0.109
2469.000 0.106
2470.000 0.106
2471.000 0.101
2472.000 0.100
2473.000 0.100
2474.000 0.098
2475.000 0.095
2476.000 0.095
2477.000 0.095
2478.000 0.094
2479.000 0.091
2480.000 0.090
2481.000 0.087
2482.000 0.087
2483.000 0.085
2484.000 0.085
2485.000 0.084
2486.000 0.081
2487.000 0.080
2488.000 0.079
2489.000 0.078
2490.000 0.077
2491.000 0.076
2492.000 0.074
2493.000 0.072
2494.000 0.073
2495.000 0.068
2496.000 0.071
2497.000 0.069
2498.000 0.067
2499.000 0.068
2500.000 0.066
2501.000 0.067
2502.000 0.063
2503.000 0.064
2504.000 0.064
2505.000 0.063
2506.000 0.061
2507.000 0.062
2508.000 0.063
2509.000 0.062
2510.000 0.061
2511.000 0.059
2512.000 0.061
2513.000 0.061
2514.000 0.058
2515.000 0.061
2516.000 0.059
2517.000 0.057
2518.000 0.055
2519.000 0.058
2520.000 0.057
2521.000 0.059
2522.000 0.056
2523.000 0.058
2524.000 0.058
2525.000 0.054
2526.000 0.057
2527.000 0.056
2528.000 0.056
2529.000 0.056
2530.000 0.056
2531.000 0.056
2532.000 0.056
2533.000 0.058
2534.000 0.058
2535.000 0.057
2536.000 0.057
2537.000 0.056
2538.000 0.059
2539.000 0.060
2540.000 0.060
2541.000 0.059
2542.000 0.060
2543.000 0.060
2544.000 0.062
2545.000 0.061
2546.000 0.061
2547.000 0.063
2548.000 0.061
2549.000 0.064
2550.000 0.065
2551.000 0.064
2552.000 0.066
2553.000 0.067
2554.000 0.068
2555.000 0.067
2556.000 0.068
2557.000 0.070
2558.000 0.069
2559.000 0.069
2560.000 0.071
2561.000 0.073
2562.000 0.071
2563.000 0.073
2564.000 0.073
2565.000 0.074
2566.000 0.074
2567.000 0.075
2568.000 0.076
2569.000 0.075
2570.000 0.078
2571.000 0.078
2572.000 0.079
2573.000 0.080
2574.000 0.081
2575.000 0.083
2576.000 0.081
2577.000 0.084
2578.000 0.082
2579.000 0.085
2580.000 0.087
2581.000 0.089
2582.000 0.090
2583.000 0.088
2584.000 0.090
2585.000 0.090
2586.000 0.092
2587.000 0.093
2588.000 0.093
2589.000 0.096
2590.000 0.095
2591.000 0.096
2592.000 0.097
2593.000 0.098
2594.000 0.099
2595.000 0.101
2596.000 0.100
2597.000 0.101
2598.000 0.104
2599.000 0.104
2600.000 0.106
