1801.000 0.004
1802.000 1.412
1803.000 2.644
1804.000 2.629
1805.000 2.627
1806.000 2.617
1807.000 2.622
1808.000 2.627
1809.000 2.612
1810.000 2.625
1811.000 2.632
1812.000 2.640
1813.000 2.632
1814.000 2.643
1815.000 2.641
1816.000 2.643
1817.000 2.657
1818.000 2.657
1819.000 2.661
1820.000 2.664
1821.000 2.668
1822.000 2.665
1823.000 2.668
1824.000 2.663
1825.000 2.659
1826.000 2.656
1827.000 2.648
1828.000 2.639
1829.000 2.615
1830.000 2.574
1831.000 2.545
1832.000 2.509
1833.000 2.483
1834.000 2.445
1835.000 2.380
1836.000 2.330
1837.000 2.272
1838.000 2.211
1839.000 2.164
1840.000 2.130
1841.000 2.095
1842.000 2.065
1843.000 2.034
1844.000 2.015
1845.000 2.003
1846.000 2.002
1847.000 1.996
1848.000 1.993
1849.000 1.985
1850.000 1.970
1851.000 1.941
1852.000 1.924
1853.000 1.884
1854.000 1.843
1855.000 1.783
1856.000 1.720
1857.000 1.679
1858.000 1.604
1859.000 1.533
1860.000 1.457
1861.000 1.383
1862.000 1.318
1863.000 1.261
1864.000 1.221
1865.000 1.215
1866.000 1.212
1867.000 1.214
1868.000 1.219
1869.000 1.219
1870.000 1.223
1871.000 1.223
1872.000 1.224
1873.000 1.224
1874.000 1.232
1875.000 1.228
1876.000 1.230
1877.000 1.234
1878.000 1.231
1879.000 1.234
1880.000 1.233
1881.000 1.238
1882.000 1.241
1883.000 1.237
1884.000 1.244
1885.000 1.241
1886.000 1.247
1887.000 1.245
1888.000 1.244
1889.000 1.247
1890.000 1.248
1891.000 1.243
1892.000 1.250
1893.000 1.243
1894.000 1.248
1895.000 1.246
1896.000 1.249
1897.000 1.249
1898.000 1.256
1899.000 1.253
1900.000 1.252
1901.000 1.256
1902.000 1.255
1903.000 1.260
1904.000 1.254
1905.000 1.258
1906.000 1.255
1907.000 1.256
1908.000 1.254
1909.000 1.259
1910.000 1.258
1911.000 1.262
1912.000 1.265
1913.000 1.263
1914.000 1.263
1915.000 1.264
1916.000 1.259
1917.000 1.261
1918.000 1.264
1919.000 1.278
1920.000 1.278
1921.000 1.273
1922.000 1.273
1923.000 1.268
1924.000 1.268
1925.000 1.262
1926.000 1.265
1927.000 1.265
1928.000 1.262
1929.000 1.267
1930.000 1.267
1931.000 1.262
1932.000 1.261
1933.000 1.259
1934.000 1.269
1935.000 1.267
1936.000 1.264
1937.000 1.261
1938.000 1.262
1939.000 1.260
1940.000 1.261
1941.000 1.272
1942.000 1.267
1943.000 1.264
1944.000 1.266
1945.000 1.298
1946.000 1.277
1947.000 1.271
1948.000 1.263
1949.000 1.272
1950.000 1.263
1951.000 1.259
1952.000 1.261
1953.000 1.266
1954.000 1.266
1955.000 1.275
1956.000 1.275
1957.000 1.275
1958.000 1.268
1959.000 1.267
1960.000 1.274
1961.000 1.273
1962.000 1.272
1963.000 1.269
1964.000 1.281
1965.000 1.266
1966.000 1.271
1967.000 1.279
1968.000 1.282
1969.000 1.278
1970.000 1.278
1971.000 1.283
1972.000 1.285
1973.000 1.275
1974.000 1.269
1975.000 1.277
1976.000 1.283
1977.000 1.268
1978.000 1.289
1979.000 1.283
1980.000 1.295
1981.000 1.290
1982.000 1.279
1983.000 1.298
1984.000 1.294
1985.000 1.289
1986.000 1.285
1987.000 1.293
1988.000 1.297
1989.000 1.303
1990.000 1.302
1991.000 1.288
1992.000 1.306
1993.000 1.303
1994.000 1.313
1995.000 1.299
1996.000 1.317
1997.000 1.314
1998.000 1.297
1999.000 1.304
2000.000 1.305
2001.000 1.312
2002.000 1.320
2003.000 1.323
2004.000 1.316
2005.000 1.306
2006.000 1.311
2007.000 1.326
2008.000 1.325
2009.000 1.314
2010.000 1.340
2011.000 1.320
2012.000 1.331
2013.000 1.340
2014.000 1.321
2015.000 1.344
2016.000 1.333
2017.000 1.339
2018.000 1.343
2019.000 1.338
2020.000 1.348
2021.000 1.353
2022.000 1.353
2023.000 1.339
2024.000 1.355
2025.000 1.354
2026.000 1.354
2027.000 1.352
2028.000 1.365
2029.000 1.348
2030.000 1.355
2031.000 1.374
2032.000 1.378
2033.000 1.380
2034.000 1.381
2035.000 1.393
2036.000 1.392
2037.000 1.389
2038.000 1.383
2039.000 1.394
2040.000 1.405
2041.000 1.398
2042.000 1.418
2043.000 1.415
2044.000 1.424
2045.000 1.418
2046.000 1.424
2047.000 1.436
2048.000 1.442
2049.000 1.440
2050.000 1.452
2051.000 1.463
2052.000 1.463
2053.000 1.457
2054.000 1.475
2055.000 1.478
2056.000 1.468
2057.000 1.487
2058.000 1.482
2059.000 1.508
2060.000 1.504
2061.000 1.511
2062.000 1.527
2063.000 1.532
2064.000 1.529
2065.000 1.533
2066.000 1.544
2067.000 1.548
2068.000 1.563
2069.000 1.572
2070.000 1.577
2071.000 1.584
2072.000 1.595
2073.000 1.607
2074.000 1.615
2075.000 1.630
2076.000 1.632
2077.000 1.636
2078.000 1.645
2079.000 1.661
2080.000 1.667
2081.000 1.679
2082.000 1.690
2083.000 1.709
2084.000 1.705
2085.000 1.714
2086.000 1.732
2087.000 1.746
2088.000 1.755
2089.000 1.771
2090.000 1.775
2091.000 1.793
2092.000 1.808
2093.000 1.818
2094.000 1.836
2095.000 1.851
2096.000 1.865
2097.000 1.891
2098.000 1.906
2099.000 1.916
2100.000 1.943
2101.000 1.956
2102.000 1.988
2103.000 2.006
2104.000 2.016
2105.000 2.033
2106.000 2.052
2107.000 2.087
2108.000 2.109
2109.000 2.137
2110.000 2.155
2111.000 2.181
2112.000 2.206
2113.000 2.220
2114.000 2.253
2115.000 2.285
2116.000 2.314
2117.000 2.347
2118.000 2.378
2119.000 2.422
2120.000 2.460
2121.000 2.498
2122.000 2.540
2123.000 2.588
2124.000 2.636
2125.000 2.657
2126.000 2.703
2127.000 2.747
2128.000 2.796
2129.000 2.854
2130.000 2.912
2131.000 2.977
2132.000 3.032
2133.000 3.116
2134.000 3.179
2135.000 3.257
2136.000 3.332
2137.000 3.417
2138.000 3.507
2139.000 3.549
2140.000 3.701
2141.000 3.758
2142.000 3.854
2143.000 3.977
2144.000 4.107
2145.000 4.240
2146.000 4.386
2147.000 4.543
2148.000 4.708
2149.000 4.899
2150.000 4.997
2151.000 5.207
2152.000 5.575
2153.000 5.697
2154.000 5.968
2155.000 6.275
2156.000 6.607
2157.000 6.973
2158.000 7.385
2159.000 7.858
2160.000 8.386
2161.000 8.999
2162.000 9.702
2163.000 10.511
2164.000 11.447
2165.000 11.948
2166.000 13.026
2167.000 14.166
2168.000 15.260
2169.000 16.138
2170.000 16.594
2171.000 16.439
2172.000 15.676
2173.000 15.053
2174.000 14.661
2175.000 13.705
2176.000 12.082
2177.000 11.040
2178.000 10.570
2179.000 9.706
2180.000 8.954
2181.000 8.286
2182.000 7.704
2183.000 7.194
2184.000 6.747
2185.000 6.339
2186.000 6.154
2187.000 5.810
2188.000 5.510
2189.000 5.244
2190.000 4.988
2191.000 4.769
2192.000 4.558
2193.000 4.371
2194.000 4.201
2195.000 4.036
2196.000 3.883
2197.000 3.738
2198.000 3.602
2199.000 3.550
2200.000 3.378
2201.000 3.310
2202.000 3.215
2203.000 3.118
2204.000 3.029
2205.000 2.949
2206.000 2.867
2207.000 2.799
2208.000 2.726
2209.000 2.662
2210.000 2.627
2211.000 2.553
2212.000 2.418
2213.000 2.338
2214.000 2.296
2215.000 2.236
2216.000 2.169
2217.000 2.108
2218.000 2.049
2219.000 2.000
2220.000 1.955
2221.000 1.912
2222.000 1.889
2223.000 1.852
2224.000 1.816
2225.000 1.788
2226.000 1.750
2227.000 1.727
2228.000 1.711
2229.000 1.684
2230.000 1.657
2231.000 1.645
2232.000 1.628
2233.000 1.611
2234.000 1.596
2235.000 1.596
2236.000 1.588
2237.000 1.593
2238.000 1.586
2239.000 1.579
2240.000 1.578
2241.000 1.576
2242.000 1.581
2243.000 1.589
2244.000 1.594
2245.000 1.600
2246.000 1.620
2247.000 1.631
2248.000 1.648
2249.000 1.680
2250.000 1.704
2251.000 1.718
2252.000 1.752
2253.000 1.798
2254.000 1.845
2255.000 1.891
2256.000 1.948
2257.000 1.989
2258.000 2.011
2259.000 2.087
2260.000 2.137
2261.000 2.196
2262.000 2.217
2263.000 2.292
2264.000 2.362
2265.000 2.440
2266.000 2.532
2267.000 2.633
2268.000 2.741
2269.000 2.874
2270.000 3.021
2271.000 3.206
2272.000 3.296
2273.000 3.518
2274.000 3.767
2275.000 4.081
2276.000 4.472
2277.000 4.923
2278.000 5.436
2279.000 6.017
2280.000 6.584
2281.000 7.002
2282.000 7.069
2283.000 6.685
2284.000 6.386
2285.000 5.828
2286.000 4.950
2287.000 4.365
2288.000 4.090
2289.000 3.609
2290.000 3.200
2291.000 2.868
2292.000 2.584
2293.000 2.347
2294.000 2.148
2295.000 1.970
2296.000 1.895
2297.000 1.689
2298.000 1.567
2299.000 1.446
2300.000 1.378
2301.000 1.251
2302.000 1.144
2303.000 1.054
2304.000 0.982
2305.000 0.915
2306.000 0.855
2307.000 0.829
2308.000 0.779
2309.000 0.738
2310.000 0.701
2311.000 0.667
2312.000 0.633
2313.000 0.608
2314.000 0.586
2315.000 0.566
2316.000 0.544
2317.000 0.525
2318.000 0.509
2319.000 0.492
2320.000 0.484
2321.000 0.472
2322.000 0.458
2323.000 0.448
2324.000 0.436
2325.000 0.426
2326.000 0.415
2327.000 0.407
2328.000 0.399
2329.000 0.388
2330.000 0.382
2331.000 0.375
2332.000 0.370
2333.000 0.365
2334.000 0.355
2335.000 0.351
2336.000 0.349
2337.000 0.343
2338.000 0.335
2339.000 0.333
2340.000 0.324
2341.000 0.323
2342.000 0.321
2343.000 0.314
2344.000 0.313
2345.000 0.309
2346.000 0.307
2347.000 0.302
2348.000 0.299
2349.000 0.297
2350.000 0.294
2351.000 0.291
2352.000 0.290
2353.000 0.286
2354.000 0.284
2355.000 0.280
2356.000 0.280
2357.000 0.278
2358.000 0.278
2359.000 0.274
2360.000 0.272
2361.000 0.270
2362.000 0.269
2363.000 0.268
2364.000 0.266
2365.000 0.264
2366.000 0.264
2367.000 0.261
2368.000 0.260
2369.000 0.258
2370.000 0.257
2371.000 0.258
2372.000 0.255
2373.000 0.258
2374.000 0.254
2375.000 0.253
2376.000 0.253
2377.000 0.251
2378.000 0.250
2379.000 0.250
2380.000 0.249
2381.000 0.247
2382.000 0.247
2383.000 0.248
2384.000 0.247
2385.000 0.246
2386.000 0.246
2387.000 0.244
2388.000 0.243
2389.000 0.243
2390.000 0.243
2391.000 0.243
2392.000 0.242
2393.000 0.241
2394.000 0.239
2395.000 0.241
2396.000 0.240
2397.000 0.239
2398.000 0.238
2399.000 0.240
2400.000 0.235
2401.000 0.237
2402.000 0.238
2403.000 0.237
2404.000 0.234
2405.000 0.238
2406.000 0.236
2407.000 0.237
2408.000 0.237
2409.000 0.237
2410.000 0.235
2411.000 0.232
2412.000 0.234
2413.000 0.233
2414.000 0.236
2415.000 0.232
2416.000 0.234
2417.000 0.233
2418.000 0.234
2419.000 0.235
2420.000 0.233
2421.000 0.231
2422.000 0.231
2423.000 0.233
2424.000 0.232
2425.000 0.232
2426.000 0.233
2427.000 0.231
2428.000 0.232
2429.000 0.236
2430.000 0.234
2431.000 0.232
2432.000 0.232
2433.000 0.235
2434.000 0.232
2435.000 0.235
2436.000 0.233
2437.000 0.233
2438.000 0.231
2439.000 0.233
2440.000 0.231
2441.000 0.233
2442.000 0.233
2443.000 0.233
2444.000 0.234
2445.000 0.231
2446.000 0.233
2447.000 0.230
2448.000 0.234
2449.000 0.231
2450.000 0.233
2451.000 0.234
2452.000 0.234
2453.000 0.236
2454.000 0.234
2455.000 0.232
2456.000 0.232
2457.000 0.234
2458.000 0.235
2459.000 0.233
2460.000 0.233
2461.000 0.232
2462.000 0.235
2463.000 0.233
2464.000 0.235
2465.000 0.236
2466.000 0.236
2467.000 0.236
2468.000 0.236
2469.000 0.237
2470.000 0.234
2471.000 0.235
2472.000 0.236
2473.000 0.237
2474.000 0.239
2475.000 0.238
2476.000 0.236
2477.000 0.237
2478.000 0.238
2479.000 0.235
2480.000 0.238
2481.000 0.238
2482.000 0.240
2483.000 0.240
2484.000 0.238
2485.000 0.241
2486.000 0.241
2487.000 0.239
2488.000 0.241
2489.000 0.238
2490.000 0.241
2491.000 0.241
2492.000 0.244
2493.000 0.243
2494.000 0.243
2495.000 0.241
2496.000 0.244
2497.000 0.244
2498.000 0.247
2499.000 0.244
2500.000 0.244
2501.000 0.246
2502.000 0.246
2503.000 0.247
2504.000 0.245
2505.000 0.248
2506.000 0.246
2507.000 0.245
2508.000 0.250
2509.000 0.250
2510.000 0.250
2511.000 0.252
2512.000 0.251
2513.000 0.252
2514.000 0.253
2515.000 0.252
2516.000 0.251
2517.000 0.251
2518.000 0.252
2519.000 0.253
2520.000 0.253
2521.000 0.257
2522.000 0.256
2523.000 0.257
2524.000 0.258
2525.000 0.257
2526.000 0.259
2527.000 0.259
2528.000 0.258
2529.000 0.258
2530.000 0.262
2531.000 0.258
2532.000 0.261
2533.000 0.265
2534.000 0.264
2535.000 0.265
2536.000 0.266
2537.000 0.268
2538.000 0.270
2539.000 0.271
2540.000 0.269
2541.000 0.270
2542.000 0.273
2543.000 0.275
2544.000 0.274
2545.000 0.276
2546.000 0.275
2547.000 0.276
2548.000 0.278
2549.000 0.279
2550.000 0.279
2551.000 0.279
2552.000 0.280
2553.000 0.282
2554.000 0.286
2555.000 0.286
2556.000 0.288
2557.000 0.287
2558.000 0.289
2559.000 0.289
2560.000 0.292
2561.000 0.293
2562.000 0.298
2563.000 0.298
2564.000 0.300
2565.000 0.298
2566.000 0.300
2567.000 0.301
2568.000 0.301
2569.000 0.300
2570.000 0.299
2571.000 0.297
2572.000 0.295
2573.000 0.298
2574.000 0.298
2575.000 0.296
2576.000 0.301
2577.000 0.300
2578.000 0.299
2579.000 0.302
2580.000 0.301
2581.000 0.300
2582.000 0.298
2583.000 0.303
2584.000 0.301
2585.000 0.304
2586.000 0.301
2587.000 0.302
2588.000 0.298
2589.000 0.302
2590.000 0.301
2591.000 0.301
2592.000 0.300
2593.000 0.304
2594.000 0.303
2595.000 0.306
2596.000 0.309
2597.000 0.304
2598.000 0.303
2599.000 0.302
2600.000 0.305
