1801.000 0.008
1802.000 1.913
1803.000 2.457
1804.000 2.402
1805.000 2.072
1806.000 1.868
1807.000 1.800
1808.000 1.814
1809.000 1.817
1810.000 1.847
1811.000 1.872
1812.000 1.895
1813.000 1.930
1814.000 1.956
1815.000 1.989
1816.000 2.012
1817.000 2.040
1818.000 2.080
1819.000 2.088
1820.000 2.141
1821.000 2.165
1822.000 2.180
1823.000 2.211
1824.000 2.252
1825.000 2.273
1826.000 2.300
1827.000 2.331
1828.000 2.354
1829.000 2.362
1830.000 2.365
1831.000 2.369
1832.000 2.369
1833.000 2.360
1834.000 2.360
1835.000 2.361
1836.000 2.355
1837.000 2.363
1838.000 2.369
1839.000 2.382
1840.000 2.406
1841.000 2.400
1842.000 2.383
1843.000 2.342
1844.000 2.310
1845.000 2.301
1846.000 2.272
1847.000 2.238
1848.000 2.217
1849.000 2.205
1850.000 2.200
1851.000 2.197
1852.000 2.213
1853.000 2.219
1854.000 2.206
1855.000 2.166
1856.000 2.103
1857.000 2.037
1858.000 2.002
1859.000 1.917
1860.000 1.828
1861.000 1.744
1862.000 1.656
1863.000 1.576
1864.000 1.508
1865.000 1.448
1866.000 1.408
1867.000 1.400
1868.000 1.401
1869.000 1.409
1870.000 1.409
1871.000 1.416
1872.000 1.415
1873.000 1.419
1874.000 1.419
1875.000 1.417
1876.000 1.416
1877.000 1.423
1878.000 1.424
1879.000 1.431
1880.000 1.430
1881.000 1.433
1882.000 1.432
1883.000 1.434
1884.000 1.437
1885.000 1.440
1886.000 1.438
1887.000 1.442
1888.000 1.438
1889.000 1.442
1890.000 1.435
1891.000 1.440
1892.000 1.442
1893.000 1.443
1894.000 1.447
1895.000 1.448
1896.000 1.453
1897.000 1.449
1898.000 1.452
1899.000 1.452
1900.000 1.451
1901.000 1.455
1902.000 1.454
1903.000 1.458
1904.000 1.459
1905.000 1.453
1906.000 1.453
1907.000 1.458
1908.000 1.459
1909.000 1.459
1910.000 1.460
1911.000 1.460
1912.000 1.460
1913.000 1.462
1914.000 1.463
1915.000 1.462
1916.000 1.460
1917.000 1.459
1918.000 1.461
1919.000 1.463
1920.000 1.469
1921.000 1.462
1922.000 1.461
1923.000 1.462
1924.000 1.457
1925.000 1.467
1926.000 1.466
1927.000 1.465
1928.000 1.466
1929.000 1.468
1930.000 1.469
1931.000 1.468
1932.000 1.471
1933.000 1.467
1934.000 1.469
1935.000 1.470
1936.000 1.472
1937.000 1.467
1938.000 1.464
1939.000 1.462
1940.000 1.466
1941.000 1.474
1942.000 1.473
1943.000 1.471
1944.000 1.469
1945.000 1.472
1946.000 1.464
1947.000 1.473
1948.000 1.476
1949.000 1.470
1950.000 1.475
1951.000 1.476
1952.000 1.477
1953.000 1.474
1954.000 1.476
1955.000 1.473
1956.000 1.476
1957.000 1.472
1958.000 1.474
1959.000 1.488
1960.000 1.471
1961.000 1.486
1962.000 1.479
1963.000 1.489
1964.000 1.467
1965.000 1.482
1966.000 1.490
1967.000 1.488
1968.000 1.475
1969.000 1.477
1970.000 1.481
1971.000 1.481
1972.000 1.483
1973.000 1.493
1974.000 1.495
1975.000 1.483
1976.000 1.494
1977.000 1.494
1978.000 1.486
1979.000 1.498
1980.000 1.492
1981.000 1.496
1982.000 1.500
1983.000 1.496
1984.000 1.492
1985.000 1.490
1986.000 1.494
1987.000 1.494
1988.000 1.513
1989.000 1.515
1990.000 1.519
1991.000 1.507
1992.000 1.521
1993.000 1.504
1994.000 1.521
1995.000 1.511
1996.000 1.519
1997.000 1.515
1998.000 1.510
1999.000 1.513
2000.000 1.519
2001.000 1.525
2002.000 1.529
2003.000 1.526
2004.000 1.525
2005.000 1.516
2006.000 1.515
2007.000 1.543
2008.000 1.537
2009.000 1.525
2010.000 1.544
2011.000 1.524
2012.000 1.532
2013.000 1.551
2014.000 1.533
2015.000 1.530
2016.000 1.547
2017.000 1.545
2018.000 1.546
2019.000 1.546
2020.000 1.553
2021.000 1.552
2022.000 1.547
2023.000 1.545
2024.000 1.562
2025.000 1.550
2026.000 1.572
2027.000 1.556
2028.000 1.575
2029.000 1.578
2030.000 1.567
2031.000 1.575
2032.000 1.581
2033.000 1.588
2034.000 1.589
2035.000 1.588
2036.000 1.586
2037.000 1.596
2038.000 1.607
2039.000 1.613
2040.000 1.605
2041.000 1.616
2042.000 1.613
2043.000 1.622
2044.000 1.620
2045.000 1.638
2046.000 1.641
2047.000 1.639
2048.000 1.640
2049.000 1.647
2050.000 1.657
2051.000 1.661
2052.000 1.674
2053.000 1.679
2054.000 1.674
2055.000 1.681
2056.000 1.696
2057.000 1.686
2058.000 1.706
2059.000 1.709
2060.000 1.725
2061.000 1.724
2062.000 1.735
2063.000 1.747
2064.000 1.751
2065.000 1.760
2066.000 1.767
2067.000 1.775
2068.000 1.776
2069.000 1.787
2070.000 1.794
2071.000 1.810
2072.000 1.816
2073.000 1.825
2074.000 1.832
2075.000 1.845
2076.000 1.856
2077.000 1.858
2078.000 1.862
2079.000 1.876
2080.000 1.891
2081.000 1.906
2082.000 1.912
2083.000 1.926
2084.000 1.942
2085.000 1.951
2086.000 1.965
2087.000 1.976
2088.000 1.988
2089.000 1.999
2090.000 2.009
2091.000 2.025
2092.000 2.039
2093.000 2.057
2094.000 2.075
2095.000 2.093
2096.000 2.108
2097.000 2.126
2098.000 2.142
2099.000 2.163
2100.000 2.182
2101.000 2.199
2102.000 2.227
2103.000 2.233
2104.000 2.260
2105.000 2.283
2106.000 2.301
2107.000 2.329
2108.000 2.357
2109.000 2.383
2110.000 2.414
2111.000 2.437
2112.000 2.469
2113.000 2.498
2114.000 2.511
2115.000 2.546
2116.000 2.578
2117.000 2.607
2118.000 2.642
2119.000 2.683
2120.000 2.718
2121.000 2.759
2122.000 2.803
2123.000 2.846
2124.000 2.889
2125.000 2.933
2126.000 2.962
2127.000 3.012
2128.000 3.073
2129.000 3.135
2130.000 3.193
2131.000 3.248
2132.000 3.317
2133.000 3.386
2134.000 3.466
2135.000 3.537
2136.000 3.620
2137.000 3.657
2138.000 3.746
2139.000 3.838
2140.000 3.945
2141.000 4.046
2142.000 4.167
2143.000 4.283
2144.000 4.407
2145.000 4.554
2146.000 4.694
2147.000 4.862
2148.000 5.029
2149.000 5.217
2150.000 5.318
2151.000 5.526
2152.000 5.758
2153.000 6.014
2154.000 6.285
2155.000 6.585
2156.000 6.930
2157.000 7.289
2158.000 7.725
2159.000 8.175
2160.000 8.697
2161.000 9.284
2162.000 9.613
2163.000 10.344
2164.000 11.167
2165.000 12.073
2166.000 13.048
2167.000 14.042
2168.000 14.947
2169.000 15.573
2170.000 15.736
2171.000 15.458
2172.000 15.138
2173.000 14.506
2174.000 13.568
2175.000 13.028
2176.000 11.919
2177.000 10.883
2178.000 9.916
2179.000 9.080
2180.000 8.351
2181.000 7.715
2182.000 7.146
2183.000 6.648
2184.000 6.177
2185.000 5.790
2186.000 5.605
2187.000 5.281
2188.000 4.982
2189.000 4.710
2190.000 4.472
2191.000 4.241
2192.000 4.032
2193.000 3.853
2194.000 3.669
2195.000 3.504
2196.000 3.430
2197.000 3.215
2198.000 3.143
2199.000 3.019
2200.000 2.897
2201.000 2.790
2202.000 2.677
2203.000 2.552
2204.000 2.400
2205.000 2.264
2206.000 2.138
2207.000 2.031
2208.000 1.925
2209.000 1.829
2210.000 1.754
2211.000 1.710
2212.000 1.636
2213.000 1.570
2214.000 1.515
2215.000 1.453
2216.000 1.393
2217.000 1.342
2218.000 1.294
2219.000 1.252
2220.000 1.209
2221.000 1.166
2222.000 1.132
2223.000 1.113
2224.000 1.076
2225.000 1.043
2226.000 1.009
2227.000 0.985
2228.000 0.951
2229.000 0.923
2230.000 0.899
2231.000 0.874
2232.000 0.847
2233.000 0.829
2234.000 0.816
2235.000 0.796
2236.000 0.773
2237.000 0.755
2238.000 0.738
2239.000 0.716
2240.000 0.703
2241.000 0.684
2242.000 0.667
2243.000 0.652
2244.000 0.637
2245.000 0.622
2246.000 0.607
2247.000 0.600
2248.000 0.588
2249.000 0.573
2250.000 0.560
2251.000 0.549
2252.000 0.533
2253.000 0.520
2254.000 0.511
2255.000 0.502
2256.000 0.491
2257.000 0.481
2258.000 0.470
2259.000 0.459
2260.000 0.455
2261.000 0.444
2262.000 0.433
2263.000 0.423
2264.000 0.414
2265.000 0.403
2266.000 0.396
2267.000 0.387
2268.000 0.377
2269.000 0.369
2270.000 0.357
2271.000 0.351
2272.000 0.347
2273.000 0.339
2274.000 0.330
2275.000 0.324
2276.000 0.316
2277.000 0.303
2278.000 0.289
2279.000 0.275
2280.000 0.260
2281.000 0.253
2282.000 0.270
2283.000 0.296
2284.000 0.352
2285.000 0.394
2286.000 0.391
2287.000 0.360
2288.000 0.344
2289.000 0.332
2290.000 0.324
2291.000 0.314
2292.000 0.306
2293.000 0.300
2294.000 0.292
2295.000 0.285
2296.000 0.285
2297.000 0.277
2298.000 0.275
2299.000 0.267
2300.000 0.264
2301.000 0.260
2302.000 0.253
2303.000 0.250
2304.000 0.246
2305.000 0.242
2306.000 0.237
2307.000 0.235
2308.000 0.230
2309.000 0.226
2310.000 0.225
2311.000 0.221
2312.000 0.218
2313.000 0.216
2314.000 0.210
2315.000 0.207
2316.000 0.204
2317.000 0.201
2318.000 0.199
2319.000 0.195
2320.000 0.193
2321.000 0.191
2322.000 0.189
2323.000 0.185
2324.000 0.183
2325.000 0.184
2326.000 0.181
2327.000 0.177
2328.000 0.176
2329.000 0.173
2330.000 0.171
2331.000 0.170
2332.000 0.168
2333.000 0.167
2334.000 0.165
2335.000 0.163
2336.000 0.161
2337.000 0.157
2338.000 0.158
2339.000 0.155
2340.000 0.155
2341.000 0.153
2342.000 0.149
2343.000 0.150
2344.000 0.147
2345.000 0.145
2346.000 0.142
2347.000 0.142
2348.000 0.141
2349.000 0.143
2350.000 0.139
2351.000 0.137
2352.000 0.136
2353.000 0.133
2354.000 0.136
2355.000 0.133
2356.000 0.132
2357.000 0.132
2358.000 0.131
2359.000 0.129
2360.000 0.129
2361.000 0.128
2362.000 0.127
2363.000 0.125
2364.000 0.125
2365.000 0.124
2366.000 0.125
2367.000 0.123
2368.000 0.121
2369.000 0.122
2370.000 0.120
2371.000 0.120
2372.000 0.119
2373.000 0.118
2374.000 0.119
2375.000 0.117
2376.000 0.116
2377.000 0.116
2378.000 0.115
2379.000 0.116
2380.000 0.113
2381.000 0.116
2382.000 0.113
2383.000 0.115
2384.000 0.111
2385.000 0.112
2386.000 0.112
2387.000 0.114
2388.000 0.112
2389.000 0.112
2390.000 0.112
2391.000 0.112
2392.000 0.110
2393.000 0.108
2394.000 0.108
2395.000 0.109
2396.000 0.111
2397.000 0.109
2398.000 0.107
2399.000 0.108
2400.000 0.110
2401.000 0.109
2402.000 0.110
2403.000 0.110
2404.000 0.108
2405.000 0.110
2406.000 0.110
2407.000 0.109
2408.000 0.109
2409.000 0.109
2410.000 0.110
2411.000 0.110
2412.000 0.108
2413.000 0.108
2414.000 0.110
2415.000 0.111
2416.000 0.111
2417.000 0.110
2418.000 0.111
2419.000 0.110
2420.000 0.109
2421.000 0.109
2422.000 0.111
2423.000 0.110
2424.000 0.113
2425.000 0.111
2426.000 0.110
2427.000 0.110
2428.000 0.107
2429.000 0.112
2430.000 0.111
2431.000 0.113
2432.000 0.112
2433.000 0.111
2434.000 0.112
2435.000 0.113
2436.000 0.111
2437.000 0.113
2438.000 0.112
2439.000 0.114
2440.000 0.113
2441.000 0.112
2442.000 0.116
2443.000 0.113
2444.000 0.112
2445.000 0.112
2446.000 0.113
2447.000 0.111
2448.000 0.114
2449.000 0.115
2450.000 0.114
2451.000 0.115
2452.000 0.114
2453.000 0.116
2454.000 0.115
2455.000 0.114
2456.000 0.115
2457.000 0.114
2458.000 0.116
2459.000 0.116
2460.000 0.117
2461.000 0.116
2462.000 0.116
2463.000 0.117
2464.000 0.118
2465.000 0.116
2466.000 0.116
2467.000 0.118
2468.000 0.118
2469.000 0.116
2470.000 0.119
2471.000 0.116
2472.000 0.120
2473.000 0.118
2474.000 0.119
2475.000 0.120
2476.000 0.120
2477.000 0.120
2478.000 0.120
2479.000 0.120
2480.000 0.122
2481.000 0.119
2482.000 0.120
2483.000 0.122
2484.000 0.120
2485.000 0.121
2486.000 0.121
2487.000 0.121
2488.000 0.124
2489.000 0.123
2490.000 0.122
2491.000 0.122
2492.000 0.123
2493.000 0.123
2494.000 0.123
2495.000 0.122
2496.000 0.123
2497.000 0.125
2498.000 0.124
2499.000 0.123
2500.000 0.123
2501.000 0.124
2502.000 0.124
2503.000 0.124
2504.000 0.124
2505.000 0.126
2506.000 0.124
2507.000 0.126
2508.000 0.124
2509.000 0.127
2510.000 0.124
2511.000 0.125
2512.000 0.125
2513.000 0.128
2514.000 0.125
2515.000 0.127
2516.000 0.128
2517.000 0.127
2518.000 0.127
2519.000 0.127
2520.000 0.130
2521.000 0.129
2522.000 0.126
2523.000 0.130
2524.000 0.128
2525.000 0.127
2526.000 0.129
2527.000 0.129
2528.000 0.127
2529.000 0.130
2530.000 0.132
2531.000 0.131
2532.000 0.129
2533.000 0.131
2534.000 0.128
2535.000 0.131
2536.000 0.132
2537.000 0.131
2538.000 0.132
2539.000 0.133
2540.000 0.132
2541.000 0.132
2542.000 0.133
2543.000 0.132
2544.000 0.129
2545.000 0.132
2546.000 0.131
2547.000 0.133
2548.000 0.134
2549.000 0.135
2550.000 0.131
2551.000 0.134
2552.000 0.132
2553.000 0.133
2554.000 0.134
2555.000 0.136
2556.000 0.137
2557.000 0.135
2558.000 0.135
2559.000 0.137
2560.000 0.136
2561.000 0.137
2562.000 0.136
2563.000 0.140
2564.000 0.139
2565.000 0.136
2566.000 0.135
2567.000 0.139
2568.000 0.138
2569.000 0.137
2570.000 0.139
2571.000 0.136
2572.000 0.140
2573.000 0.138
2574.000 0.140
2575.000 0.140
2576.000 0.140
2577.000 0.141
2578.000 0.140
2579.000 0.141
2580.000 0.143
2581.000 0.143
2582.000 0.141
2583.000 0.142
2584.000 0.143
2585.000 0.142
2586.000 0.143
2587.000 0.143
2588.000 0.143
2589.000 0.142
2590.000 0.142
2591.000 0.146
2592.000 0.146
2593.000 0.146
2594.000 0.147
2595.000 0.148
2596.000 0.149
2597.000 0.145
2598.000 0.147
2599.000 0.149
2600.000 0.149
