105.000 0.036
110.000 0.337
115.000 19.379
120.000 21.716
125.000 25.660
130.000 27.391
135.000 29.873
140.000 32.057
145.000 32.774
150.000 34.609
155.000 35.296
160.000 36.393
165.000 37.086
170.000 37.295
175.000 37.845
180.000 37.976
185.000 38.529
190.000 39.143
195.000 39.586
200.000 40.367
205.000 40.727
210.000 41.495
215.000 42.339
220.000 43.150
225.000 43.412
230.000 43.790
235.000 44.311
240.000 44.625
245.000 45.179
250.000 45.707
255.000 45.910
260.000 46.381
265.000 46.621
270.000 47.115
275.000 47.639
280.000 47.808
285.000 48.276
290.000 48.404
295.000 48.825
300.000 49.244
305.000 49.438
310.000 49.907
315.000 50.170
320.000 50.763
325.000 51.472
330.000 51.795
335.000 52.597
340.000 53.064
345.000 53.945
350.000 55.004
355.000 55.526
360.000 56.661
365.000 57.259
370.000 58.506
375.000 59.798
380.000 60.442
385.000 61.796
390.000 62.533
395.000 64.040
400.000 65.473
405.000 66.133
410.000 67.748
415.000 68.176
420.000 69.870
425.000 71.083
430.000 71.488
435.000 72.471
440.000 72.752
445.000 73.149
450.000 73.169
455.000 72.728
460.000 71.698
465.000 70.638
470.000 67.827
475.000 64.564
480.000 62.191
485.000 58.543
490.000 56.784
495.000 53.438
500.000 50.442
505.000 49.000
510.000 46.274
515.000 45.061
520.000 42.462
525.000 40.136
530.000 38.939
535.000 36.545
540.000 35.327
545.000 32.927
550.000 30.598
555.000 29.505
560.000 27.549
565.000 26.635
570.000 24.943
575.000 23.416
580.000 22.684
585.000 21.356
590.000 20.731
595.000 19.541
600.000 18.432
605.000 17.904
610.000 16.923
615.000 16.448
620.000 15.537
625.000 14.673
630.000 14.249
635.000 13.443
640.000 13.049
645.000 12.261
650.000 11.368
655.000 10.817
660.000 9.811
665.000 8.911
670.000 8.502
675.000 7.729
680.000 7.399
685.000 6.825
690.000 6.578
695.000 6.155
700.000 5.903
705.000 5.784
710.000 5.564
715.000 5.460
720.000 5.248
725.000 5.048
730.000 4.941
735.000 4.725
740.000 4.589
745.000 4.325
750.000 4.076
755.000 3.965
760.000 3.748
765.000 3.652
770.000 3.463
775.000 3.289
780.000 3.222
785.000 3.077
790.000 3.023
795.000 2.912
800.000 2.803
805.000 2.761
810.000 2.654
815.000 2.590
820.000 2.466
825.000 2.408
830.000 2.292
835.000 2.193
840.000 2.140
845.000 2.053
850.000 2.011
855.000 1.931
860.000 1.857
865.000 1.819
870.000 1.750
875.000 1.713
880.000 1.651
885.000 1.589
890.000 1.565
895.000 1.514
900.000 1.480
905.000 1.430
910.000 1.381
915.000 1.356
920.000 1.311
925.000 1.290
930.000 1.247
935.000 1.210
940.000 1.185
945.000 1.150
950.000 1.128
955.000 1.094
960.000 1.061
965.000 1.052
970.000 1.016
975.000 1.006
980.000 0.985
985.000 0.955
990.000 0.947
995.000 0.920
1000.000 0.917
1005.000 0.888
1010.000 0.865
1015.000 0.854
1020.000 0.862
1025.000 0.847
1030.000 0.837
1035.000 0.823
1040.000 0.813
1045.000 0.805
1050.000 0.805
1055.000 0.791
1060.000 0.786
1065.000 0.789
1070.000 0.776
1075.000 0.774
1080.000 0.773
1085.000 0.776
1090.000 0.775
1095.000 0.775
1100.000 0.774
1105.000 0.778
1110.000 0.784
1115.000 0.785
1120.000 0.790
1125.000 0.792
1130.000 0.797
1135.000 0.806
1140.000 0.812
1145.000 0.820
1150.000 0.826
1155.000 0.834
1160.000 0.846
1165.000 0.849
1170.000 0.858
1175.000 0.869
1180.000 0.879
1185.000 0.893
1190.000 0.900
1195.000 0.911
1200.000 0.918
1205.000 0.932
1210.000 0.944
1215.000 0.952
1220.000 0.967
1225.000 0.975
1230.000 0.991
1235.000 1.008
1240.000 1.016
1245.000 1.026
1250.000 1.037
1255.000 1.051
1260.000 1.070
1265.000 1.074
1270.000 1.093
1275.000 1.099
1280.000 1.115
1285.000 1.132
1290.000 1.140
1295.000 1.156
1300.000 1.166
1305.000 1.182
1310.000 1.199
1315.000 1.207
1320.000 1.223
1325.000 1.231
1330.000 1.245
1335.000 1.265
1340.000 1.276
1345.000 1.305
1350.000 1.315
1355.000 1.329
1360.000 1.342
1365.000 1.348
1370.000 1.364
1375.000 1.369
1380.000 1.389
1385.000 1.410
1390.000 1.419
1395.000 1.438
1400.000 1.448
1405.000 1.470
1410.000 1.489
1415.000 1.503
1420.000 1.522
1425.000 1.534
1430.000 1.550
1435.000 1.557
1440.000 1.578
1445.000 1.600
1450.000 1.610
1455.000 1.631
1460.000 1.638
1465.000 1.659
1470.000 1.680
1475.000 1.689
1480.000 1.709
1485.000 1.718
1490.000 1.740
1495.000 1.758
1500.000 1.766
1505.000 1.785
1510.000 1.794
1515.000 1.811
1520.000 1.826
1525.000 1.835
1530.000 1.850
1535.000 1.858
1540.000 1.869
1545.000 1.880
1550.000 1.886
1555.000 1.897
1560.000 1.898
1565.000 1.903
1570.000 1.905
1575.000 1.904
1580.000 1.903
1585.000 1.903
1590.000 1.895
1595.000 1.883
1600.000 1.877
1605.000 1.861
1610.000 1.854
1615.000 1.826
1620.000 1.804
1625.000 1.791
1630.000 1.768
1635.000 1.756
1640.000 1.741
1645.000 1.726
1650.000 1.734
1655.000 1.750
1660.000 1.766
1665.000 1.825
1670.000 1.903
1675.000 1.951
1680.000 2.065
1685.000 2.194
1690.000 2.277
1695.000 2.413
1700.000 2.484
1705.000 2.622
1710.000 2.695
1715.000 2.820
1720.000 2.944
1725.000 2.998
1730.000 3.103
1735.000 3.157
1740.000 3.262
1745.000 3.358
1750.000 3.402
1755.000 3.488
1760.000 3.528
1765.000 3.608
1770.000 3.693
1775.000 3.726
1780.000 3.808
1785.000 3.842
1790.000 3.910
1795.000 3.980
1800.000 4.014
1805.000 4.080
1810.000 4.111
1815.000 4.171
1820.000 4.232
1825.000 4.257
1830.000 4.326
1835.000 4.360
1840.000 4.416
1845.000 4.477
1850.000 4.497
1855.000 4.557
1860.000 4.580
1865.000 4.640
1870.000 4.691
1875.000 4.716
1880.000 4.786
1885.000 4.819
1890.000 4.859
1895.000 4.912
1900.000 4.942
1905.000 4.989
1910.000 5.014
1915.000 5.054
1920.000 5.099
1925.000 5.128
1930.000 5.170
1935.000 5.180
1940.000 5.205
1945.000 5.229
1950.000 5.245
1955.000 5.278
1960.000 5.285
1965.000 5.304
1970.000 5.327
1975.000 5.333
1980.000 5.358
1985.000 5.372
1990.000 5.391
1995.000 5.412
2000.000 5.412
2005.000 5.436
2010.000 5.455
2015.000 5.439
2020.000 5.441
2025.000 5.475
2030.000 5.469
2035.000 5.481
2040.000 5.466
2045.000 5.469
2050.000 5.477
2055.000 5.460
2060.000 5.459
2065.000 5.461
2070.000 5.463
2075.000 5.460
2080.000 5.451
2085.000 5.442
2090.000 5.434
2095.000 5.429
2100.000 5.421
2105.000 5.406
2110.000 5.387
2115.000 5.361
2120.000 5.348
2125.000 5.319
2130.000 5.286
2135.000 5.276
2140.000 5.244
2145.000 5.228
2150.000 5.196
2155.000 5.159
2160.000 5.146
2165.000 5.109
2170.000 5.089
2175.000 5.058
2180.000 5.020
2185.000 5.007
2190.000 4.972
2195.000 4.955
2200.000 4.917
2205.000 4.876
2210.000 4.858
2215.000 4.813
2220.000 4.798
2225.000 4.752
2230.000 4.702
2235.000 4.681
2240.000 4.632
2245.000 4.607
2250.000 4.570
2255.000 4.526
2260.000 4.504
2265.000 4.463
2270.000 4.448
2275.000 4.409
2280.000 4.374
2285.000 4.360
2290.000 4.323
2295.000 4.304
2300.000 4.264
2305.000 4.231
2310.000 4.215
2315.000 4.181
2320.000 4.166
2325.000 4.136
2330.000 4.110
2335.000 4.099
2340.000 4.050
2345.000 4.028
2350.000 3.991
2355.000 3.965
2360.000 3.948
2365.000 3.922
2370.000 3.905
2375.000 3.872
2380.000 3.836
2385.000 3.823
2390.000 3.796
2395.000 3.777
2400.000 3.748
2405.000 3.718
2410.000 3.701
2415.000 3.676
2420.000 3.664
2425.000 3.637
2430.000 3.610
2435.000 3.596
2440.000 3.575
2445.000 3.569
2450.000 3.547
2455.000 3.529
2460.000 3.519
2465.000 3.506
2470.000 3.496
2475.000 3.465
2480.000 3.439
2485.000 3.427
2490.000 3.403
2495.000 3.397
2500.000 3.378
2505.000 3.355
2510.000 3.345
2515.000 3.330
2520.000 3.321
2525.000 3.300
2530.000 3.285
2535.000 3.278
2540.000 3.260
2545.000 3.253
2550.000 3.234
2555.000 3.221
2560.000 3.214
2565.000 3.194
2570.000 3.190
2575.000 3.175
2580.000 3.165
2585.000 3.158
2590.000 3.153
2595.000 3.148
2600.000 3.139
2605.000 3.133
2610.000 3.119
2615.000 3.105
2620.000 3.101
2625.000 3.083
2630.000 3.083
2635.000 3.068
2640.000 3.059
2645.000 3.051
2650.000 3.038
2655.000 3.034
2660.000 3.029
2665.000 3.015
2670.000 3.013
2675.000 3.005
2680.000 3.005
2685.000 2.992
2690.000 2.991
2695.000 2.984
2700.000 2.979
2705.000 2.975
2710.000 2.968
2715.000 2.966
2720.000 2.966
2725.000 2.956
2730.000 2.956
2735.000 2.952
2740.000 2.948
2745.000 2.946
2750.000 2.946
2755.000 2.945
2760.000 2.949
2765.000 2.948
2770.000 2.948
2775.000 2.951
2780.000 2.944
2785.000 2.941
2790.000 2.932
2795.000 2.931
2800.000 2.930
2805.000 2.929
2810.000 2.930
2815.000 2.930
2820.000 2.930
2825.000 2.931
2830.000 2.932
2835.000 2.931
2840.000 2.930
2845.000 2.934
2850.000 2.937
2855.000 2.938
2860.000 2.942
2865.000 2.945
2870.000 2.948
2875.000 2.950
2880.000 2.952
2885.000 2.955
2890.000 2.959
2895.000 2.962
2900.000 2.971
2905.000 2.974
2910.000 2.977
2915.000 2.984
2920.000 2.989
2925.000 2.996
2930.000 3.004
2935.000 3.010
2940.000 3.018
2945.000 3.023
2950.000 3.039
2955.000 3.042
2960.000 3.049
2965.000 3.057
2970.000 3.068
2975.000 3.079
2980.000 3.082
2985.000 3.098
2990.000 3.099
2995.000 3.115
3000.000 3.120
3005.000 3.141
3010.000 3.158
3015.000 3.164
3020.000 3.168
3025.000 3.199
3030.000 3.196
3035.000 3.223
3040.000 3.238
3045.000 3.244
3050.000 3.264
3055.000 3.271
3060.000 3.294
3065.000 3.320
3070.000 3.328
3075.000 3.348
3080.000 3.357
3085.000 3.392
3090.000 3.417
3095.000 3.429
3100.000 3.459
3105.000 3.471
3110.000 3.498
3115.000 3.531
3120.000 3.550
3125.000 3.578
3130.000 3.597
3135.000 3.636
3140.000 3.674
3145.000 3.701
3150.000 3.747
3155.000 3.777
3160.000 3.823
3165.000 3.872
3170.000 3.885
3175.000 3.917
3180.000 3.937
3185.000 3.980
3190.000 4.025
3195.000 4.056
3200.000 4.106
3205.000 4.139
3210.000 4.200
3215.000 4.233
3220.000 4.294
3225.000 4.372
3230.000 4.403
3235.000 4.471
3240.000 4.507
3245.000 4.590
3250.000 4.672
3255.000 4.710
3260.000 4.780
3265.000 4.827
3270.000 4.935
3275.000 5.027
3280.000 5.086
3285.000 5.192
3290.000 5.246
3295.000 5.362
3300.000 5.485
3305.000 5.551
3310.000 5.685
3315.000 5.757
3320.000 5.896
3325.000 6.060
3330.000 6.144
3335.000 6.334
3340.000 6.424
3345.000 6.628
3350.000 6.832
3355.000 6.950
3360.000 7.198
3365.000 7.324
3370.000 7.609
3375.000 7.906
3380.000 8.058
3385.000 8.379
3390.000 8.548
3395.000 8.919
3400.000 9.340
3405.000 9.566
3410.000 9.970
3415.000 10.181
3420.000 10.624
3425.000 11.121
3430.000 11.397
3435.000 11.974
3440.000 12.276
3445.000 12.920
3450.000 13.619
3455.000 13.968
3460.000 14.683
3465.000 15.043
3470.000 15.742
3475.000 16.386
3480.000 16.674
3485.000 17.134
3490.000 17.301
3495.000 17.479
3500.000 17.462
3505.000 17.237
3510.000 16.756
3515.000 16.454
3520.000 15.740
3525.000 15.332
3530.000 14.498
3535.000 13.651
3540.000 13.256
3545.000 12.441
3550.000 12.048
3555.000 11.316
3560.000 10.641
3565.000 10.323
3570.000 9.726
3575.000 9.449
3580.000 8.929
3585.000 8.447
3590.000 8.223
3595.000 7.805
3600.000 7.611
3605.000 7.234
3610.000 6.889
3615.000 6.723
3620.000 6.410
3625.000 6.261
3630.000 5.981
3635.000 5.726
3640.000 5.605
3645.000 5.378
3650.000 5.266
3655.000 5.064
3660.000 4.866
3665.000 4.781
3670.000 4.611
3675.000 4.538
3680.000 4.393
3685.000 4.239
3690.000 4.188
3695.000 4.043
3700.000 3.968
3705.000 3.838
3710.000 3.708
3715.000 3.648
3720.000 3.535
3725.000 3.482
3730.000 3.373
3735.000 3.250
3740.000 3.183
3745.000 3.062
3750.000 3.008
3755.000 2.892
3760.000 2.795
3765.000 2.748
3770.000 2.657
3775.000 2.614
3780.000 2.532
3785.000 2.459
3790.000 2.419
3795.000 2.350
3800.000 2.314
3805.000 2.255
3810.000 2.195
3815.000 2.169
3820.000 2.112
3825.000 2.084
3830.000 2.031
3835.000 1.973
3840.000 1.941
3845.000 1.883
3850.000 1.853
3855.000 1.798
3860.000 1.746
3865.000 1.722
3870.000 1.674
3875.000 1.650
3880.000 1.611
3885.000 1.567
3890.000 1.549
3895.000 1.505
3900.000 1.490
3905.000 1.453
3910.000 1.417
3915.000 1.400
3920.000 1.369
3925.000 1.355
3930.000 1.324
3935.000 1.297
3940.000 1.279
3945.000 1.250
3950.000 1.236
3955.000 1.211
3960.000 1.184
3965.000 1.179
3970.000 1.148
3975.000 1.145
3980.000 1.124
3985.000 1.091
3990.000 1.082
3995.000 1.059
4000.000 1.061
4005.000 1.031
4010.000 1.007
4015.000 1.000
4020.000 1.005
4025.000 0.986
4030.000 0.963
4035.000 0.952
4040.000 0.940
4045.000 0.924
4050.000 0.920
4055.000 0.896
4060.000 0.882
4065.000 0.880
4070.000 0.865
4075.000 0.855
4080.000 0.844
4085.000 0.829
4090.000 0.825
4095.000 0.813
4100.000 0.807
4105.000 0.792
4110.000 0.786
4115.000 0.774
4120.000 0.765
4125.000 0.759
4130.000 0.748
4135.000 0.744
4140.000 0.733
4145.000 0.724
4150.000 0.719
4155.000 0.711
4160.000 0.707
4165.000 0.697
4170.000 0.689
4175.000 0.684
4180.000 0.676
4185.000 0.671
4190.000 0.661
4195.000 0.654
4200.000 0.650
4205.000 0.642
4210.000 0.638
4215.000 0.629
4220.000 0.621
4225.000 0.613
4230.000 0.606
4235.000 0.600
4240.000 0.589
4245.000 0.576
4250.000 0.569
4255.000 0.554
4260.000 0.547
4265.000 0.533
4270.000 0.520
4275.000 0.515
4280.000 0.502
4285.000 0.497
4290.000 0.489
4295.000 0.480
4300.000 0.474
4305.000 0.467
4310.000 0.464
4315.000 0.457
4320.000 0.450
4325.000 0.443
4330.000 0.442
4335.000 0.438
4340.000 0.432
4345.000 0.428
4350.000 0.427
4355.000 0.420
4360.000 0.417
4365.000 0.410
4370.000 0.407
4375.000 0.405
4380.000 0.400
4385.000 0.394
4390.000 0.392
4395.000 0.388
4400.000 0.386
4405.000 0.382
4410.000 0.379
4415.000 0.373
4420.000 0.372
4425.000 0.369
4430.000 0.365
4435.000 0.361
4440.000 0.358
4445.000 0.354
4450.000 0.351
4455.000 0.347
4460.000 0.347
4465.000 0.342
4470.000 0.340
4475.000 0.337
4480.000 0.334
4485.000 0.332
4490.000 0.328
4495.000 0.327
4500.000 0.326
4505.000 0.325
4510.000 0.322
4515.000 0.319
4520.000 0.318
4525.000 0.317
4530.000 0.317
4535.000 0.318
4540.000 0.316
4545.000 0.316
4550.000 0.315
4555.000 0.315
4560.000 0.316
4565.000 0.315
4570.000 0.318
4575.000 0.318
4580.000 0.318
4585.000 0.320
4590.000 0.322
4595.000 0.325
4600.000 0.328
4605.000 0.332
4610.000 0.333
4615.000 0.338
4620.000 0.344
4625.000 0.345
4630.000 0.350
4635.000 0.353
4640.000 0.358
4645.000 0.363
4650.000 0.366
4655.000 0.369
4660.000 0.367
4665.000 0.370
4670.000 0.372
4675.000 0.372
4680.000 0.374
4685.000 0.371
4690.000 0.373
4695.000 0.370
4700.000 0.361
4705.000 0.357
4710.000 0.354
4715.000 0.345
4720.000 0.338
4725.000 0.329
4730.000 0.316
4735.000 0.306
4740.000 0.295
4745.000 0.287
4750.000 0.271
4755.000 0.256
4760.000 0.251
4765.000 0.236
4770.000 0.229
4775.000 0.214
4780.000 0.202
4785.000 0.193
4790.000 0.181
4795.000 0.175
4800.000 0.164
4805.000 0.154
4810.000 0.148
4815.000 0.138
4820.000 0.136
4825.000 0.129
4830.000 0.126
4835.000 0.126
4840.000 0.128
4845.000 0.128
4850.000 0.132
4855.000 0.139
4860.000 0.144
4865.000 0.151
4870.000 0.156
4875.000 0.170
4880.000 0.182
4885.000 0.191
4890.000 0.205
4895.000 0.216
4900.000 0.233
4905.000 0.252
4910.000 0.262
4915.000 0.289
4920.000 0.299
4925.000 0.323
4930.000 0.351
4935.000 0.365
4940.000 0.399
4945.000 0.419
4950.000 0.457
4955.000 0.497
4960.000 0.524
4965.000 0.563
4970.000 0.568
4975.000 0.605
4980.000 0.640
4985.000 0.655
4990.000 0.686
4995.000 0.701
5000.000 0.723
5005.000 0.769
5010.000 0.779
5015.000 0.815
5020.000 0.825
5025.000 0.861
5030.000 0.897
5035.000 0.903
5040.000 0.926
5045.000 0.943
5050.000 0.977
5055.000 1.002
5060.000 1.027
5065.000 1.055
5070.000 1.070
5075.000 1.102
5080.000 1.128
5085.000 1.139
5090.000 1.170
5095.000 1.182
5100.000 1.208
5105.000 1.231
5110.000 1.244
5115.000 1.268
5120.000 1.276
5125.000 1.299
5130.000 1.320
5135.000 1.329
5140.000 1.344
5145.000 1.354
5150.000 1.373
5155.000 1.382
5160.000 1.394
5165.000 1.405
5170.000 1.408
5175.000 1.414
5180.000 1.427
5185.000 1.427
5190.000 1.435
5195.000 1.435
5200.000 1.439
5205.000 1.446
5210.000 1.446
5215.000 1.443
5220.000 1.441
5225.000 1.440
5230.000 1.437
5235.000 1.438
5240.000 1.435
5245.000 1.434
5250.000 1.430
5255.000 1.428
5260.000 1.424
5265.000 1.420
5270.000 1.420
5275.000 1.419
5280.000 1.417
5285.000 1.409
5290.000 1.408
5295.000 1.405
5300.000 1.401
5305.000 1.394
5310.000 1.386
5315.000 1.376
5320.000 1.375
5325.000 1.368
5330.000 1.366
5335.000 1.360
5340.000 1.351
5345.000 1.350
5350.000 1.345
5355.000 1.339
5360.000 1.335
5365.000 1.328
5370.000 1.324
5375.000 1.322
5380.000 1.321
5385.000 1.313
5390.000 1.304
5395.000 1.302
5400.000 1.298
5405.000 1.295
5410.000 1.295
5415.000 1.288
5420.000 1.288
5425.000 1.278
5430.000 1.276
5435.000 1.273
5440.000 1.269
5445.000 1.269
5450.000 1.266
5455.000 1.266
5460.000 1.266
5465.000 1.260
5470.000 1.259
5475.000 1.251
5480.000 1.250
5485.000 1.249
5490.000 1.242
5495.000 1.238
5500.000 1.241
5505.000 1.241
5510.000 1.244
5515.000 1.248
5520.000 1.251
5525.000 1.236
5530.000 1.249
5535.000 1.249
5540.000 1.230
5545.000 1.220
5550.000 1.219
5555.000 1.218
5560.000 1.213
5565.000 1.212
5570.000 1.211
5575.000 1.209
5580.000 1.208
5585.000 1.207
5590.000 1.205
5595.000 1.204
5600.000 1.202
5605.000 1.198
5610.000 1.204
5615.000 1.201
5620.000 1.205
5625.000 1.201
5630.000 1.201
5635.000 1.200
5640.000 1.202
5645.000 1.200
5650.000 1.197
5655.000 1.196
5660.000 1.198
5665.000 1.191
5670.000 1.191
5675.000 1.192
5680.000 1.190
5685.000 1.191
5690.000 1.194
5695.000 1.192
5700.000 1.191
5705.000 1.190
5710.000 1.190
5715.000 1.195
5720.000 1.191
5725.000 1.187
5730.000 1.189
5735.000 1.190
5740.000 1.189
5745.000 1.193
5750.000 1.193
5755.000 1.193
5760.000 1.195
5765.000 1.194
5770.000 1.191
5775.000 1.199
5780.000 1.200
5785.000 1.200
5790.000 1.206
5795.000 1.209
5800.000 1.206
5805.000 1.206
5810.000 1.199
5815.000 1.199
5820.000 1.202
5825.000 1.199
5830.000 1.204
5835.000 1.203
5840.000 1.207
5845.000 1.210
5850.000 1.212
5855.000 1.214
5860.000 1.220
5865.000 1.218
5870.000 1.222
5875.000 1.223
5880.000 1.226
5885.000 1.230
5890.000 1.230
5895.000 1.233
5900.000 1.237
5905.000 1.236
5910.000 1.239
5915.000 1.239
5920.000 1.239
5925.000 1.244
5930.000 1.245
5935.000 1.254
5940.000 1.256
5945.000 1.266
5950.000 1.263
5955.000 1.261
5960.000 1.272
5965.000 1.267
5970.000 1.279
5975.000 1.269
5980.000 1.268
5985.000 1.282
5990.000 1.292
5995.000 1.293
6000.000 1.298
6005.000 1.300
6010.000 1.299
6015.000 1.306
6020.000 1.316
6025.000 1.326
6030.000 1.311
6035.000 1.328
6040.000 1.321
6045.000 1.326
6050.000 1.343
6055.000 1.338
6060.000 1.343
6065.000 1.352
6070.000 1.360
6075.000 1.360
6080.000 1.357
6085.000 1.368
6090.000 1.366
6095.000 1.371
6100.000 1.379
6105.000 1.380
6110.000 1.382
6115.000 1.382
6120.000 1.389
6125.000 1.397
6130.000 1.397
6135.000 1.408
6140.000 1.407
6145.000 1.413
6150.000 1.419
6155.000 1.423
6160.000 1.433
6165.000 1.436
6170.000 1.439
6175.000 1.447
6180.000 1.452
6185.000 1.457
6190.000 1.461
6195.000 1.471
6200.000 1.480
6205.000 1.480
6210.000 1.491
6215.000 1.494
6220.000 1.503
6225.000 1.516
6230.000 1.519
6235.000 1.524
6240.000 1.530
6245.000 1.538
6250.000 1.548
6255.000 1.561
6260.000 1.566
6265.000 1.571
6270.000 1.584
6275.000 1.591
6280.000 1.595
6285.000 1.617
6290.000 1.618
6295.000 1.635
6300.000 1.656
6305.000 1.680
6310.000 1.713
6315.000 1.712
6320.000 1.726
6325.000 1.718
6330.000 1.715
6335.000 1.717
6340.000 1.717
6345.000 1.730
6350.000 1.740
6355.000 1.745
6360.000 1.760
6365.000 1.768
6370.000 1.780
6375.000 1.788
6380.000 1.796
6385.000 1.816
6390.000 1.819
6395.000 1.839
6400.000 1.858
6405.000 1.866
6410.000 1.880
6415.000 1.895
6420.000 1.915
6425.000 1.929
6430.000 1.941
6435.000 1.966
6440.000 1.982
6445.000 2.008
6450.000 2.022
6455.000 2.035
6460.000 2.054
6465.000 2.070
6470.000 2.088
6475.000 2.100
6480.000 2.131
6485.000 2.157
6490.000 2.172
6495.000 2.202
6500.000 2.211
6505.000 2.240
6510.000 2.274
6515.000 2.286
6520.000 2.315
6525.000 2.331
6530.000 2.364
6535.000 2.397
6540.000 2.415
6545.000 2.442
6550.000 2.466
6555.000 2.503
6560.000 2.545
6565.000 2.560
6570.000 2.604
6575.000 2.627
6580.000 2.671
6585.000 2.718
6590.000 2.742
6595.000 2.791
6600.000 2.814
6605.000 2.866
6610.000 2.921
6615.000 2.950
6620.000 3.012
6625.000 3.047
6630.000 3.102
6635.000 3.166
6640.000 3.196
6645.000 3.262
6650.000 3.299
6655.000 3.379
6660.000 3.456
6665.000 3.492
6670.000 3.579
6675.000 3.627
6680.000 3.718
6685.000 3.812
6690.000 3.860
6695.000 3.967
6700.000 4.025
6705.000 4.146
6710.000 4.266
6715.000 4.328
6720.000 4.464
6725.000 4.541
6730.000 4.691
6735.000 4.855
6740.000 4.942
6745.000 5.122
6750.000 5.214
6755.000 5.413
6760.000 5.638
6765.000 5.761
6770.000 6.027
6775.000 6.154
6780.000 6.447
6785.000 6.603
6790.000 6.941
6795.000 7.304
6800.000 7.506
6805.000 7.925
6810.000 8.140
6815.000 8.625
6820.000 9.252
6825.000 9.583
6830.000 10.310
6835.000 10.725
6840.000 11.666
6845.000 12.652
6850.000 13.213
6855.000 14.545
6860.000 15.280
6865.000 16.804
6870.000 18.303
6875.000 18.989
6880.000 19.991
6885.000 20.235
6890.000 20.064
6895.000 18.906
6900.000 18.146
6905.000 16.752
6910.000 16.191
6915.000 15.017
6920.000 13.831
6925.000 13.267
6930.000 12.186
6935.000 11.694
6940.000 10.770
6945.000 9.972
6950.000 9.598
6955.000 8.930
6960.000 8.634
6965.000 8.083
6970.000 7.582
6975.000 7.362
6980.000 6.933
6985.000 6.737
6990.000 6.360
6995.000 6.028
7000.000 5.880
7005.000 5.594
7010.000 5.458
7015.000 5.207
7020.000 4.987
7025.000 4.864
7030.000 4.663
7035.000 4.581
7040.000 4.395
7045.000 4.222
7050.000 4.145
7055.000 3.985
7060.000 3.908
7065.000 3.768
7070.000 3.645
7075.000 3.583
7080.000 3.456
7085.000 3.345
7090.000 3.276
7095.000 3.118
7100.000 3.049
7105.000 2.904
7110.000 2.839
7115.000 2.712
7120.000 2.600
7125.000 2.550
7130.000 2.449
7135.000 2.401
7140.000 2.311
7145.000 2.231
7150.000 2.194
7155.000 2.117
7160.000 2.085
7165.000 2.019
7170.000 1.948
7175.000 1.915
7180.000 1.854
7185.000 1.823
7190.000 1.771
7195.000 1.719
7200.000 1.693
7205.000 1.645
7210.000 1.624
7215.000 1.579
7220.000 1.539
7225.000 1.521
7230.000 1.481
7235.000 1.464
7240.000 1.429
7245.000 1.396
7250.000 1.377
7255.000 1.347
7260.000 1.332
7265.000 1.303
7270.000 1.274
7275.000 1.260
7280.000 1.236
7285.000 1.221
7290.000 1.198
7295.000 1.174
7300.000 1.165
7305.000 1.141
7310.000 1.131
7315.000 1.112
7320.000 1.092
7325.000 1.071
7330.000 1.062
7335.000 1.051
7340.000 1.035
7345.000 1.016
7350.000 1.006
7355.000 0.990
7360.000 0.981
7365.000 0.968
7370.000 0.957
7375.000 0.944
7380.000 0.929
7385.000 0.920
7390.000 0.912
7395.000 0.900
7400.000 0.891
7405.000 0.873
7410.000 0.868
7415.000 0.854
7420.000 0.851
7425.000 0.832
7430.000 0.825
7435.000 0.817
7440.000 0.807
7445.000 0.799
7450.000 0.790
7455.000 0.780
7460.000 0.772
7465.000 0.762
7470.000 0.756
7475.000 0.748
7480.000 0.738
7485.000 0.733
7490.000 0.724
7495.000 0.720
7500.000 0.710
7505.000 0.700
7510.000 0.697
7515.000 0.689
7520.000 0.685
7525.000 0.677
7530.000 0.668
7535.000 0.665
7540.000 0.657
7545.000 0.654
7550.000 0.646
7555.000 0.640
7560.000 0.638
7565.000 0.628
7570.000 0.626
7575.000 0.620
7580.000 0.612
7585.000 0.610
7590.000 0.602
7595.000 0.600
7600.000 0.594
7605.000 0.585
7610.000 0.584
7615.000 0.577
7620.000 0.575
7625.000 0.570
7630.000 0.563
7635.000 0.560
7640.000 0.556
7645.000 0.553
7650.000 0.549
7655.000 0.543
7660.000 0.539
7665.000 0.535
7670.000 0.534
7675.000 0.528
7680.000 0.524
7685.000 0.522
7690.000 0.517
7695.000 0.514
7700.000 0.510
7705.000 0.505
7710.000 0.504
7715.000 0.496
7720.000 0.497
7725.000 0.491
7730.000 0.489
7735.000 0.486
7740.000 0.484
7745.000 0.479
7750.000 0.477
7755.000 0.474
7760.000 0.473
7765.000 0.470
7770.000 0.467
7775.000 0.462
7780.000 0.460
7785.000 0.458
7790.000 0.455
7795.000 0.451
7800.000 0.451
7805.000 0.447
7810.000 0.445
7815.000 0.441
7820.000 0.442
7825.000 0.437
7830.000 0.433
7835.000 0.431
7840.000 0.430
7845.000 0.428
7850.000 0.425
7855.000 0.420
7860.000 0.420
7865.000 0.418
7870.000 0.415
7875.000 0.415
7880.000 0.411
7885.000 0.411
7890.000 0.406
7895.000 0.406
7900.000 0.401
7905.000 0.400
7910.000 0.398
7915.000 0.395
7920.000 0.393
7925.000 0.390
7930.000 0.387
7935.000 0.386
7940.000 0.386
7945.000 0.383
7950.000 0.379
7955.000 0.381
7960.000 0.375
7965.000 0.375
7970.000 0.379
7975.000 0.382
7980.000 0.385
7985.000 0.388
7990.000 0.377
7995.000 0.384
8000.000 0.376
8005.000 0.380
8010.000 0.375
8015.000 0.374
8020.000 0.372
8025.000 0.368
8030.000 0.364
8035.000 0.363
8040.000 0.362
8045.000 0.359
8050.000 0.361
8055.000 0.362
8060.000 0.359
8065.000 0.355
8070.000 0.355
8075.000 0.352
8080.000 0.351
8085.000 0.347
8090.000 0.346
8095.000 0.345
8100.000 0.343
8105.000 0.342
8110.000 0.339
8115.000 0.336
8120.000 0.338
8125.000 0.333
8130.000 0.334
8135.000 0.331
8140.000 0.330
8145.000 0.331
8150.000 0.328
8155.000 0.327
8160.000 0.326
8165.000 0.326
8170.000 0.324
8175.000 0.324
8180.000 0.322
8185.000 0.321
8190.000 0.323
8195.000 0.319
8200.000 0.317
8205.000 0.317
8210.000 0.319
8215.000 0.318
8220.000 0.313
8225.000 0.313
8230.000 0.313
8235.000 0.312
8240.000 0.310
8245.000 0.309
8250.000 0.312
8255.000 0.308
8260.000 0.308
8265.000 0.305
8270.000 0.306
8275.000 0.301
8280.000 0.301
8285.000 0.301
8290.000 0.300
8295.000 0.297
8300.000 0.296
8305.000 0.297
8310.000 0.293
8315.000 0.293
8320.000 0.292
8325.000 0.289
8330.000 0.289
8335.000 0.288
8340.000 0.286
8345.000 0.286
8350.000 0.285
8355.000 0.286
8360.000 0.284
8365.000 0.280
8370.000 0.281
8375.000 0.279
8380.000 0.280
8385.000 0.280
8390.000 0.277
8395.000 0.277
8400.000 0.276
8405.000 0.274
8410.000 0.273
8415.000 0.273
8420.000 0.272
8425.000 0.273
8430.000 0.270
8435.000 0.269
8440.000 0.265
8445.000 0.265
8450.000 0.265
8455.000 0.264
8460.000 0.264
8465.000 0.261
8470.000 0.259
8475.000 0.259
8480.000 0.258
8485.000 0.257
8490.000 0.256
8495.000 0.256
8500.000 0.254
8505.000 0.252
8510.000 0.251
8515.000 0.250
8520.000 0.249
8525.000 0.248
8530.000 0.249
8535.000 0.248
8540.000 0.245
8545.000 0.243
8550.000 0.243
8555.000 0.240
8560.000 0.242
8565.000 0.240
8570.000 0.241
8575.000 0.238
8580.000 0.237
8585.000 0.235
8590.000 0.238
8595.000 0.237
8600.000 0.234
8605.000 0.234
8610.000 0.234
8615.000 0.233
8620.000 0.232
8625.000 0.233
8630.000 0.230
8635.000 0.228
8640.000 0.230
8645.000 0.228
8650.000 0.226
8655.000 0.225
8660.000 0.226
8665.000 0.223
8670.000 0.219
8675.000 0.217
8680.000 0.214
8685.000 0.209
8690.000 0.207
8695.000 0.201
8700.000 0.197
8705.000 0.196
8710.000 0.196
8715.000 0.194
8720.000 0.196
8725.000 0.200
8730.000 0.199
8735.000 0.212
8740.000 0.200
8745.000 0.204
8750.000 0.207
8755.000 0.204
8760.000 0.205
8765.000 0.206
8770.000 0.204
8775.000 0.201
8780.000 0.204
8785.000 0.204
8790.000 0.200
8795.000 0.203
8800.000 0.201
8805.000 0.202
8810.000 0.201
8815.000 0.199
8820.000 0.209
8825.000 0.200
8830.000 0.195
8835.000 0.215
8840.000 0.212
8845.000 0.200
8850.000 0.198
8855.000 0.195
8860.000 0.196
8865.000 0.195
8870.000 0.195
8875.000 0.195
8880.000 0.193
8885.000 0.191
8890.000 0.191
8895.000 0.191
8900.000 0.190
8905.000 0.191
8910.000 0.190
8915.000 0.190
8920.000 0.190
8925.000 0.189
8930.000 0.187
8935.000 0.185
8940.000 0.186
8945.000 0.188
8950.000 0.184
8955.000 0.183
8960.000 0.185
8965.000 0.184
8970.000 0.187
8975.000 0.181
8980.000 0.183
8985.000 0.186
8990.000 0.183
8995.000 0.185
9000.000 0.179
9005.000 0.183
9010.000 0.184
9015.000 0.185
9020.000 0.177
9025.000 0.181
9030.000 0.179
9035.000 0.181
9040.000 0.181
9045.000 0.180
9050.000 0.176
9055.000 0.177
9060.000 0.176
9065.000 0.174
9070.000 0.178
9075.000 0.175
9080.000 0.176
9085.000 0.174
9090.000 0.175
9095.000 0.173
9100.000 0.172
9105.000 0.174
9110.000 0.171
9115.000 0.172
9120.000 0.170
9125.000 0.172
9130.000 0.171
9135.000 0.171
9140.000 0.169
9145.000 0.171
9150.000 0.170
9155.000 0.166
9160.000 0.169
9165.000 0.167
9170.000 0.168
9175.000 0.168
9180.000 0.168
9185.000 0.168
9190.000 0.167
9195.000 0.166
9200.000 0.165
9205.000 0.164
9210.000 0.165
9215.000 0.165
9220.000 0.166
9225.000 0.165
9230.000 0.166
9235.000 0.164
9240.000 0.164
9245.000 0.163
9250.000 0.163
9255.000 0.163
9260.000 0.162
9265.000 0.163
9270.000 0.165
9275.000 0.165
9280.000 0.164
9285.000 0.161
9290.000 0.164
9295.000 0.162
9300.000 0.162
9305.000 0.162
9310.000 0.164
9315.000 0.162
9320.000 0.162
9325.000 0.163
9330.000 0.163
9335.000 0.163
9340.000 0.164
9345.000 0.165
9350.000 0.164
9355.000 0.163
9360.000 0.163
9365.000 0.165
9370.000 0.165
9375.000 0.166
9380.000 0.166
9385.000 0.167
9390.000 0.164
9395.000 0.164
9400.000 0.165
9405.000 0.167
9410.000 0.168
9415.000 0.167
9420.000 0.169
9425.000 0.170
9430.000 0.168
9435.000 0.169
9440.000 0.171
9445.000 0.171
9450.000 0.170
9455.000 0.172
9460.000 0.174
9465.000 0.173
9470.000 0.173
9475.000 0.174
9480.000 0.175
9485.000 0.175
9490.000 0.177
9495.000 0.180
9500.000 0.178
9505.000 0.179
9510.000 0.183
9515.000 0.182
9520.000 0.185
9525.000 0.182
9530.000 0.185
9535.000 0.188
9540.000 0.186
9545.000 0.191
9550.000 0.190
9555.000 0.192
9560.000 0.195
9565.000 0.194
9570.000 0.198
9575.000 0.200
9580.000 0.200
9585.000 0.204
9590.000 0.205
9595.000 0.208
9600.000 0.208
9605.000 0.209
9610.000 0.219
9615.000 0.215
9620.000 0.219
9625.000 0.222
9630.000 0.223
9635.000 0.225
9640.000 0.228
9645.000 0.228
9650.000 0.229
9655.000 0.233
9660.000 0.237
9665.000 0.238
9670.000 0.238
9675.000 0.243
9680.000 0.246
9685.000 0.250
9690.000 0.251
9695.000 0.256
9700.000 0.258
9705.000 0.263
9710.000 0.270
9715.000 0.271
9720.000 0.277
9725.000 0.276
9730.000 0.281
9735.000 0.283
9740.000 0.289
9745.000 0.295
9750.000 0.298
9755.000 0.303
9760.000 0.304
9765.000 0.310
9770.000 0.316
9775.000 0.322
9780.000 0.325
9785.000 0.336
9790.000 0.341
9795.000 0.353
9800.000 0.357
9805.000 0.366
9810.000 0.369
9815.000 0.379
9820.000 0.387
9825.000 0.393
9830.000 0.403
9835.000 0.401
9840.000 0.412
9845.000 0.419
9850.000 0.423
9855.000 0.431
9860.000 0.435
9865.000 0.446
9870.000 0.454
9875.000 0.460
9880.000 0.471
9885.000 0.476
9890.000 0.485
9895.000 0.501
9900.000 0.505
9905.000 0.517
9910.000 0.522
9915.000 0.531
9920.000 0.541
9925.000 0.551
9930.000 0.567
9935.000 0.570
9940.000 0.587
9945.000 0.600
9950.000 0.609
9955.000 0.619
9960.000 0.623
9965.000 0.642
9970.000 0.661
9975.000 0.665
9980.000 0.683
9985.000 0.700
9990.000 0.721
9995.000 0.744
10000.000 0.749
10005.000 0.774
10010.000 0.787
10015.000 0.813
10020.000 0.835
10025.000 0.853
10030.000 0.875
10035.000 0.895
10040.000 0.915
10045.000 0.927
10050.000 0.964
10055.000 1.002
10060.000 1.016
10065.000 1.047
10070.000 1.069
10075.000 1.101
10080.000 1.146
10085.000 1.159
10090.000 1.204
10095.000 1.227
10100.000 1.274
10105.000 1.325
10110.000 1.350
10115.000 1.408
10120.000 1.433
10125.000 1.495
10130.000 1.558
10135.000 1.593
10140.000 1.670
10145.000 1.705
10150.000 1.787
10155.000 1.871
10160.000 1.919
10165.000 2.018
10170.000 2.072
10175.000 2.192
10180.000 2.316
10185.000 2.385
10190.000 2.547
10195.000 2.623
10200.000 2.790
10205.000 2.977
10210.000 3.073
10215.000 3.299
10220.000 3.423
10225.000 3.715
10230.000 4.045
10235.000 4.238
10240.000 4.644
10245.000 5.123
10250.000 5.382
10255.000 5.972
10260.000 6.279
10265.000 6.881
10270.000 7.191
10275.000 7.779
10280.000 8.161
10285.000 8.245
10290.000 8.188
10295.000 8.028
10300.000 7.548
10305.000 7.016
10310.000 6.740
10315.000 6.269
10320.000 6.053
10325.000 5.625
10330.000 5.336
10335.000 5.178
10340.000 4.859
10345.000 4.707
10350.000 4.416
10355.000 4.152
10360.000 4.024
10365.000 3.796
10370.000 3.702
10375.000 3.503
10380.000 3.324
10385.000 3.237
10390.000 3.098
10395.000 3.027
10400.000 2.885
10405.000 2.769
10410.000 2.714
10415.000 2.610
10420.000 2.557
10425.000 2.470
10430.000 2.384
10435.000 2.350
10440.000 2.275
10445.000 2.205
10450.000 2.170
10455.000 2.105
10460.000 2.075
10465.000 2.022
10470.000 1.998
10475.000 1.952
10480.000 1.901
10485.000 1.878
10490.000 1.837
10495.000 1.819
10500.000 1.785
10505.000 1.739
10510.000 1.720
10515.000 1.686
10520.000 1.675
10525.000 1.643
10530.000 1.619
10535.000 1.616
10540.000 1.590
10545.000 1.582
10550.000 1.561
10555.000 1.548
10560.000 1.543
10565.000 1.527
10570.000 1.520
10575.000 1.502
10580.000 1.481
10585.000 1.470
10590.000 1.445
10595.000 1.433
10600.000 1.412
10605.000 1.389
10610.000 1.380
10615.000 1.351
10620.000 1.346
10625.000 1.323
10630.000 1.314
10635.000 1.291
10640.000 1.272
10645.000 1.262
10650.000 1.240
10655.000 1.233
10660.000 1.216
10665.000 1.201
10670.000 1.190
10675.000 1.182
10680.000 1.173
10685.000 1.160
10690.000 1.138
10695.000 1.134
10700.000 1.122
10705.000 1.115
10710.000 1.102
10715.000 1.091
10720.000 1.082
10725.000 1.072
10730.000 1.066
10735.000 1.054
10740.000 1.045
10745.000 1.037
10750.000 1.030
10755.000 1.029
10760.000 1.016
10765.000 1.006
10770.000 1.000
10775.000 0.989
10780.000 0.988
10785.000 0.982
10790.000 0.966
10795.000 0.960
10800.000 0.951
10805.000 0.947
10810.000 0.938
10815.000 0.926
10820.000 0.929
10825.000 0.920
10830.000 0.916
10835.000 0.908
10840.000 0.901
10845.000 0.896
10850.000 0.892
10855.000 0.888
10860.000 0.884
10865.000 0.878
10870.000 0.875
10875.000 0.871
10880.000 0.863
10885.000 0.857
10890.000 0.845
10895.000 0.848
10900.000 0.839
10905.000 0.834
10910.000 0.827
10915.000 0.825
10920.000 0.824
10925.000 0.815
10930.000 0.815
10935.000 0.816
10940.000 0.811
10945.000 0.805
10950.000 0.801
10955.000 0.802
10960.000 0.795
10965.000 0.791
10970.000 0.793
10975.000 0.787
10980.000 0.786
10985.000 0.785
10990.000 0.776
10995.000 0.778
11000.000 0.777
11005.000 0.780
11010.000 0.771
11015.000 0.774
11020.000 0.766
11025.000 0.779
11030.000 0.772
11035.000 0.781
11040.000 0.768
11045.000 0.789
11050.000 0.777
11055.000 0.763
11060.000 0.748
11065.000 0.737
11070.000 0.734
11075.000 0.733
11080.000 0.729
11085.000 0.721
11090.000 0.725
11095.000 0.726
11100.000 0.714
11105.000 0.719
11110.000 0.717
11115.000 0.708
11120.000 0.706
11125.000 0.706
11130.000 0.707
11135.000 0.706
11140.000 0.703
11145.000 0.701
11150.000 0.699
11155.000 0.696
11160.000 0.690
11165.000 0.690
11170.000 0.690
11175.000 0.685
11180.000 0.682
11185.000 0.682
11190.000 0.672
11195.000 0.674
11200.000 0.670
11205.000 0.671
11210.000 0.669
11215.000 0.664
11220.000 0.661
11225.000 0.663
11230.000 0.662
11235.000 0.661
11240.000 0.661
11245.000 0.660
11250.000 0.655
11255.000 0.657
11260.000 0.656
11265.000 0.658
11270.000 0.656
11275.000 0.649
11280.000 0.649
11285.000 0.648
11290.000 0.648
11295.000 0.645
11300.000 0.641
11305.000 0.639
11310.000 0.638
11315.000 0.640
11320.000 0.636
11325.000 0.632
11330.000 0.629
11335.000 0.628
11340.000 0.627
11345.000 0.624
11350.000 0.622
11355.000 0.622
11360.000 0.625
11365.000 0.623
11370.000 0.622
11375.000 0.621
11380.000 0.621
11385.000 0.621
11390.000 0.617
11395.000 0.619
11400.000 0.623
11405.000 0.617
11410.000 0.616
11415.000 0.610
11420.000 0.610
11425.000 0.607
11430.000 0.607
11435.000 0.604
11440.000 0.608
11445.000 0.603
11450.000 0.600
11455.000 0.602
11460.000 0.600
11465.000 0.599
11470.000 0.600
11475.000 0.594
11480.000 0.596
11485.000 0.597
11490.000 0.594
11495.000 0.596
11500.000 0.596
11505.000 0.595
11510.000 0.591
11515.000 0.587
11520.000 0.586
11525.000 0.586
11530.000 0.583
11535.000 0.588
11540.000 0.587
11545.000 0.584
11550.000 0.584
11555.000 0.585
11560.000 0.580
11565.000 0.578
11570.000 0.574
11575.000 0.573
11580.000 0.575
11585.000 0.573
11590.000 0.571
11595.000 0.578
11600.000 0.573
11605.000 0.574
11610.000 0.569
11615.000 0.571
11620.000 0.569
11625.000 0.573
11630.000 0.571
11635.000 0.566
11640.000 0.569
11645.000 0.567
11650.000 0.566
11655.000 0.565
11660.000 0.570
11665.000 0.562
11670.000 0.560
11675.000 0.563
11680.000 0.562
11685.000 0.564
11690.000 0.562
11695.000 0.563
11700.000 0.563
11705.000 0.558
11710.000 0.556
11715.000 0.555
11720.000 0.555
11725.000 0.556
11730.000 0.555
11735.000 0.555
11740.000 0.555
11745.000 0.555
11750.000 0.557
11755.000 0.556
11760.000 0.554
11765.000 0.548
11770.000 0.546
11775.000 0.548
11780.000 0.547
11785.000 0.550
11790.000 0.550
11795.000 0.548
11800.000 0.545
11805.000 0.542
11810.000 0.542
11815.000 0.542
11820.000 0.545
11825.000 0.544
11830.000 0.538
11835.000 0.542
11840.000 0.543
11845.000 0.541
11850.000 0.538
11855.000 0.538
11860.000 0.541
11865.000 0.539
11870.000 0.536
11875.000 0.533
11880.000 0.530
11885.000 0.532
11890.000 0.532
11895.000 0.535
11900.000 0.533
11905.000 0.533
11910.000 0.534
11915.000 0.537
11920.000 0.537
11925.000 0.532
11930.000 0.532
11935.000 0.527
11940.000 0.530
11945.000 0.531
11950.000 0.528
11955.000 0.525
11960.000 0.527
11965.000 0.528
11970.000 0.529
11975.000 0.528
11980.000 0.528
11985.000 0.530
11990.000 0.527
11995.000 0.536
12000.000 0.535
