1801.000 0.007
1802.000 2.180
1803.000 2.229
1804.000 2.194
1805.000 2.136
1806.000 2.104
1807.000 2.108
1808.000 2.117
1809.000 2.128
1810.000 2.128
1811.000 2.138
1812.000 2.148
1813.000 2.159
1814.000 2.153
1815.000 2.167
1816.000 2.183
1817.000 2.189
1818.000 2.188
1819.000 2.212
1820.000 2.205
1821.000 2.203
1822.000 2.212
1823.000 2.214
1824.000 2.214
1825.000 2.212
1826.000 2.214
1827.000 2.201
1828.000 2.200
1829.000 2.189
1830.000 2.183
1831.000 2.159
1832.000 2.142
1833.000 2.108
1834.000 2.058
1835.000 2.008
1836.000 1.968
1837.000 1.926
1838.000 1.896
1839.000 1.880
1840.000 1.840
1841.000 1.812
1842.000 1.777
1843.000 1.762
1844.000 1.742
1845.000 1.733
1846.000 1.723
1847.000 1.715
1848.000 1.707
1849.000 1.689
1850.000 1.664
1851.000 1.662
1852.000 1.622
1853.000 1.582
1854.000 1.534
1855.000 1.471
1856.000 1.412
1857.000 1.351
1858.000 1.277
1859.000 1.215
1860.000 1.158
1861.000 1.110
1862.000 1.081
1863.000 1.044
1864.000 1.040
1865.000 1.037
1866.000 1.044
1867.000 1.046
1868.000 1.043
1869.000 1.050
1870.000 1.049
1871.000 1.054
1872.000 1.054
1873.000 1.057
1874.000 1.050
1875.000 1.055
1876.000 1.058
1877.000 1.057
1878.000 1.062
1879.000 1.061
1880.000 1.057
1881.000 1.060
1882.000 1.063
1883.000 1.059
1884.000 1.068
1885.000 1.069
1886.000 1.071
1887.000 1.067
1888.000 1.070
1889.000 1.075
1890.000 1.066
1891.000 1.067
1892.000 1.074
1893.000 1.069
1894.000 1.076
1895.000 1.073
1896.000 1.071
1897.000 1.073
1898.000 1.074
1899.000 1.084
1900.000 1.068
1901.000 1.077
1902.000 1.079
1903.000 1.087
1904.000 1.085
1905.000 1.068
1906.000 1.077
1907.000 1.075
1908.000 1.075
1909.000 1.078
1910.000 1.080
1911.000 1.076
1912.000 1.081
1913.000 1.079
1914.000 1.077
1915.000 1.080
1916.000 1.081
1917.000 1.078
1918.000 1.082
1919.000 1.077
1920.000 1.078
1921.000 1.075
1922.000 1.078
1923.000 1.084
1924.000 1.076
1925.000 1.079
1926.000 1.078
1927.000 1.080
1928.000 1.079
1929.000 1.079
1930.000 1.083
1931.000 1.076
1932.000 1.078
1933.000 1.084
1934.000 1.079
1935.000 1.080
1936.000 1.078
1937.000 1.079
1938.000 1.081
1939.000 1.079
1940.000 1.081
1941.000 1.076
1942.000 1.080
1943.000 1.087
1944.000 1.077
1945.000 1.087
1946.000 1.079
1947.000 1.081
1948.000 1.076
1949.000 1.086
1950.000 1.077
1951.000 1.083
1952.000 1.089
1953.000 1.095
1954.000 1.086
1955.000 1.086
1956.000 1.082
1957.000 1.092
1958.000 1.082
1959.000 1.087
1960.000 1.085
1961.000 1.083
1962.000 1.089
1963.000 1.086
1964.000 1.084
1965.000 1.097
1966.000 1.087
1967.000 1.079
1968.000 1.083
1969.000 1.083
1970.000 1.084
1971.000 1.086
1972.000 1.082
1973.000 1.076
1974.000 1.094
1975.000 1.100
1976.000 1.087
1977.000 1.099
1978.000 1.093
1979.000 1.101
1980.000 1.088
1981.000 1.106
1982.000 1.100
1983.000 1.099
1984.000 1.093
1985.000 1.108
1986.000 1.107
1987.000 1.113
1988.000 1.114
1989.000 1.109
1990.000 1.096
1991.000 1.102
1992.000 1.115
1993.000 1.098
1994.000 1.120
1995.000 1.104
1996.000 1.125
1997.000 1.123
1998.000 1.108
1999.000 1.114
2000.000 1.122
2001.000 1.128
2002.000 1.129
2003.000 1.125
2004.000 1.123
2005.000 1.115
2006.000 1.122
2007.000 1.147
2008.000 1.138
2009.000 1.121
2010.000 1.145
2011.000 1.120
2012.000 1.150
2013.000 1.134
2014.000 1.123
2015.000 1.133
2016.000 1.144
2017.000 1.151
2018.000 1.152
2019.000 1.151
2020.000 1.152
2021.000 1.144
2022.000 1.157
2023.000 1.156
2024.000 1.146
2025.000 1.166
2026.000 1.150
2027.000 1.171
2028.000 1.157
2029.000 1.165
2030.000 1.179
2031.000 1.173
2032.000 1.170
2033.000 1.171
2034.000 1.175
2035.000 1.175
2036.000 1.180
2037.000 1.193
2038.000 1.203
2039.000 1.195
2040.000 1.195
2041.000 1.214
2042.000 1.201
2043.000 1.219
2044.000 1.216
2045.000 1.218
2046.000 1.227
2047.000 1.220
2048.000 1.229
2049.000 1.234
2050.000 1.246
2051.000 1.250
2052.000 1.250
2053.000 1.250
2054.000 1.262
2055.000 1.271
2056.000 1.271
2057.000 1.276
2058.000 1.284
2059.000 1.289
2060.000 1.301
2061.000 1.302
2062.000 1.315
2063.000 1.319
2064.000 1.329
2065.000 1.331
2066.000 1.340
2067.000 1.346
2068.000 1.363
2069.000 1.363
2070.000 1.364
2071.000 1.368
2072.000 1.382
2073.000 1.392
2074.000 1.399
2075.000 1.405
2076.000 1.414
2077.000 1.418
2078.000 1.432
2079.000 1.445
2080.000 1.456
2081.000 1.464
2082.000 1.464
2083.000 1.473
2084.000 1.481
2085.000 1.496
2086.000 1.510
2087.000 1.520
2088.000 1.532
2089.000 1.546
2090.000 1.562
2091.000 1.580
2092.000 1.588
2093.000 1.605
2094.000 1.613
2095.000 1.629
2096.000 1.643
2097.000 1.655
2098.000 1.679
2099.000 1.694
2100.000 1.709
2101.000 1.725
2102.000 1.761
2103.000 1.770
2104.000 1.792
2105.000 1.814
2106.000 1.825
2107.000 1.842
2108.000 1.860
2109.000 1.886
2110.000 1.915
2111.000 1.939
2112.000 1.971
2113.000 1.994
2114.000 2.027
2115.000 2.059
2116.000 2.086
2117.000 2.122
2118.000 2.134
2119.000 2.173
2120.000 2.206
2121.000 2.244
2122.000 2.281
2123.000 2.327
2124.000 2.365
2125.000 2.414
2126.000 2.460
2127.000 2.513
2128.000 2.563
2129.000 2.614
2130.000 2.676
2131.000 2.707
2132.000 2.766
2133.000 2.832
2134.000 2.899
2135.000 2.974
2136.000 3.053
2137.000 3.134
2138.000 3.225
2139.000 3.317
2140.000 3.421
2141.000 3.521
2142.000 3.628
2143.000 3.691
2144.000 3.815
2145.000 3.942
2146.000 4.099
2147.000 4.249
2148.000 4.413
2149.000 4.595
2150.000 4.792
2151.000 5.015
2152.000 5.243
2153.000 5.504
2154.000 5.779
2155.000 5.942
2156.000 6.281
2157.000 6.623
2158.000 7.031
2159.000 7.487
2160.000 8.007
2161.000 8.611
2162.000 9.316
2163.000 10.136
2164.000 11.077
2165.000 12.161
2166.000 13.345
2167.000 13.961
2168.000 15.173
2169.000 16.272
2170.000 17.059
2171.000 17.267
2172.000 16.693
2173.000 15.601
2174.000 14.715
2175.000 13.770
2176.000 12.707
2177.000 11.685
2178.000 10.723
2179.000 10.285
2180.000 9.498
2181.000 8.798
2182.000 8.203
2183.000 7.671
2184.000 7.196
2185.000 6.786
2186.000 6.421
2187.000 6.089
2188.000 5.802
2189.000 5.530
2190.000 5.299
2191.000 5.069
2192.000 4.961
2193.000 4.785
2194.000 4.598
2195.000 4.435
2196.000 4.289
2197.000 4.143
2198.000 4.015
2199.000 3.888
2200.000 3.789
2201.000 3.684
2202.000 3.589
2203.000 3.500
2204.000 3.455
2205.000 3.374
2206.000 3.291
2207.000 3.239
2208.000 3.173
2209.000 3.099
2210.000 3.047
2211.000 2.991
2212.000 2.934
2213.000 2.883
2214.000 2.831
2215.000 2.811
2216.000 2.774
2217.000 2.736
2218.000 2.703
2219.000 2.672
2220.000 2.636
2221.000 2.615
2222.000 2.583
2223.000 2.558
2224.000 2.535
2225.000 2.515
2226.000 2.495
2227.000 2.478
2228.000 2.467
2229.000 2.454
2230.000 2.448
2231.000 2.435
2232.000 2.430
2233.000 2.429
2234.000 2.431
2235.000 2.435
2236.000 2.439
2237.000 2.446
2238.000 2.452
2239.000 2.460
2240.000 2.461
2241.000 2.472
2242.000 2.479
2243.000 2.507
2244.000 2.525
2245.000 2.544
2246.000 2.559
2247.000 2.581
2248.000 2.608
2249.000 2.641
2250.000 2.683
2251.000 2.715
2252.000 2.762
2253.000 2.781
2254.000 2.828
2255.000 2.895
2256.000 2.951
2257.000 3.014
2258.000 3.091
2259.000 3.173
2260.000 3.258
2261.000 3.351
2262.000 3.460
2263.000 3.581
2264.000 3.647
2265.000 3.789
2266.000 3.946
2267.000 4.127
2268.000 4.332
2269.000 4.550
2270.000 4.810
2271.000 5.100
2272.000 5.443
2273.000 5.855
2274.000 6.340
2275.000 6.958
2276.000 7.307
2277.000 8.105
2278.000 9.047
2279.000 10.106
2280.000 11.225
2281.000 12.225
2282.000 12.817
2283.000 12.668
2284.000 11.710
2285.000 10.427
2286.000 9.224
2287.000 8.163
2288.000 7.198
2289.000 6.764
2290.000 6.018
2291.000 5.400
2292.000 4.899
2293.000 4.466
2294.000 4.100
2295.000 3.784
2296.000 3.504
2297.000 3.265
2298.000 3.056
2299.000 2.866
2300.000 2.696
2301.000 2.545
2302.000 2.473
2303.000 2.345
2304.000 2.223
2305.000 2.115
2306.000 2.017
2307.000 1.928
2308.000 1.819
2309.000 1.703
2310.000 1.591
2311.000 1.494
2312.000 1.409
2313.000 1.373
2314.000 1.298
2315.000 1.239
2316.000 1.178
2317.000 1.126
2318.000 1.081
2319.000 1.040
2320.000 1.001
2321.000 0.964
2322.000 0.930
2323.000 0.907
2324.000 0.880
2325.000 0.866
2326.000 0.839
2327.000 0.820
2328.000 0.797
2329.000 0.775
2330.000 0.754
2331.000 0.733
2332.000 0.718
2333.000 0.704
2334.000 0.686
2335.000 0.668
2336.000 0.655
2337.000 0.644
2338.000 0.636
2339.000 0.621
2340.000 0.612
2341.000 0.600
2342.000 0.590
2343.000 0.580
2344.000 0.571
2345.000 0.562
2346.000 0.553
2347.000 0.545
2348.000 0.538
2349.000 0.531
2350.000 0.525
2351.000 0.522
2352.000 0.512
2353.000 0.506
2354.000 0.500
2355.000 0.495
2356.000 0.490
2357.000 0.483
2358.000 0.480
2359.000 0.474
2360.000 0.469
2361.000 0.465
2362.000 0.462
2363.000 0.460
2364.000 0.455
2365.000 0.450
2366.000 0.447
2367.000 0.444
2368.000 0.441
2369.000 0.436
2370.000 0.434
2371.000 0.428
2372.000 0.426
2373.000 0.424
2374.000 0.423
2375.000 0.417
2376.000 0.414
2377.000 0.409
2378.000 0.406
2379.000 0.409
2380.000 0.406
2381.000 0.402
2382.000 0.398
2383.000 0.396
2384.000 0.392
2385.000 0.389
2386.000 0.390
2387.000 0.388
2388.000 0.385
2389.000 0.384
2390.000 0.381
2391.000 0.380
2392.000 0.376
2393.000 0.376
2394.000 0.375
2395.000 0.372
2396.000 0.371
2397.000 0.367
2398.000 0.368
2399.000 0.365
2400.000 0.365
2401.000 0.362
2402.000 0.364
2403.000 0.360
2404.000 0.356
2405.000 0.359
2406.000 0.357
2407.000 0.354
2408.000 0.352
2409.000 0.353
2410.000 0.353
2411.000 0.348
2412.000 0.351
2413.000 0.348
2414.000 0.347
2415.000 0.346
2416.000 0.345
2417.000 0.346
2418.000 0.341
2419.000 0.340
2420.000 0.340
2421.000 0.342
2422.000 0.342
2423.000 0.341
2424.000 0.339
2425.000 0.339
2426.000 0.337
2427.000 0.338
2428.000 0.337
2429.000 0.336
2430.000 0.333
2431.000 0.334
2432.000 0.334
2433.000 0.334
2434.000 0.333
2435.000 0.333
2436.000 0.333
2437.000 0.333
2438.000 0.330
2439.000 0.334
2440.000 0.328
2441.000 0.330
2442.000 0.328
2443.000 0.327
2444.000 0.330
2445.000 0.328
2446.000 0.330
2447.000 0.326
2448.000 0.328
2449.000 0.329
2450.000 0.328
2451.000 0.326
2452.000 0.329
2453.000 0.329
2454.000 0.328
2455.000 0.326
2456.000 0.327
2457.000 0.325
2458.000 0.324
2459.000 0.323
2460.000 0.323
2461.000 0.325
2462.000 0.324
2463.000 0.325
2464.000 0.324
2465.000 0.326
2466.000 0.325
2467.000 0.324
2468.000 0.325
2469.000 0.325
2470.000 0.326
2471.000 0.325
2472.000 0.324
2473.000 0.324
2474.000 0.324
2475.000 0.324
2476.000 0.324
2477.000 0.326
2478.000 0.325
2479.000 0.323
2480.000 0.324
2481.000 0.325
2482.000 0.326
2483.000 0.327
2484.000 0.323
2485.000 0.325
2486.000 0.330
2487.000 0.327
2488.000 0.326
2489.000 0.324
2490.000 0.324
2491.000 0.326
2492.000 0.328
2493.000 0.330
2494.000 0.327
2495.000 0.329
2496.000 0.327
2497.000 0.327
2498.000 0.329
2499.000 0.326
2500.000 0.326
2501.000 0.327
2502.000 0.329
2503.000 0.331
2504.000 0.328
2505.000 0.331
2506.000 0.331
2507.000 0.333
2508.000 0.332
2509.000 0.331
2510.000 0.331
2511.000 0.334
2512.000 0.332
2513.000 0.331
2514.000 0.336
2515.000 0.336
2516.000 0.336
2517.000 0.338
2518.000 0.336
2519.000 0.337
2520.000 0.338
2521.000 0.338
2522.000 0.339
2523.000 0.339
2524.000 0.341
2525.000 0.343
2526.000 0.342
2527.000 0.344
2528.000 0.344
2529.000 0.342
2530.000 0.344
2531.000 0.350
2532.000 0.352
2533.000 0.351
2534.000 0.351
2535.000 0.352
2536.000 0.352
2537.000 0.356
2538.000 0.354
2539.000 0.354
2540.000 0.355
2541.000 0.359
2542.000 0.361
2543.000 0.360
2544.000 0.365
2545.000 0.361
2546.000 0.365
2547.000 0.361
2548.000 0.365
2549.000 0.363
2550.000 0.368
2551.000 0.370
2552.000 0.372
2553.000 0.369
2554.000 0.373
2555.000 0.378
2556.000 0.377
2557.000 0.378
2558.000 0.379
2559.000 0.380
2560.000 0.384
2561.000 0.382
2562.000 0.389
2563.000 0.390
2564.000 0.392
2565.000 0.392
2566.000 0.398
2567.000 0.398
2568.000 0.401
2569.000 0.401
2570.000 0.402
2571.000 0.402
2572.000 0.403
2573.000 0.406
2574.000 0.406
2575.000 0.403
2576.000 0.402
2577.000 0.403
2578.000 0.400
2579.000 0.400
2580.000 0.401
2581.000 0.400
2582.000 0.402
2583.000 0.405
2584.000 0.404
2585.000 0.405
2586.000 0.409
2587.000 0.406
2588.000 0.406
2589.000 0.405
2590.000 0.405
2591.000 0.409
2592.000 0.407
2593.000 0.410
2594.000 0.410
2595.000 0.409
2596.000 0.408
2597.000 0.410
2598.000 0.408
2599.000 0.408
2600.000 0.409
