1801.000 0.008
1802.000 2.416
1803.000 2.490
1804.000 2.489
1805.000 2.489
1806.000 2.490
1807.000 2.481
1808.000 2.484
1809.000 2.496
1810.000 2.495
1811.000 2.493
1812.000 2.496
1813.000 2.497
1814.000 2.500
1815.000 2.509
1816.000 2.509
1817.000 2.521
1818.000 2.520
1819.000 2.519
1820.000 2.527
1821.000 2.523
1822.000 2.531
1823.000 2.536
1824.000 2.522
1825.000 2.526
1826.000 2.511
1827.000 2.500
1828.000 2.481
1829.000 2.450
1830.000 2.456
1831.000 2.409
1832.000 2.377
1833.000 2.331
1834.000 2.283
1835.000 2.225
1836.000 2.177
1837.000 2.121
1838.000 2.069
1839.000 2.033
1840.000 1.997
1841.000 1.961
1842.000 1.935
1843.000 1.919
1844.000 1.900
1845.000 1.880
1846.000 1.872
1847.000 1.856
1848.000 1.836
1849.000 1.817
1850.000 1.782
1851.000 1.753
1852.000 1.698
1853.000 1.632
1854.000 1.567
1855.000 1.537
1856.000 1.469
1857.000 1.394
1858.000 1.330
1859.000 1.264
1860.000 1.202
1861.000 1.155
1862.000 1.136
1863.000 1.140
1864.000 1.143
1865.000 1.145
1866.000 1.145
1867.000 1.147
1868.000 1.150
1869.000 1.152
1870.000 1.161
1871.000 1.153
1872.000 1.159
1873.000 1.159
1874.000 1.160
1875.000 1.170
1876.000 1.167
1877.000 1.162
1878.000 1.160
1879.000 1.164
1880.000 1.167
1881.000 1.165
1882.000 1.169
1883.000 1.169
1884.000 1.171
1885.000 1.172
1886.000 1.175
1887.000 1.168
1888.000 1.173
1889.000 1.176
1890.000 1.178
1891.000 1.177
1892.000 1.179
1893.000 1.180
1894.000 1.176
1895.000 1.180
1896.000 1.179
1897.000 1.179
1898.000 1.180
1899.000 1.184
1900.000 1.183
1901.000 1.184
1902.000 1.183
1903.000 1.183
1904.000 1.184
1905.000 1.183
1906.000 1.189
1907.000 1.186
1908.000 1.191
1909.000 1.190
1910.000 1.183
1911.000 1.188
1912.000 1.191
1913.000 1.187
1914.000 1.184
1915.000 1.186
1916.000 1.188
1917.000 1.191
1918.000 1.190
1919.000 1.186
1920.000 1.198
1921.000 1.188
1922.000 1.183
1923.000 1.186
1924.000 1.188
1925.000 1.191
1926.000 1.191
1927.000 1.188
1928.000 1.189
1929.000 1.190
1930.000 1.188
1931.000 1.192
1932.000 1.191
1933.000 1.188
1934.000 1.188
1935.000 1.195
1936.000 1.191
1937.000 1.189
1938.000 1.193
1939.000 1.194
1940.000 1.195
1941.000 1.195
1942.000 1.192
1943.000 1.186
1944.000 1.191
1945.000 1.190
1946.000 1.189
1947.000 1.187
1948.000 1.190
1949.000 1.188
1950.000 1.190
1951.000 1.197
1952.000 1.186
1953.000 1.188
1954.000 1.186
1955.000 1.183
1956.000 1.189
1957.000 1.190
1958.000 1.200
1959.000 1.202
1960.000 1.190
1961.000 1.199
1962.000 1.195
1963.000 1.205
1964.000 1.192
1965.000 1.194
1966.000 1.206
1967.000 1.201
1968.000 1.197
1969.000 1.190
1970.000 1.191
1971.000 1.194
1972.000 1.198
1973.000 1.207
1974.000 1.208
1975.000 1.195
1976.000 1.196
1977.000 1.214
1978.000 1.198
1979.000 1.219
1980.000 1.197
1981.000 1.213
1982.000 1.220
1983.000 1.214
1984.000 1.205
1985.000 1.206
1986.000 1.213
1987.000 1.203
1988.000 1.212
1989.000 1.218
1990.000 1.209
1991.000 1.220
1992.000 1.225
1993.000 1.209
1994.000 1.229
1995.000 1.209
1996.000 1.230
1997.000 1.229
1998.000 1.220
1999.000 1.229
2000.000 1.227
2001.000 1.232
2002.000 1.237
2003.000 1.239
2004.000 1.234
2005.000 1.226
2006.000 1.227
2007.000 1.252
2008.000 1.240
2009.000 1.234
2010.000 1.255
2011.000 1.241
2012.000 1.261
2013.000 1.241
2014.000 1.240
2015.000 1.259
2016.000 1.259
2017.000 1.259
2018.000 1.262
2019.000 1.262
2020.000 1.266
2021.000 1.265
2022.000 1.257
2023.000 1.262
2024.000 1.273
2025.000 1.269
2026.000 1.269
2027.000 1.277
2028.000 1.272
2029.000 1.290
2030.000 1.284
2031.000 1.275
2032.000 1.284
2033.000 1.288
2034.000 1.297
2035.000 1.299
2036.000 1.291
2037.000 1.294
2038.000 1.308
2039.000 1.316
2040.000 1.310
2041.000 1.316
2042.000 1.323
2043.000 1.326
2044.000 1.327
2045.000 1.344
2046.000 1.341
2047.000 1.340
2048.000 1.343
2049.000 1.351
2050.000 1.358
2051.000 1.371
2052.000 1.372
2053.000 1.379
2054.000 1.379
2055.000 1.375
2056.000 1.397
2057.000 1.393
2058.000 1.409
2059.000 1.407
2060.000 1.418
2061.000 1.424
2062.000 1.423
2063.000 1.432
2064.000 1.438
2065.000 1.449
2066.000 1.457
2067.000 1.463
2068.000 1.462
2069.000 1.472
2070.000 1.489
2071.000 1.495
2072.000 1.500
2073.000 1.506
2074.000 1.518
2075.000 1.524
2076.000 1.534
2077.000 1.542
2078.000 1.549
2079.000 1.560
2080.000 1.575
2081.000 1.581
2082.000 1.596
2083.000 1.608
2084.000 1.619
2085.000 1.625
2086.000 1.640
2087.000 1.649
2088.000 1.659
2089.000 1.675
2090.000 1.678
2091.000 1.697
2092.000 1.716
2093.000 1.733
2094.000 1.757
2095.000 1.798
2096.000 1.807
2097.000 1.816
2098.000 1.827
2099.000 1.835
2100.000 1.849
2101.000 1.864
2102.000 1.887
2103.000 1.896
2104.000 1.921
2105.000 1.951
2106.000 1.969
2107.000 1.995
2108.000 2.012
2109.000 2.024
2110.000 2.053
2111.000 2.080
2112.000 2.105
2113.000 2.133
2114.000 2.162
2115.000 2.197
2116.000 2.228
2117.000 2.259
2118.000 2.291
2119.000 2.328
2120.000 2.362
2121.000 2.405
2122.000 2.423
2123.000 2.467
2124.000 2.514
2125.000 2.558
2126.000 2.603
2127.000 2.661
2128.000 2.711
2129.000 2.761
2130.000 2.824
2131.000 2.877
2132.000 2.942
2133.000 3.015
2134.000 3.046
2135.000 3.125
2136.000 3.194
2137.000 3.268
2138.000 3.364
2139.000 3.457
2140.000 3.550
2141.000 3.648
2142.000 3.754
2143.000 3.888
2144.000 4.010
2145.000 4.155
2146.000 4.289
2147.000 4.368
2148.000 4.531
2149.000 4.708
2150.000 4.901
2151.000 5.111
2152.000 5.336
2153.000 5.597
2154.000 5.865
2155.000 6.164
2156.000 6.504
2157.000 6.888
2158.000 7.086
2159.000 7.539
2160.000 8.035
2161.000 8.599
2162.000 9.274
2163.000 10.039
2164.000 10.923
2165.000 11.948
2166.000 13.038
2167.000 14.194
2168.000 15.290
2169.000 16.190
2170.000 16.642
2171.000 16.642
2172.000 16.100
2173.000 15.253
2174.000 14.547
2175.000 13.608
2176.000 12.557
2177.000 11.527
2178.000 10.553
2179.000 9.711
2180.000 8.970
2181.000 8.310
2182.000 7.752
2183.000 7.490
2184.000 7.016
2185.000 6.587
2186.000 6.216
2187.000 5.876
2188.000 5.583
2189.000 5.319
2190.000 5.075
2191.000 4.851
2192.000 4.649
2193.000 4.460
2194.000 4.285
2195.000 4.124
2196.000 4.052
2197.000 3.906
2198.000 3.782
2199.000 3.658
2200.000 3.542
2201.000 3.433
2202.000 3.346
2203.000 3.248
2204.000 3.164
2205.000 3.089
2206.000 3.006
2207.000 2.985
2208.000 2.909
2209.000 2.835
2210.000 2.780
2211.000 2.711
2212.000 2.659
2213.000 2.605
2214.000 2.547
2215.000 2.496
2216.000 2.442
2217.000 2.388
2218.000 2.330
2219.000 2.304
2220.000 2.262
2221.000 2.218
2222.000 2.168
2223.000 2.130
2224.000 2.104
2225.000 2.073
2226.000 2.045
2227.000 2.014
2228.000 1.993
2229.000 1.981
2230.000 1.960
2231.000 1.943
2232.000 1.940
2233.000 1.928
2234.000 1.926
2235.000 1.928
2236.000 1.925
2237.000 1.927
2238.000 1.930
2239.000 1.946
2240.000 1.952
2241.000 1.962
2242.000 1.980
2243.000 1.999
2244.000 2.011
2245.000 2.041
2246.000 2.061
2247.000 2.079
2248.000 2.097
2249.000 2.123
2250.000 2.151
2251.000 2.168
2252.000 2.204
2253.000 2.238
2254.000 2.270
2255.000 2.313
2256.000 2.352
2257.000 2.380
2258.000 2.432
2259.000 2.488
2260.000 2.557
2261.000 2.622
2262.000 2.696
2263.000 2.786
2264.000 2.879
2265.000 2.994
2266.000 3.110
2267.000 3.244
2268.000 3.315
2269.000 3.477
2270.000 3.665
2271.000 3.873
2272.000 4.120
2273.000 4.410
2274.000 4.771
2275.000 5.197
2276.000 5.720
2277.000 6.336
2278.000 7.050
2279.000 7.829
2280.000 8.221
2281.000 8.915
2282.000 9.244
2283.000 8.988
2284.000 8.239
2285.000 7.417
2286.000 6.674
2287.000 5.924
2288.000 5.225
2289.000 4.614
2290.000 4.114
2291.000 3.691
2292.000 3.349
2293.000 3.196
2294.000 2.921
2295.000 2.691
2296.000 2.492
2297.000 2.317
2298.000 2.159
2299.000 2.021
2300.000 1.899
2301.000 1.786
2302.000 1.689
2303.000 1.598
2304.000 1.512
2305.000 1.472
2306.000 1.378
2307.000 1.281
2308.000 1.190
2309.000 1.112
2310.000 1.051
2311.000 0.988
2312.000 0.936
2313.000 0.888
2314.000 0.843
2315.000 0.811
2316.000 0.795
2317.000 0.764
2318.000 0.736
2319.000 0.706
2320.000 0.684
2321.000 0.661
2322.000 0.639
2323.000 0.621
2324.000 0.602
2325.000 0.587
2326.000 0.575
2327.000 0.556
2328.000 0.545
2329.000 0.537
2330.000 0.524
2331.000 0.511
2332.000 0.501
2333.000 0.493
2334.000 0.486
2335.000 0.474
2336.000 0.468
2337.000 0.458
2338.000 0.452
2339.000 0.443
2340.000 0.434
2341.000 0.429
2342.000 0.424
2343.000 0.420
2344.000 0.413
2345.000 0.410
2346.000 0.401
2347.000 0.398
2348.000 0.394
2349.000 0.388
2350.000 0.383
2351.000 0.377
2352.000 0.374
2353.000 0.370
2354.000 0.367
2355.000 0.361
2356.000 0.361
2357.000 0.357
2358.000 0.354
2359.000 0.351
2360.000 0.347
2361.000 0.342
2362.000 0.341
2363.000 0.338
2364.000 0.341
2365.000 0.337
2366.000 0.335
2367.000 0.331
2368.000 0.327
2369.000 0.326
2370.000 0.324
2371.000 0.319
2372.000 0.321
2373.000 0.320
2374.000 0.318
2375.000 0.313
2376.000 0.311
2377.000 0.311
2378.000 0.309
2379.000 0.309
2380.000 0.307
2381.000 0.305
2382.000 0.304
2383.000 0.304
2384.000 0.300
2385.000 0.300
2386.000 0.298
2387.000 0.298
2388.000 0.297
2389.000 0.295
2390.000 0.295
2391.000 0.293
2392.000 0.294
2393.000 0.292
2394.000 0.291
2395.000 0.292
2396.000 0.289
2397.000 0.288
2398.000 0.289
2399.000 0.286
2400.000 0.287
2401.000 0.285
2402.000 0.286
2403.000 0.285
2404.000 0.284
2405.000 0.282
2406.000 0.282
2407.000 0.282
2408.000 0.281
2409.000 0.281
2410.000 0.277
2411.000 0.279
2412.000 0.278
2413.000 0.278
2414.000 0.277
2415.000 0.277
2416.000 0.277
2417.000 0.276
2418.000 0.275
2419.000 0.275
2420.000 0.275
2421.000 0.275
2422.000 0.274
2423.000 0.274
2424.000 0.276
2425.000 0.275
2426.000 0.276
2427.000 0.274
2428.000 0.274
2429.000 0.275
2430.000 0.274
2431.000 0.273
2432.000 0.273
2433.000 0.274
2434.000 0.273
2435.000 0.274
2436.000 0.273
2437.000 0.272
2438.000 0.270
2439.000 0.273
2440.000 0.270
2441.000 0.273
2442.000 0.273
2443.000 0.273
2444.000 0.272
2445.000 0.271
2446.000 0.273
2447.000 0.269
2448.000 0.272
2449.000 0.271
2450.000 0.270
2451.000 0.271
2452.000 0.273
2453.000 0.274
2454.000 0.272
2455.000 0.277
2456.000 0.272
2457.000 0.271
2458.000 0.272
2459.000 0.273
2460.000 0.271
2461.000 0.272
2462.000 0.272
2463.000 0.272
2464.000 0.273
2465.000 0.273
2466.000 0.273
2467.000 0.275
2468.000 0.274
2469.000 0.274
2470.000 0.273
2471.000 0.275
2472.000 0.274
2473.000 0.276
2474.000 0.275
2475.000 0.274
2476.000 0.276
2477.000 0.277
2478.000 0.277
2479.000 0.277
2480.000 0.278
2481.000 0.278
2482.000 0.281
2483.000 0.278
2484.000 0.279
2485.000 0.279
2486.000 0.282
2487.000 0.280
2488.000 0.281
2489.000 0.283
2490.000 0.281
2491.000 0.282
2492.000 0.282
2493.000 0.284
2494.000 0.284
2495.000 0.284
2496.000 0.283
2497.000 0.281
2498.000 0.285
2499.000 0.286
2500.000 0.288
2501.000 0.285
2502.000 0.289
2503.000 0.287
2504.000 0.288
2505.000 0.290
2506.000 0.287
2507.000 0.292
2508.000 0.291
2509.000 0.292
2510.000 0.293
2511.000 0.291
2512.000 0.295
2513.000 0.295
2514.000 0.293
2515.000 0.295
2516.000 0.299
2517.000 0.298
2518.000 0.299
2519.000 0.297
2520.000 0.302
2521.000 0.304
2522.000 0.302
2523.000 0.303
2524.000 0.305
2525.000 0.305
2526.000 0.304
2527.000 0.305
2528.000 0.308
2529.000 0.307
2530.000 0.312
2531.000 0.312
2532.000 0.312
2533.000 0.316
2534.000 0.318
2535.000 0.316
2536.000 0.321
2537.000 0.319
2538.000 0.318
2539.000 0.320
2540.000 0.322
2541.000 0.324
2542.000 0.326
2543.000 0.330
2544.000 0.328
2545.000 0.331
2546.000 0.334
2547.000 0.334
2548.000 0.333
2549.000 0.334
2550.000 0.336
2551.000 0.337
2552.000 0.337
2553.000 0.336
2554.000 0.336
2555.000 0.337
2556.000 0.338
2557.000 0.337
2558.000 0.338
2559.000 0.335
2560.000 0.337
2561.000 0.338
2562.000 0.337
2563.000 0.335
2564.000 0.341
2565.000 0.339
2566.000 0.339
2567.000 0.340
2568.000 0.335
2569.000 0.339
2570.000 0.340
2571.000 0.340
2572.000 0.338
2573.000 0.344
2574.000 0.341
2575.000 0.339
2576.000 0.342
2577.000 0.342
2578.000 0.341
2579.000 0.340
2580.000 0.340
2581.000 0.341
2582.000 0.341
2583.000 0.341
2584.000 0.339
2585.000 0.340
2586.000 0.338
2587.000 0.340
2588.000 0.341
2589.000 0.341
2590.000 0.339
2591.000 0.342
2592.000 0.343
2593.000 0.341
2594.000 0.343
2595.000 0.340
2596.000 0.347
2597.000 0.346
2598.000 0.344
2599.000 0.345
2600.000 0.342
