1801.000 0.004
1802.000 2.716
1803.000 2.801
1804.000 2.744
1805.000 2.729
1806.000 2.739
1807.000 2.736
1808.000 2.742
1809.000 2.753
1810.000 2.767
1811.000 2.784
1812.000 2.777
1813.000 2.775
1814.000 2.790
1815.000 2.797
1816.000 2.825
1817.000 2.826
1818.000 2.837
1819.000 2.826
1820.000 2.832
1821.000 2.832
1822.000 2.837
1823.000 2.839
1824.000 2.838
1825.000 2.834
1826.000 2.826
1827.000 2.810
1828.000 2.801
1829.000 2.792
1830.000 2.774
1831.000 2.745
1832.000 2.707
1833.000 2.665
1834.000 2.637
1835.000 2.589
1836.000 2.539
1837.000 2.501
1838.000 2.462
1839.000 2.423
1840.000 2.390
1841.000 2.339
1842.000 2.325
1843.000 2.280
1844.000 2.253
1845.000 2.216
1846.000 2.191
1847.000 2.174
1848.000 2.157
1849.000 2.146
1850.000 2.129
1851.000 2.108
1852.000 2.079
1853.000 2.044
1854.000 1.986
1855.000 1.961
1856.000 1.892
1857.000 1.813
1858.000 1.734
1859.000 1.658
1860.000 1.570
1861.000 1.494
1862.000 1.422
1863.000 1.366
1864.000 1.326
1865.000 1.320
1866.000 1.318
1867.000 1.321
1868.000 1.326
1869.000 1.329
1870.000 1.331
1871.000 1.328
1872.000 1.331
1873.000 1.338
1874.000 1.338
1875.000 1.338
1876.000 1.344
1877.000 1.344
1878.000 1.338
1879.000 1.348
1880.000 1.345
1881.000 1.348
1882.000 1.348
1883.000 1.355
1884.000 1.356
1885.000 1.354
1886.000 1.358
1887.000 1.359
1888.000 1.361
1889.000 1.363
1890.000 1.364
1891.000 1.362
1892.000 1.362
1893.000 1.361
1894.000 1.364
1895.000 1.366
1896.000 1.363
1897.000 1.369
1898.000 1.371
1899.000 1.379
1900.000 1.372
1901.000 1.375
1902.000 1.377
1903.000 1.373
1904.000 1.376
1905.000 1.373
1906.000 1.376
1907.000 1.378
1908.000 1.373
1909.000 1.375
1910.000 1.377
1911.000 1.379
1912.000 1.379
1913.000 1.380
1914.000 1.379
1915.000 1.378
1916.000 1.383
1917.000 1.382
1918.000 1.382
1919.000 1.385
1920.000 1.383
1921.000 1.383
1922.000 1.382
1923.000 1.382
1924.000 1.384
1925.000 1.383
1926.000 1.382
1927.000 1.386
1928.000 1.383
1929.000 1.388
1930.000 1.382
1931.000 1.388
1932.000 1.383
1933.000 1.386
1934.000 1.387
1935.000 1.381
1936.000 1.380
1937.000 1.380
1938.000 1.380
1939.000 1.382
1940.000 1.387
1941.000 1.388
1942.000 1.388
1943.000 1.391
1944.000 1.383
1945.000 1.391
1946.000 1.388
1947.000 1.393
1948.000 1.387
1949.000 1.388
1950.000 1.393
1951.000 1.395
1952.000 1.390
1953.000 1.391
1954.000 1.393
1955.000 1.390
1956.000 1.391
1957.000 1.389
1958.000 1.391
1959.000 1.398
1960.000 1.395
1961.000 1.386
1962.000 1.401
1963.000 1.398
1964.000 1.389
1965.000 1.402
1966.000 1.396
1967.000 1.394
1968.000 1.394
1969.000 1.394
1970.000 1.398
1971.000 1.394
1972.000 1.390
1973.000 1.397
1974.000 1.414
1975.000 1.408
1976.000 1.400
1977.000 1.412
1978.000 1.406
1979.000 1.415
1980.000 1.400
1981.000 1.418
1982.000 1.415
1983.000 1.410
1984.000 1.407
1985.000 1.404
1986.000 1.413
1987.000 1.410
1988.000 1.431
1989.000 1.429
1990.000 1.412
1991.000 1.417
1992.000 1.431
1993.000 1.419
1994.000 1.432
1995.000 1.419
1996.000 1.436
1997.000 1.426
1998.000 1.421
1999.000 1.433
2000.000 1.434
2001.000 1.436
2002.000 1.443
2003.000 1.442
2004.000 1.438
2005.000 1.430
2006.000 1.433
2007.000 1.444
2008.000 1.443
2009.000 1.440
2010.000 1.448
2011.000 1.446
2012.000 1.459
2013.000 1.442
2014.000 1.441
2015.000 1.457
2016.000 1.464
2017.000 1.462
2018.000 1.473
2019.000 1.471
2020.000 1.469
2021.000 1.467
2022.000 1.460
2023.000 1.471
2024.000 1.464
2025.000 1.477
2026.000 1.473
2027.000 1.488
2028.000 1.476
2029.000 1.493
2030.000 1.499
2031.000 1.489
2032.000 1.487
2033.000 1.494
2034.000 1.495
2035.000 1.494
2036.000 1.502
2037.000 1.506
2038.000 1.518
2039.000 1.521
2040.000 1.518
2041.000 1.535
2042.000 1.529
2043.000 1.544
2044.000 1.539
2045.000 1.553
2046.000 1.571
2047.000 1.561
2048.000 1.562
2049.000 1.570
2050.000 1.584
2051.000 1.584
2052.000 1.590
2053.000 1.580
2054.000 1.587
2055.000 1.597
2056.000 1.604
2057.000 1.610
2058.000 1.625
2059.000 1.631
2060.000 1.631
2061.000 1.634
2062.000 1.650
2063.000 1.655
2064.000 1.658
2065.000 1.667
2066.000 1.671
2067.000 1.680
2068.000 1.689
2069.000 1.708
2070.000 1.707
2071.000 1.714
2072.000 1.730
2073.000 1.739
2074.000 1.738
2075.000 1.753
2076.000 1.761
2077.000 1.775
2078.000 1.785
2079.000 1.785
2080.000 1.796
2081.000 1.807
2082.000 1.823
2083.000 1.831
2084.000 1.841
2085.000 1.850
2086.000 1.862
2087.000 1.880
2088.000 1.894
2089.000 1.899
2090.000 1.918
2091.000 1.921
2092.000 1.949
2093.000 1.958
2094.000 1.974
2095.000 1.990
2096.000 2.010
2097.000 2.021
2098.000 2.039
2099.000 2.053
2100.000 2.066
2101.000 2.089
2102.000 2.109
2103.000 2.132
2104.000 2.159
2105.000 2.179
2106.000 2.199
2107.000 2.216
2108.000 2.244
2109.000 2.253
2110.000 2.276
2111.000 2.311
2112.000 2.337
2113.000 2.359
2114.000 2.392
2115.000 2.424
2116.000 2.459
2117.000 2.498
2118.000 2.528
2119.000 2.572
2120.000 2.601
2121.000 2.620
2122.000 2.661
2123.000 2.706
2124.000 2.744
2125.000 2.785
2126.000 2.832
2127.000 2.885
2128.000 2.932
2129.000 2.992
2130.000 3.055
2131.000 3.112
2132.000 3.177
2133.000 3.245
2134.000 3.278
2135.000 3.358
2136.000 3.430
2137.000 3.511
2138.000 3.609
2139.000 3.692
2140.000 3.787
2141.000 3.892
2142.000 4.008
2143.000 4.123
2144.000 4.244
2145.000 4.380
2146.000 4.465
2147.000 4.616
2148.000 4.778
2149.000 4.953
2150.000 5.151
2151.000 5.354
2152.000 5.589
2153.000 5.838
2154.000 6.102
2155.000 6.398
2156.000 6.733
2157.000 7.118
2158.000 7.349
2159.000 7.775
2160.000 8.265
2161.000 8.834
2162.000 9.468
2163.000 10.214
2164.000 11.083
2165.000 12.023
2166.000 13.029
2167.000 14.055
2168.000 14.972
2169.000 15.626
2170.000 15.778
2171.000 15.647
2172.000 15.166
2173.000 14.674
2174.000 13.862
2175.000 12.837
2176.000 11.740
2177.000 10.716
2178.000 9.762
2179.000 8.962
2180.000 8.252
2181.000 7.619
2182.000 7.338
2183.000 6.827
2184.000 6.371
2185.000 5.962
2186.000 5.613
2187.000 5.288
2188.000 4.994
2189.000 4.735
2190.000 4.503
2191.000 4.284
2192.000 4.075
2193.000 3.885
2194.000 3.720
2195.000 3.642
2196.000 3.496
2197.000 3.352
2198.000 3.213
2199.000 3.097
2200.000 2.980
2201.000 2.878
2202.000 2.773
2203.000 2.680
2204.000 2.574
2205.000 2.449
2206.000 2.327
2207.000 2.209
2208.000 2.149
2209.000 2.052
2210.000 1.967
2211.000 1.883
2212.000 1.805
2213.000 1.731
2214.000 1.667
2215.000 1.609
2216.000 1.550
2217.000 1.505
2218.000 1.453
2219.000 1.427
2220.000 1.384
2221.000 1.347
2222.000 1.310
2223.000 1.283
2224.000 1.244
2225.000 1.215
2226.000 1.182
2227.000 1.155
2228.000 1.130
2229.000 1.102
2230.000 1.076
2231.000 1.064
2232.000 1.047
2233.000 1.027
2234.000 1.008
2235.000 0.991
2236.000 0.975
2237.000 0.960
2238.000 0.941
2239.000 0.928
2240.000 0.915
2241.000 0.903
2242.000 0.893
2243.000 0.884
2244.000 0.878
2245.000 0.867
2246.000 0.855
2247.000 0.851
2248.000 0.842
2249.000 0.834
2250.000 0.830
2251.000 0.821
2252.000 0.821
2253.000 0.818
2254.000 0.814
2255.000 0.817
2256.000 0.817
2257.000 0.816
2258.000 0.821
2259.000 0.825
2260.000 0.828
2261.000 0.835
2262.000 0.844
2263.000 0.851
2264.000 0.873
2265.000 0.889
2266.000 0.908
2267.000 0.920
2268.000 0.945
2269.000 0.981
2270.000 1.024
2271.000 1.080
2272.000 1.146
2273.000 1.228
2274.000 1.329
2275.000 1.466
2276.000 1.644
2277.000 1.820
2278.000 1.975
2279.000 2.101
2280.000 2.144
2281.000 2.182
2282.000 2.116
2283.000 1.924
2284.000 1.648
2285.000 1.317
2286.000 1.067
2287.000 0.896
2288.000 0.742
2289.000 0.622
2290.000 0.533
2291.000 0.461
2292.000 0.425
2293.000 0.372
2294.000 0.333
2295.000 0.296
2296.000 0.267
2297.000 0.243
2298.000 0.225
2299.000 0.210
2300.000 0.195
2301.000 0.184
2302.000 0.175
2303.000 0.169
2304.000 0.163
2305.000 0.159
2306.000 0.153
2307.000 0.153
2308.000 0.148
2309.000 0.145
2310.000 0.144
2311.000 0.142
2312.000 0.142
2313.000 0.140
2314.000 0.141
2315.000 0.138
2316.000 0.137
2317.000 0.139
2318.000 0.137
2319.000 0.138
2320.000 0.137
2321.000 0.135
2322.000 0.135
2323.000 0.137
2324.000 0.137
2325.000 0.136
2326.000 0.136
2327.000 0.134
2328.000 0.134
2329.000 0.135
2330.000 0.134
2331.000 0.134
2332.000 0.132
2333.000 0.135
2334.000 0.132
2335.000 0.136
2336.000 0.134
2337.000 0.133
2338.000 0.133
2339.000 0.134
2340.000 0.132
2341.000 0.133
2342.000 0.134
2343.000 0.134
2344.000 0.133
2345.000 0.133
2346.000 0.133
2347.000 0.133
2348.000 0.133
2349.000 0.133
2350.000 0.133
2351.000 0.133
2352.000 0.131
2353.000 0.133
2354.000 0.131
2355.000 0.133
2356.000 0.133
2357.000 0.132
2358.000 0.133
2359.000 0.133
2360.000 0.134
2361.000 0.131
2362.000 0.134
2363.000 0.134
2364.000 0.134
2365.000 0.135
2366.000 0.135
2367.000 0.132
2368.000 0.135
2369.000 0.135
2370.000 0.134
2371.000 0.135
2372.000 0.135
2373.000 0.133
2374.000 0.133
2375.000 0.135
2376.000 0.135
2377.000 0.133
2378.000 0.135
2379.000 0.135
2380.000 0.135
2381.000 0.135
2382.000 0.136
2383.000 0.137
2384.000 0.135
2385.000 0.136
2386.000 0.137
2387.000 0.136
2388.000 0.136
2389.000 0.137
2390.000 0.138
2391.000 0.136
2392.000 0.138
2393.000 0.138
2394.000 0.135
2395.000 0.139
2396.000 0.139
2397.000 0.139
2398.000 0.141
2399.000 0.138
2400.000 0.139
2401.000 0.138
2402.000 0.141
2403.000 0.141
2404.000 0.140
2405.000 0.141
2406.000 0.140
2407.000 0.142
2408.000 0.141
2409.000 0.143
2410.000 0.141
2411.000 0.140
2412.000 0.141
2413.000 0.143
2414.000 0.141
2415.000 0.142
2416.000 0.143
2417.000 0.143
2418.000 0.143
2419.000 0.142
2420.000 0.144
2421.000 0.143
2422.000 0.143
2423.000 0.145
2424.000 0.144
2425.000 0.144
2426.000 0.144
2427.000 0.142
2428.000 0.144
2429.000 0.144
2430.000 0.145
2431.000 0.147
2432.000 0.146
2433.000 0.145
2434.000 0.148
2435.000 0.145
2436.000 0.147
2437.000 0.147
2438.000 0.148
2439.000 0.147
2440.000 0.147
2441.000 0.149
2442.000 0.147
2443.000 0.147
2444.000 0.149
2445.000 0.147
2446.000 0.150
2447.000 0.149
2448.000 0.149
2449.000 0.149
2450.000 0.152
2451.000 0.149
2452.000 0.149
2453.000 0.153
2454.000 0.152
2455.000 0.153
2456.000 0.152
2457.000 0.150
2458.000 0.151
2459.000 0.152
2460.000 0.153
2461.000 0.153
2462.000 0.153
2463.000 0.154
2464.000 0.153
2465.000 0.150
2466.000 0.153
2467.000 0.154
2468.000 0.153
2469.000 0.152
2470.000 0.154
2471.000 0.153
2472.000 0.155
2473.000 0.155
2474.000 0.154
2475.000 0.154
2476.000 0.154
2477.000 0.155
2478.000 0.153
2479.000 0.153
2480.000 0.157
2481.000 0.155
2482.000 0.156
2483.000 0.157
2484.000 0.159
2485.000 0.159
2486.000 0.157
2487.000 0.158
2488.000 0.159
2489.000 0.158
2490.000 0.160
2491.000 0.159
2492.000 0.160
2493.000 0.160
2494.000 0.159
2495.000 0.160
2496.000 0.160
2497.000 0.160
2498.000 0.161
2499.000 0.160
2500.000 0.161
2501.000 0.159
2502.000 0.163
2503.000 0.161
2504.000 0.164
2505.000 0.161
2506.000 0.162
2507.000 0.163
2508.000 0.161
2509.000 0.165
2510.000 0.162
2511.000 0.163
2512.000 0.164
2513.000 0.164
2514.000 0.163
2515.000 0.164
2516.000 0.165
2517.000 0.165
2518.000 0.165
2519.000 0.165
2520.000 0.164
2521.000 0.164
2522.000 0.169
2523.000 0.165
2524.000 0.167
2525.000 0.169
2526.000 0.165
2527.000 0.167
2528.000 0.166
2529.000 0.170
2530.000 0.169
2531.000 0.167
2532.000 0.167
2533.000 0.171
2534.000 0.170
2535.000 0.171
2536.000 0.169
2537.000 0.169
2538.000 0.170
2539.000 0.169
2540.000 0.169
2541.000 0.171
2542.000 0.173
2543.000 0.173
2544.000 0.172
2545.000 0.174
2546.000 0.174
2547.000 0.177
2548.000 0.177
2549.000 0.177
2550.000 0.175
2551.000 0.176
2552.000 0.177
2553.000 0.176
2554.000 0.177
2555.000 0.179
2556.000 0.179
2557.000 0.179
2558.000 0.177
2559.000 0.180
2560.000 0.180
2561.000 0.182
2562.000 0.181
2563.000 0.181
2564.000 0.179
2565.000 0.180
2566.000 0.184
2567.000 0.183
2568.000 0.184
2569.000 0.181
2570.000 0.185
2571.000 0.184
2572.000 0.188
2573.000 0.187
2574.000 0.190
2575.000 0.189
2576.000 0.189
2577.000 0.191
2578.000 0.189
2579.000 0.190
2580.000 0.190
2581.000 0.191
2582.000 0.192
2583.000 0.190
2584.000 0.195
2585.000 0.194
2586.000 0.198
2587.000 0.197
2588.000 0.198
2589.000 0.195
2590.000 0.200
2591.000 0.201
2592.000 0.200
2593.000 0.201
2594.000 0.201
2595.000 0.199
2596.000 0.206
2597.000 0.202
2598.000 0.202
2599.000 0.204
2600.000 0.205
