110.000 0.125
120.000 0.055
130.000 0.067
140.000 2.425
150.000 9.432
160.000 9.433
170.000 11.626
180.000 12.057
190.000 11.710
200.000 10.962
210.000 10.962
220.000 10.691
230.000 10.525
240.000 10.848
250.000 11.172
270.000 12.086
280.000 12.430
290.000 12.722
300.000 13.243
310.000 13.243
320.000 13.971
330.000 14.705
340.000 15.447
350.000 16.294
360.000 17.243
370.000 17.240
380.000 18.555
390.000 20.038
400.000 20.038
410.000 21.795
420.000 23.877
430.000 26.275
440.000 28.914
450.000 31.554
460.000 33.634
470.000 33.634
480.000 34.464
490.000 33.824
500.000 31.501
510.000 31.501
520.000 28.234
530.000 25.166
540.000 22.401
550.000 20.147
560.000 18.254
570.000 18.254
580.000 16.642
590.000 15.308
600.000 14.049
610.000 14.049
620.000 12.964
630.000 11.886
640.000 10.743
650.000 9.746
660.000 8.886
670.000 8.885
680.000 8.165
690.000 7.625
700.000 7.231
710.000 7.231
720.000 7.018
730.000 6.942
740.000 6.935
750.000 7.075
760.000 7.391
770.000 7.391
780.000 7.558
790.000 7.803
800.000 8.157
810.000 8.157
820.000 8.663
830.000 9.307
840.000 10.177
850.000 11.343
860.000 13.134
870.000 13.134
880.000 15.953
890.000 20.276
900.000 27.927
910.000 27.927
920.000 32.228
930.000 20.992
940.000 10.910
950.000 7.103
960.000 4.866
970.000 4.865
980.000 3.423
990.000 2.503
1000.000 1.875
1010.000 1.875
1020.000 1.433
1030.000 1.130
1040.000 0.902
1050.000 0.719
1060.000 0.564
1070.000 0.564
1080.000 0.449
1090.000 0.366
1100.000 0.321
1110.000 0.321
1120.000 0.295
1130.000 0.277
1140.000 0.278
1150.000 0.276
1160.000 0.287
1170.000 0.287
1180.000 0.301
1190.000 0.315
1200.000 0.332
1210.000 0.332
1220.000 0.348
1230.000 0.358
1240.000 0.372
1250.000 0.396
1260.000 0.411
1270.000 0.411
1280.000 0.428
1290.000 0.448
1300.000 0.467
1310.000 0.467
1320.000 0.490
1330.000 0.517
1340.000 0.545
1350.000 0.581
1360.000 0.581
1370.000 0.617
1380.000 0.665
1390.000 0.717
1400.000 0.775
1410.000 0.775
1420.000 0.846
1430.000 0.924
1440.000 1.016
1450.000 1.110
1460.000 1.228
1470.000 1.228
1480.000 1.345
1490.000 1.459
1500.000 1.579
1510.000 1.579
1520.000 1.710
1530.000 1.855
1540.000 2.027
1550.000 2.215
1560.000 2.407
1570.000 2.407
1580.000 2.625
1590.000 2.863
1600.000 3.117
1610.000 3.117
1620.000 3.383
1630.000 3.688
1640.000 4.026
1650.000 4.477
1660.000 4.476
1670.000 5.173
1680.000 6.336
1690.000 8.297
1700.000 11.498
1710.000 11.497
1720.000 16.903
1730.000 25.186
1740.000 34.686
1750.000 43.163
1760.000 46.436
1770.000 46.436
1780.000 39.086
1790.000 28.201
1800.000 22.032
1810.000 22.032
1820.000 17.938
1830.000 15.014
1840.000 12.850
1850.000 11.199
1860.000 9.931
1870.000 9.931
1880.000 8.908
1890.000 8.089
1900.000 7.409
1910.000 7.409
1920.000 6.843
1930.000 6.369
1940.000 5.962
1950.000 5.624
1960.000 5.327
1970.000 5.327
1980.000 5.070
1990.000 4.825
2000.000 4.608
2010.000 4.608
2020.000 4.396
2030.000 4.206
2040.000 4.024
2050.000 3.868
2060.000 3.714
2070.000 3.714
2080.000 3.574
2090.000 3.445
2100.000 3.324
2110.000 3.324
2120.000 3.204
2130.000 3.099
2140.000 2.997
2150.000 2.906
2160.000 2.824
2170.000 2.824
2180.000 2.746
2190.000 2.679
2200.000 2.613
2210.000 2.613
2220.000 2.553
2230.000 2.499
2240.000 2.452
2250.000 2.405
2260.000 2.363
2270.000 2.363
2280.000 2.322
2290.000 2.292
2300.000 2.268
2310.000 2.268
2320.000 2.249
2330.000 2.238
2340.000 2.237
2350.000 2.241
2360.000 2.254
2370.000 2.254
2380.000 2.271
2390.000 2.294
2400.000 2.329
2410.000 2.329
2420.000 2.371
2430.000 2.426
2440.000 2.495
2450.000 2.580
2460.000 2.683
2470.000 2.683
2480.000 2.818
2490.000 2.985
2500.000 3.203
2510.000 3.203
2520.000 3.497
2530.000 3.888
2540.000 4.425
2550.000 5.180
2560.000 5.180
2570.000 6.273
2580.000 7.927
2590.000 10.285
2600.000 13.891
2610.000 13.890
2620.000 18.162
2630.000 23.353
2640.000 29.185
2650.000 29.179
2660.000 33.483
2670.000 31.016
2680.000 21.379
2690.000 14.698
2700.000 10.716
2710.000 10.716
2720.000 8.095
2730.000 6.315
2740.000 5.070
2750.000 5.070
2760.000 4.175
2770.000 3.509
2780.000 2.994
2790.000 2.590
2800.000 2.590
2810.000 2.266
2820.000 2.007
2830.000 1.793
2840.000 1.616
2850.000 1.616
2860.000 1.466
2870.000 1.343
2880.000 1.237
2890.000 1.148
2900.000 1.069
2910.000 1.069
2920.000 1.001
2930.000 0.944
2940.000 0.894
2950.000 0.894
2960.000 0.852
2970.000 0.810
2980.000 0.775
2990.000 0.751
3000.000 0.751
3010.000 0.720
3020.000 0.703
3030.000 0.675
3040.000 0.657
3050.000 0.657
3060.000 0.649
3070.000 0.631
3080.000 0.622
3090.000 0.617
3100.000 0.611
3110.000 0.611
3120.000 0.601
3130.000 0.601
3140.000 0.599
3150.000 0.599
3160.000 0.599
3170.000 0.599
3180.000 0.603
3190.000 0.607
3200.000 0.613
3210.000 0.613
3220.000 0.624
3230.000 0.634
3240.000 0.634
3250.000 0.646
3260.000 0.664
3270.000 0.682
3280.000 0.706
3290.000 0.731
3300.000 0.761
3310.000 0.761
3320.000 0.800
3330.000 0.847
3340.000 0.902
3350.000 0.902
3360.000 0.973
3370.000 1.061
3380.000 1.175
3390.000 1.327
3400.000 1.536
3410.000 1.536
3420.000 1.840
3430.000 2.277
3440.000 2.886
3450.000 2.886
3460.000 3.753
3470.000 4.983
3480.000 6.983
3490.000 10.968
3500.000 17.543
3510.000 17.540
3520.000 21.682
3530.000 16.944
3540.000 9.995
3550.000 9.995
3560.000 6.952
3570.000 5.148
3580.000 3.977
3590.000 3.173
3600.000 2.597
3610.000 2.597
3620.000 2.172
3630.000 1.856
3640.000 1.614
3650.000 1.614
3660.000 1.415
3670.000 1.260
3680.000 1.136
3690.000 1.031
3700.000 0.946
3710.000 0.946
3720.000 0.876
3730.000 0.817
3740.000 0.766
3750.000 0.766
3760.000 0.722
3770.000 0.686
3780.000 0.653
3790.000 0.622
3800.000 0.622
3810.000 0.598
3820.000 0.578
3830.000 0.560
3840.000 0.560
3850.000 0.545
3860.000 0.530
3870.000 0.521
3880.000 0.509
3890.000 0.498
3900.000 0.498
3910.000 0.491
3920.000 0.483
3930.000 0.480
3940.000 0.480
3950.000 0.473
3960.000 0.472
3970.000 0.465
3980.000 0.462
3990.000 0.468
4000.000 0.468
4010.000 0.462
4020.000 0.469
4030.000 0.462
4040.000 0.463
4050.000 0.463
4060.000 0.478
4070.000 0.478
4080.000 0.487
4090.000 0.488
4100.000 0.488
4110.000 0.494
4120.000 0.507
4130.000 0.516
4140.000 0.516
4150.000 0.528
4160.000 0.541
4170.000 0.558
4180.000 0.578
4190.000 0.604
4200.000 0.604
4210.000 0.632
4220.000 0.665
4230.000 0.702
4240.000 0.749
4250.000 0.749
4260.000 0.803
4270.000 0.875
4280.000 0.981
4290.000 1.151
4300.000 1.151
4310.000 1.427
4320.000 1.899
4330.000 2.702
4340.000 3.944
4350.000 3.944
4360.000 5.662
4370.000 8.104
4380.000 9.960
4390.000 7.294
4400.000 7.294
4410.000 4.058
4420.000 2.773
4430.000 2.012
4440.000 1.531
4450.000 1.531
4460.000 1.205
4470.000 0.980
4480.000 0.815
4490.000 0.690
4500.000 0.690
4510.000 0.593
4520.000 0.521
4530.000 0.462
4540.000 0.415
4550.000 0.415
4560.000 0.378
4570.000 0.348
4580.000 0.323
4590.000 0.302
4600.000 0.302
4610.000 0.288
4620.000 0.273
4630.000 0.263
4640.000 0.255
4650.000 0.255
4660.000 0.250
4670.000 0.246
4680.000 0.240
4690.000 0.235
4700.000 0.235
4710.000 0.233
4720.000 0.225
4730.000 0.216
4740.000 0.206
4750.000 0.206
4760.000 0.190
4770.000 0.177
4780.000 0.162
4790.000 0.146
4800.000 0.146
4810.000 0.127
4820.000 0.109
4830.000 0.093
4840.000 0.093
4850.000 0.080
4860.000 0.070
4870.000 0.072
4880.000 0.081
4890.000 0.101
4900.000 0.101
4910.000 0.126
4920.000 0.157
4930.000 0.197
4940.000 0.238
4950.000 0.238
4960.000 0.288
4970.000 0.341
4980.000 0.410
4990.000 0.410
5000.000 0.492
5010.000 0.576
5020.000 0.687
5030.000 0.818
5040.000 0.996
5050.000 0.996
5060.000 1.229
5070.000 1.546
5080.000 1.936
5090.000 1.936
5100.000 2.432
5110.000 2.998
5120.000 3.605
5130.000 4.291
5140.000 4.291
5150.000 5.071
5160.000 6.023
5170.000 7.234
5180.000 8.836
5190.000 8.834
5200.000 11.048
5210.000 14.256
5220.000 19.078
5230.000 26.012
5240.000 31.949
5250.000 31.949
5260.000 28.433
5270.000 17.499
5280.000 12.195
5290.000 12.195
5300.000 9.031
5310.000 6.960
5320.000 5.512
5330.000 4.469
5340.000 3.694
5350.000 3.694
5360.000 3.103
5370.000 2.652
5380.000 2.652
5390.000 2.292
5400.000 2.008
5410.000 1.774
5420.000 1.588
5430.000 1.433
5440.000 1.304
5450.000 1.303
5460.000 1.196
5470.000 1.106
5480.000 1.028
5490.000 1.028
5500.000 0.963
5510.000 0.906
5520.000 0.858
5530.000 0.816
5540.000 0.816
5550.000 0.780
5560.000 0.748
5570.000 0.720
5580.000 0.697
5590.000 0.697
5600.000 0.674
5610.000 0.656
5620.000 0.638
5630.000 0.623
5640.000 0.612
5650.000 0.612
5660.000 0.600
5670.000 0.592
5680.000 0.583
5690.000 0.583
5700.000 0.575
5710.000 0.571
5720.000 0.568
5730.000 0.563
5740.000 0.564
5750.000 0.564
5760.000 0.564
5770.000 0.565
5780.000 0.567
5790.000 0.567
5800.000 0.572
5810.000 0.581
5820.000 0.586
5830.000 0.594
5840.000 0.607
5850.000 0.607
5860.000 0.624
5870.000 0.642
5880.000 0.662
5890.000 0.662
5900.000 0.685
5910.000 0.712
5920.000 0.743
5930.000 0.783
5940.000 0.827
5950.000 0.827
5960.000 0.879
5970.000 0.944
5980.000 1.024
5990.000 1.024
6000.000 1.134
6010.000 1.272
6020.000 1.464
6030.000 1.743
6040.000 2.222
6050.000 2.222
6060.000 3.146
6070.000 5.101
6080.000 8.777
6090.000 8.777
6100.000 13.503
6110.000 17.458
6120.000 16.562
6130.000 9.791
6140.000 6.613
6150.000 6.613
6160.000 4.822
6170.000 3.599
6180.000 2.882
6190.000 2.882
6200.000 2.383
6210.000 2.014
6220.000 1.739
6230.000 1.525
6240.000 1.525
6250.000 1.360
6260.000 1.225
6270.000 1.120
6280.000 1.028
6290.000 1.028
6300.000 0.960
6310.000 0.899
6320.000 0.847
6330.000 0.817
6340.000 0.817
6350.000 0.774
6360.000 0.747
6370.000 0.722
6380.000 0.698
6390.000 0.698
6400.000 0.678
6410.000 0.662
6420.000 0.649
6430.000 0.634
6440.000 0.634
6450.000 0.626
6460.000 0.615
6470.000 0.608
6480.000 0.605
6490.000 0.605
6500.000 0.600
6510.000 0.595
6520.000 0.592
6530.000 0.589
6540.000 0.589
6550.000 0.590
6560.000 0.590
6570.000 0.591
6580.000 0.592
6590.000 0.592
6600.000 0.594
6610.000 0.599
6620.000 0.602
6630.000 0.608
6640.000 0.608
6650.000 0.613
6660.000 0.622
6670.000 0.629
6680.000 0.641
6690.000 0.641
6700.000 0.653
6710.000 0.665
6720.000 0.680
6730.000 0.700
6740.000 0.700
6750.000 0.719
6760.000 0.742
6770.000 0.769
6780.000 0.769
6790.000 0.801
6800.000 0.836
6810.000 0.881
6820.000 0.933
6830.000 1.004
6840.000 1.004
6850.000 1.083
6860.000 1.187
6870.000 1.329
6880.000 1.524
6890.000 1.524
6900.000 1.822
6910.000 2.299
6920.000 3.168
6930.000 4.854
6940.000 4.854
6950.000 7.842
6960.000 11.625
6970.000 14.595
6980.000 13.549
6990.000 13.549
7000.000 8.177
7010.000 5.398
7020.000 3.851
7030.000 2.881
7040.000 2.881
7050.000 2.248
7060.000 1.831
7070.000 1.514
7080.000 1.276
7090.000 1.275
7100.000 1.095
7110.000 0.961
7120.000 0.844
7130.000 0.758
7140.000 0.758
7150.000 0.685
7160.000 0.626
7170.000 0.579
7180.000 0.539
7190.000 0.539
7200.000 0.505
7210.000 0.475
7220.000 0.451
7230.000 0.429
7240.000 0.429
7250.000 0.412
7260.000 0.398
7270.000 0.382
7280.000 0.373
7290.000 0.373
7300.000 0.363
7310.000 0.352
7320.000 0.346
7330.000 0.338
7340.000 0.338
7350.000 0.331
7360.000 0.327
7370.000 0.322
7380.000 0.315
7390.000 0.315
7400.000 0.314
7410.000 0.310
7420.000 0.307
7430.000 0.307
7440.000 0.304
7450.000 0.302
7460.000 0.305
7470.000 0.301
7480.000 0.301
7490.000 0.302
7500.000 0.300
7510.000 0.302
7520.000 0.304
7530.000 0.304
7540.000 0.305
7550.000 0.307
7560.000 0.310
7570.000 0.315
7580.000 0.318
7590.000 0.318
7600.000 0.324
7610.000 0.332
7620.000 0.342
7630.000 0.342
7640.000 0.358
7650.000 0.372
7660.000 0.390
7670.000 0.415
7680.000 0.448
7690.000 0.448
7700.000 0.489
7710.000 0.546
7720.000 0.614
7730.000 0.614
7740.000 0.707
7750.000 0.834
7760.000 1.017
7770.000 1.290
7780.000 1.722
7790.000 1.722
7800.000 2.465
7810.000 3.929
7820.000 6.833
7830.000 6.833
7840.000 10.135
7850.000 10.598
7860.000 7.158
7870.000 4.905
7880.000 3.663
7890.000 3.663
7900.000 2.857
7910.000 2.322
7920.000 1.941
7930.000 1.941
7940.000 1.660
7950.000 1.447
7960.000 1.287
7970.000 1.153
7980.000 1.054
7990.000 1.054
8000.000 0.961
8010.000 0.890
8020.000 0.838
8030.000 0.838
8040.000 0.777
8050.000 0.736
8060.000 0.706
8070.000 0.694
8080.000 0.704
8090.000 0.704
8100.000 0.698
8110.000 0.675
8120.000 0.658
8130.000 0.658
8140.000 0.646
8150.000 0.635
8160.000 0.627
8170.000 0.621
8180.000 0.621
8190.000 0.613
8200.000 0.611
8210.000 0.610
8220.000 0.610
8230.000 0.599
8240.000 0.595
8250.000 0.591
8260.000 0.592
8270.000 0.594
8280.000 0.594
8290.000 0.594
8300.000 0.595
8310.000 0.598
8320.000 0.602
8330.000 0.602
8340.000 0.603
8350.000 0.607
8360.000 0.610
8370.000 0.618
8380.000 0.622
8390.000 0.622
8400.000 0.629
8410.000 0.638
8420.000 0.645
8430.000 0.645
8440.000 0.654
8450.000 0.676
8460.000 0.695
8470.000 0.709
8480.000 0.727
8490.000 0.727
8500.000 0.750
8510.000 0.774
8520.000 0.805
8530.000 0.805
8540.000 0.837
8550.000 0.888
8560.000 0.943
8570.000 0.943
8580.000 1.011
8590.000 1.100
8600.000 1.212
8610.000 1.374
8620.000 1.374
8630.000 1.612
8640.000 1.984
8650.000 2.609
8660.000 3.748
8670.000 3.748
8680.000 5.663
8690.000 7.758
8700.000 7.594
8710.000 4.524
8720.000 2.667
8730.000 2.667
8740.000 1.940
8750.000 1.859
8760.000 1.962
8770.000 1.961
8780.000 1.630
8790.000 1.151
8800.000 0.871
8810.000 0.688
8820.000 0.558
8830.000 0.558
8840.000 0.464
8850.000 0.386
8860.000 0.325
8870.000 0.325
8880.000 0.301
8890.000 0.266
8900.000 0.238
8910.000 0.218
8920.000 0.202
8930.000 0.202
8940.000 0.192
8950.000 0.183
8960.000 0.175
8970.000 0.175
8980.000 0.169
8990.000 0.164
9000.000 0.162
9010.000 0.159
9020.000 0.154
9030.000 0.154
9040.000 0.156
9050.000 0.153
9060.000 0.150
9070.000 0.150
9080.000 0.146
9090.000 0.145
9100.000 0.143
9110.000 0.141
9120.000 0.135
9130.000 0.135
9140.000 0.142
9150.000 0.145
9160.000 0.149
9170.000 0.146
9180.000 0.146
9190.000 0.144
9200.000 0.143
9210.000 0.140
9220.000 0.140
9230.000 0.138
9240.000 0.136
9250.000 0.132
9260.000 0.129
9270.000 0.124
9280.000 0.124
9290.000 0.118
9300.000 0.112
9310.000 0.109
9320.000 0.102
9330.000 0.102
9340.000 0.099
9350.000 0.090
9360.000 0.085
9370.000 0.081
9380.000 0.081
9390.000 0.080
9400.000 0.082
9410.000 0.093
9420.000 0.093
9430.000 0.109
9440.000 0.135
9450.000 0.172
9460.000 0.222
9470.000 0.289
9480.000 0.289
9490.000 0.389
9500.000 0.552
9510.000 0.835
9520.000 0.835
9530.000 1.297
9540.000 1.956
9550.000 2.907
9560.000 4.372
9570.000 5.816
9580.000 5.816
9590.000 5.202
9600.000 3.754
9610.000 2.932
9620.000 2.425
9630.000 2.424
9640.000 2.080
9650.000 1.823
9660.000 1.630
9670.000 1.478
9680.000 1.478
9690.000 1.354
9700.000 1.243
9710.000 1.148
9720.000 1.147
9730.000 1.067
9740.000 0.990
9750.000 0.931
9760.000 0.876
9770.000 0.876
9780.000 0.831
9790.000 0.795
9800.000 0.759
9810.000 0.730
9820.000 0.702
9830.000 0.702
9840.000 0.680
9850.000 0.666
9860.000 0.649
9870.000 0.649
9880.000 0.635
9890.000 0.625
9900.000 0.615
9910.000 0.612
9920.000 0.609
9930.000 0.609
9940.000 0.603
9950.000 0.599
9960.000 0.596
9970.000 0.596
9980.000 0.591
9990.000 0.593
10000.000 0.591
10010.000 0.585
10020.000 0.588
10030.000 0.588
10040.000 0.586
10050.000 0.587
10060.000 0.592
10070.000 0.592
10080.000 0.611
10090.000 0.624
10100.000 0.621
10110.000 0.620
10120.000 0.622
10130.000 0.622
10140.000 0.623
10150.000 0.626
10160.000 0.633
10170.000 0.633
10180.000 0.638
10190.000 0.646
10200.000 0.655
10210.000 0.665
10220.000 0.677
10230.000 0.676
10240.000 0.687
10250.000 0.706
10260.000 0.718
10270.000 0.718
10280.000 0.740
10290.000 0.761
10300.000 0.788
10310.000 0.828
10320.000 0.874
10330.000 0.874
10340.000 0.934
10350.000 1.014
10360.000 1.132
10370.000 1.132
10380.000 1.305
10390.000 1.569
10400.000 1.983
10410.000 2.564
10420.000 3.179
10430.000 3.179
10440.000 3.183
10450.000 2.225
10460.000 1.321
10470.000 1.321
10480.000 0.847
10490.000 0.578
10500.000 0.471
10510.000 0.353
10520.000 0.260
10530.000 0.260
10540.000 0.191
10550.000 0.141
10560.000 0.115
10570.000 0.115
10580.000 0.102
10590.000 0.104
10600.000 0.110
10610.000 0.114
10620.000 0.118
10630.000 0.118
10640.000 0.128
10650.000 0.137
10660.000 0.147
10670.000 0.147
10680.000 0.155
10690.000 0.164
10700.000 0.170
10710.000 0.173
10720.000 0.180
10730.000 0.180
10740.000 0.181
10750.000 0.186
10760.000 0.186
10770.000 0.186
10780.000 0.193
10790.000 0.195
10800.000 0.194
10810.000 0.198
10820.000 0.198
10830.000 0.198
10840.000 0.201
10850.000 0.201
10860.000 0.203
10870.000 0.203
10880.000 0.206
10890.000 0.208
10900.000 0.207
10910.000 0.207
10920.000 0.208
10930.000 0.208
10940.000 0.206
10950.000 0.205
10960.000 0.201
10970.000 0.201
10980.000 0.199
10990.000 0.197
11000.000 0.194
11010.000 0.194
11020.000 0.188
11030.000 0.190
11040.000 0.182
11050.000 0.181
11060.000 0.173
11070.000 0.173
11080.000 0.167
11090.000 0.160
11100.000 0.151
11110.000 0.151
11120.000 0.144
11130.000 0.133
11140.000 0.122
11150.000 0.112
11160.000 0.105
11170.000 0.105
11180.000 0.107
11190.000 0.124
11200.000 0.153
11210.000 0.153
11220.000 0.162
11230.000 0.179
11240.000 0.243
11250.000 0.398
11260.000 0.757
11270.000 0.757
11280.000 1.353
11290.000 2.034
11300.000 2.650
11310.000 2.650
11320.000 2.711
11330.000 2.229
11340.000 1.846
11350.000 1.595
11360.000 1.420
11370.000 1.420
11380.000 1.294
11390.000 1.194
11400.000 1.115
11410.000 1.115
11420.000 1.056
11430.000 1.002
11440.000 0.958
11450.000 0.917
11460.000 0.885
11470.000 0.885
11480.000 0.859
11490.000 0.837
11500.000 0.818
11510.000 0.818
11520.000 0.796
11530.000 0.775
11540.000 0.753
11550.000 0.730
11560.000 0.704
11570.000 0.704
11580.000 0.682
11590.000 0.662
11600.000 0.639
11610.000 0.639
11620.000 0.620
11630.000 0.603
11640.000 0.584
11650.000 0.568
11660.000 0.556
11670.000 0.556
11680.000 0.547
11690.000 0.534
11700.000 0.523
11710.000 0.523
11720.000 0.515
11730.000 0.510
11740.000 0.504
11750.000 0.506
11760.000 0.505
11770.000 0.505
11780.000 0.502
11790.000 0.506
11800.000 0.508
11810.000 0.508
11820.000 0.509
11830.000 0.505
11840.000 0.510
11850.000 0.508
11860.000 0.511
11870.000 0.511
11880.000 0.514
11890.000 0.516
11900.000 0.519
11910.000 0.519
11920.000 0.526
11930.000 0.528
11940.000 0.532
11950.000 0.541
11960.000 0.548
11970.000 0.548
11980.000 0.552
11990.000 0.562
12000.000 0.574
