110.000 0.043
120.000 0.023
130.000 0.057
140.000 0.941
150.000 0.941
160.000 4.944
170.000 5.785
180.000 5.941
190.000 5.879
200.000 5.878
210.000 5.925
220.000 6.043
230.000 5.940
240.000 6.319
250.000 6.319
260.000 7.310
270.000 8.246
280.000 9.231
290.000 9.974
300.000 9.974
310.000 10.752
320.000 11.439
330.000 12.218
340.000 12.218
350.000 13.195
360.000 14.482
370.000 16.418
380.000 19.195
390.000 19.195
400.000 23.022
410.000 27.642
420.000 32.127
430.000 36.772
440.000 41.766
450.000 41.766
460.000 47.075
470.000 52.235
480.000 52.235
490.000 56.743
500.000 60.873
510.000 65.471
520.000 70.277
530.000 69.306
540.000 69.290
550.000 66.170
560.000 64.665
570.000 41.503
580.000 41.503
590.000 26.550
600.000 19.104
610.000 14.861
620.000 12.001
630.000 9.839
640.000 9.839
650.000 8.119
660.000 6.739
670.000 5.603
680.000 4.696
690.000 4.696
700.000 3.985
710.000 3.429
720.000 2.968
730.000 2.599
740.000 2.599
750.000 2.310
760.000 2.070
770.000 1.912
780.000 1.912
790.000 1.728
800.000 1.573
810.000 1.441
820.000 1.339
830.000 1.241
840.000 1.240
850.000 1.168
860.000 1.099
870.000 1.050
880.000 1.050
890.000 1.018
900.000 0.993
910.000 0.985
920.000 0.990
930.000 1.008
940.000 1.008
950.000 1.050
960.000 1.129
970.000 1.253
980.000 1.419
990.000 1.419
1000.000 1.755
1010.000 2.365
1020.000 3.412
1030.000 4.880
1040.000 4.880
1050.000 4.783
1060.000 1.857
1070.000 1.355
1080.000 1.355
1090.000 1.057
1100.000 0.882
1110.000 0.762
1120.000 0.680
1130.000 0.627
1140.000 0.627
1150.000 0.597
1160.000 0.573
1170.000 0.558
1180.000 0.545
1190.000 0.545
1200.000 0.537
1210.000 0.535
1220.000 0.535
1230.000 0.541
1240.000 0.541
1250.000 0.546
1260.000 0.557
1270.000 0.572
1280.000 0.572
1290.000 0.589
1300.000 0.607
1310.000 0.629
1320.000 0.659
1330.000 0.694
1340.000 0.694
1350.000 0.734
1360.000 0.785
1370.000 0.843
1380.000 0.843
1390.000 0.915
1400.000 1.000
1410.000 1.113
1420.000 1.250
1430.000 1.441
1440.000 1.696
1450.000 1.696
1460.000 2.094
1470.000 2.781
1480.000 2.781
1490.000 4.212
1500.000 7.112
1510.000 11.952
1520.000 16.895
1530.000 16.891
1540.000 17.230
1550.000 9.301
1560.000 6.443
1570.000 4.835
1580.000 4.834
1590.000 3.803
1600.000 3.099
1610.000 2.573
1620.000 2.177
1630.000 2.177
1640.000 1.871
1650.000 1.635
1660.000 1.469
1670.000 1.386
1680.000 1.386
1690.000 1.382
1700.000 1.451
1710.000 1.553
1720.000 1.651
1730.000 1.651
1740.000 1.741
1750.000 1.807
1760.000 1.874
1770.000 1.934
1780.000 2.036
1790.000 2.035
1800.000 2.181
1810.000 2.371
1820.000 2.617
1830.000 2.617
1840.000 2.927
1850.000 3.320
1860.000 3.832
1870.000 4.469
1880.000 4.468
1890.000 5.259
1900.000 6.207
1910.000 7.286
1920.000 8.561
1930.000 8.561
1940.000 10.060
1950.000 11.946
1960.000 14.448
1970.000 17.723
1980.000 21.643
1990.000 21.643
2000.000 25.879
2010.000 29.656
2020.000 31.165
2030.000 28.955
2040.000 28.955
2050.000 24.078
2060.000 19.851
2070.000 16.783
2080.000 16.783
2090.000 14.329
2100.000 12.352
2110.000 10.665
2120.000 9.297
2130.000 8.157
2140.000 8.156
2150.000 7.211
2160.000 6.411
2170.000 5.743
2180.000 5.742
2190.000 5.186
2200.000 4.730
2210.000 4.347
2220.000 4.027
2230.000 3.756
2240.000 3.756
2250.000 3.526
2260.000 3.331
2270.000 3.170
2280.000 3.042
2290.000 3.042
2300.000 2.947
2310.000 2.870
2320.000 2.822
2330.000 2.793
2340.000 2.793
2350.000 2.785
2360.000 2.802
2370.000 2.871
2380.000 2.871
2390.000 3.006
2400.000 3.210
2410.000 3.506
2420.000 3.905
2430.000 4.413
2440.000 4.412
2450.000 5.153
2460.000 6.306
2470.000 8.152
2480.000 8.151
2490.000 11.047
2500.000 15.283
2510.000 20.506
2520.000 25.800
2530.000 28.333
2540.000 28.333
2550.000 22.550
2560.000 13.938
2570.000 9.637
2580.000 7.055
2590.000 7.055
2600.000 5.398
2610.000 4.282
2620.000 3.508
2630.000 2.945
2640.000 2.945
2650.000 2.524
2660.000 2.197
2670.000 1.942
2680.000 1.942
2690.000 1.740
2700.000 1.563
2710.000 1.436
2720.000 1.334
2730.000 1.334
2740.000 1.250
2750.000 1.185
2760.000 1.131
2770.000 1.092
2780.000 1.060
2790.000 1.060
2800.000 1.041
2810.000 1.029
2820.000 1.025
2830.000 1.025
2840.000 1.033
2850.000 1.050
2860.000 1.082
2870.000 1.132
2880.000 1.132
2890.000 1.199
2900.000 1.293
2910.000 1.421
2920.000 1.421
2930.000 1.607
2940.000 1.879
2950.000 2.309
2960.000 3.014
2970.000 4.188
2980.000 6.436
2990.000 6.436
3000.000 10.750
3010.000 16.651
3020.000 21.429
3030.000 21.429
3040.000 18.902
3050.000 10.026
3060.000 6.840
3070.000 4.970
3080.000 4.969
3090.000 3.790
3100.000 3.005
3110.000 2.458
3120.000 2.064
3130.000 2.064
3140.000 1.779
3150.000 1.558
3160.000 1.384
3170.000 1.247
3180.000 1.247
3190.000 1.137
3200.000 1.048
3210.000 0.975
3220.000 0.975
3230.000 0.917
3240.000 0.871
3250.000 0.834
3260.000 0.804
3270.000 0.781
3280.000 0.760
3290.000 0.760
3300.000 0.751
3310.000 0.744
3320.000 0.744
3330.000 0.742
3340.000 0.749
3350.000 0.762
3360.000 0.784
3370.000 0.817
3380.000 0.864
3390.000 0.864
3400.000 0.930
3410.000 1.020
3420.000 1.150
3430.000 1.150
3440.000 1.344
3450.000 1.661
3460.000 2.173
3470.000 2.972
3480.000 2.972
3490.000 4.324
3500.000 6.804
3510.000 11.230
3520.000 11.230
3530.000 13.475
3540.000 7.893
3550.000 4.668
3560.000 3.211
3570.000 2.367
3580.000 2.367
3590.000 1.837
3600.000 1.478
3610.000 1.230
3620.000 1.230
3630.000 1.045
3640.000 0.910
3650.000 0.808
3660.000 0.726
3670.000 0.662
3680.000 0.662
3690.000 0.614
3700.000 0.575
3710.000 0.542
3720.000 0.542
3730.000 0.518
3740.000 0.498
3750.000 0.483
3760.000 0.472
3770.000 0.466
3780.000 0.462
3790.000 0.462
3800.000 0.460
3810.000 0.464
3820.000 0.464
3830.000 0.473
3840.000 0.483
3850.000 0.503
3860.000 0.529
3870.000 0.571
3880.000 0.621
3890.000 0.628
3900.000 0.703
3910.000 0.812
3920.000 0.967
3930.000 0.967
3940.000 1.212
3950.000 1.606
3960.000 2.220
3970.000 2.220
3980.000 3.162
3990.000 4.682
4000.000 7.343
4010.000 10.758
4020.000 10.758
4030.000 9.243
4040.000 4.772
4050.000 3.349
4060.000 2.504
4070.000 2.504
4080.000 1.971
4090.000 1.593
4100.000 1.346
4110.000 1.161
4120.000 1.161
4130.000 1.016
4140.000 0.910
4150.000 0.826
4160.000 0.760
4170.000 0.760
4180.000 0.705
4190.000 0.660
4200.000 0.622
4210.000 0.595
4220.000 0.568
4230.000 0.568
4240.000 0.544
4250.000 0.525
4260.000 0.509
4270.000 0.509
4280.000 0.494
4290.000 0.488
4300.000 0.488
4310.000 0.489
4320.000 0.489
4330.000 0.496
4340.000 0.505
4350.000 0.517
4360.000 0.534
4370.000 0.534
4380.000 0.562
4390.000 0.600
4400.000 0.650
4410.000 0.721
4420.000 0.721
4430.000 0.829
4440.000 1.003
4450.000 1.294
4460.000 1.818
4470.000 1.818
4480.000 2.706
4490.000 3.995
4500.000 5.647
4510.000 6.563
4520.000 6.563
4530.000 3.911
4540.000 2.188
4550.000 1.474
4560.000 1.076
4570.000 1.076
4580.000 0.830
4590.000 0.666
4600.000 0.551
4610.000 0.480
4620.000 0.480
4630.000 0.423
4640.000 0.381
4650.000 0.350
4660.000 0.329
4670.000 0.329
4680.000 0.312
4690.000 0.297
4700.000 0.285
4710.000 0.276
4720.000 0.276
4730.000 0.265
4740.000 0.251
4750.000 0.236
4760.000 0.220
4770.000 0.220
4780.000 0.205
4790.000 0.185
4800.000 0.166
4810.000 0.148
4820.000 0.148
4830.000 0.138
4840.000 0.132
4850.000 0.144
4860.000 0.173
4870.000 0.173
4880.000 0.223
4890.000 0.292
4900.000 0.390
4910.000 0.548
4920.000 0.860
4930.000 0.860
4940.000 1.509
4950.000 2.679
4960.000 4.268
4970.000 4.268
4980.000 6.610
4990.000 10.258
5000.000 14.605
5010.000 14.912
5020.000 9.543
5030.000 9.543
5040.000 7.124
5050.000 5.687
5060.000 4.696
5070.000 4.696
5080.000 3.948
5090.000 3.465
5100.000 3.068
5110.000 2.757
5120.000 2.757
5130.000 2.510
5140.000 2.295
5150.000 2.115
5160.000 2.115
5170.000 1.958
5180.000 1.823
5190.000 1.707
5200.000 1.607
5210.000 1.524
5220.000 1.524
5230.000 1.453
5240.000 1.389
5250.000 1.339
5260.000 1.297
5270.000 1.297
5280.000 1.263
5290.000 1.242
5300.000 1.235
5310.000 1.248
5320.000 1.277
5330.000 1.277
5340.000 1.327
5350.000 1.399
5360.000 1.503
5370.000 1.503
5380.000 1.646
5390.000 1.850
5400.000 2.137
5410.000 2.570
5420.000 2.570
5430.000 3.206
5440.000 4.122
5450.000 5.377
5460.000 5.377
5470.000 7.254
5480.000 10.339
5490.000 14.881
5500.000 18.256
5510.000 13.663
5520.000 7.446
5530.000 7.446
5540.000 5.172
5550.000 3.837
5560.000 2.983
5570.000 2.983
5580.000 2.408
5590.000 1.999
5600.000 1.702
5610.000 1.483
5620.000 1.312
5630.000 1.312
5640.000 1.180
5650.000 1.076
5660.000 0.996
5670.000 0.995
5680.000 0.931
5690.000 0.882
5700.000 0.840
5710.000 0.811
5720.000 0.786
5730.000 0.786
5740.000 0.769
5750.000 0.760
5760.000 0.760
5770.000 0.753
5780.000 0.752
5790.000 0.755
5800.000 0.765
5810.000 0.779
5820.000 0.779
5830.000 0.800
5840.000 0.831
5850.000 0.869
5860.000 0.915
5870.000 0.915
5880.000 0.981
5890.000 1.096
5900.000 1.261
5910.000 1.521
5920.000 1.957
5930.000 1.956
5940.000 2.772
5950.000 4.268
5960.000 4.268
5970.000 6.651
5980.000 9.955
5990.000 13.576
6000.000 14.087
6010.000 8.126
6020.000 8.126
6030.000 5.219
6040.000 3.736
6050.000 2.837
6060.000 2.836
6070.000 2.217
6080.000 1.811
6090.000 1.533
6100.000 1.309
6110.000 1.145
6120.000 1.021
6130.000 1.021
6140.000 0.921
6150.000 0.840
6160.000 0.775
6170.000 0.775
6180.000 0.724
6190.000 0.686
6200.000 0.653
6210.000 0.629
6220.000 0.609
6230.000 0.609
6240.000 0.595
6250.000 0.582
6260.000 0.582
6270.000 0.575
6280.000 0.571
6290.000 0.571
6300.000 0.576
6310.000 0.576
6320.000 0.586
6330.000 0.600
6340.000 0.627
6350.000 0.655
6360.000 0.655
6370.000 0.690
6380.000 0.741
6390.000 0.809
6400.000 0.911
6410.000 0.911
6420.000 1.082
6430.000 1.387
6440.000 2.013
6450.000 3.415
6460.000 5.984
6470.000 5.984
6480.000 9.236
6490.000 11.782
6500.000 9.741
6510.000 9.741
6520.000 5.562
6530.000 3.964
6540.000 3.016
6550.000 2.413
6560.000 2.413
6570.000 2.001
6580.000 1.712
6590.000 1.494
6600.000 1.329
6610.000 1.329
6620.000 1.199
6630.000 1.095
6640.000 1.014
6650.000 0.952
6660.000 0.901
6670.000 0.901
6680.000 0.860
6690.000 0.826
6700.000 0.805
6710.000 0.805
6720.000 0.789
6730.000 0.778
6740.000 0.768
6750.000 0.762
6760.000 0.762
6770.000 0.762
6780.000 0.765
6790.000 0.774
6800.000 0.787
6810.000 0.787
6820.000 0.806
6830.000 0.834
6840.000 0.868
6850.000 0.914
6860.000 0.980
6870.000 0.980
6880.000 1.085
6890.000 1.233
6900.000 1.463
6910.000 1.463
6920.000 1.839
6930.000 2.514
6940.000 3.723
6950.000 5.656
6960.000 5.655
6970.000 8.276
6980.000 11.036
6990.000 11.189
7000.000 6.654
7010.000 6.654
7020.000 4.183
7030.000 2.919
7040.000 2.179
7050.000 1.688
7060.000 1.688
7070.000 1.370
7080.000 1.138
7090.000 0.975
7100.000 0.848
7110.000 0.848
7120.000 0.755
7130.000 0.678
7140.000 0.620
7150.000 0.577
7160.000 0.577
7170.000 0.537
7180.000 0.509
7190.000 0.487
7200.000 0.466
7210.000 0.466
7220.000 0.452
7230.000 0.440
7240.000 0.432
7250.000 0.428
7260.000 0.428
7270.000 0.422
7280.000 0.416
7290.000 0.419
7300.000 0.422
7310.000 0.422
7320.000 0.431
7330.000 0.442
7340.000 0.457
7350.000 0.482
7360.000 0.482
7370.000 0.514
7380.000 0.561
7390.000 0.630
7400.000 0.757
7410.000 0.757
7420.000 0.952
7430.000 1.307
7440.000 2.091
7450.000 4.086
7460.000 4.086
7470.000 6.624
7480.000 9.767
7490.000 8.756
7500.000 8.756
7510.000 5.399
7520.000 4.013
7530.000 3.183
7540.000 2.625
7550.000 2.227
7560.000 2.227
7570.000 1.936
7580.000 1.714
7590.000 1.526
7600.000 1.526
7610.000 1.408
7620.000 1.329
7630.000 1.203
7640.000 1.251
7650.000 1.296
7660.000 1.255
7670.000 1.255
7680.000 1.218
7690.000 1.187
7700.000 1.187
7710.000 1.159
7720.000 1.141
7730.000 1.118
7740.000 1.079
7750.000 1.046
7760.000 1.046
7770.000 1.021
7780.000 1.010
7790.000 1.000
7800.000 1.000
7810.000 0.997
7820.000 0.998
7830.000 1.016
7840.000 1.053
7850.000 1.119
7860.000 1.220
7870.000 1.220
7880.000 1.364
7890.000 1.588
7900.000 1.588
7910.000 1.946
7920.000 2.544
7930.000 3.564
7940.000 5.097
7950.000 7.904
7960.000 7.904
7970.000 10.426
7980.000 10.654
7990.000 6.483
8000.000 6.483
8010.000 3.802
8020.000 2.544
8030.000 1.825
8040.000 1.491
8050.000 1.246
8060.000 0.969
8070.000 0.969
8080.000 0.805
8090.000 0.700
8100.000 0.700
8110.000 0.605
8120.000 0.527
8130.000 0.474
8140.000 0.438
8150.000 0.407
8160.000 0.407
8170.000 0.392
8180.000 0.367
8190.000 0.344
8200.000 0.329
8210.000 0.329
8220.000 0.315
8230.000 0.303
8240.000 0.293
8250.000 0.287
8260.000 0.287
8270.000 0.282
8280.000 0.279
8290.000 0.280
8300.000 0.279
8310.000 0.279
8320.000 0.284
8330.000 0.293
8340.000 0.304
8350.000 0.326
8360.000 0.367
8370.000 0.367
8380.000 0.431
8390.000 0.530
8400.000 0.685
8410.000 0.685
8420.000 0.966
8430.000 1.527
8440.000 2.770
8450.000 5.182
8460.000 7.768
8470.000 7.767
8480.000 8.160
8490.000 5.500
8500.000 5.500
8510.000 3.990
8520.000 3.137
8530.000 2.575
8540.000 2.174
8550.000 1.882
8560.000 1.882
8570.000 1.658
8580.000 1.482
8590.000 1.341
8600.000 1.232
8610.000 1.232
8620.000 1.146
8630.000 1.073
8640.000 1.016
8650.000 1.010
8660.000 0.960
8670.000 0.920
8680.000 0.887
8690.000 0.864
8700.000 0.864
8710.000 0.850
8720.000 0.838
8730.000 0.950
8740.000 0.950
8750.000 1.007
8760.000 1.013
8770.000 0.999
8780.000 1.032
8790.000 1.035
8800.000 1.035
8810.000 1.386
8820.000 1.428
8830.000 1.434
8840.000 1.434
8850.000 1.469
8860.000 1.537
8870.000 1.573
8880.000 1.762
8890.000 1.990
8900.000 1.989
8910.000 2.127
8920.000 2.386
8930.000 3.174
8940.000 3.173
8950.000 4.581
8960.000 5.847
8970.000 6.095
8980.000 5.157
8990.000 2.907
9000.000 2.907
9010.000 1.748
9020.000 1.134
9030.000 0.797
9040.000 0.586
9050.000 0.586
9060.000 0.453
9070.000 0.359
9080.000 0.300
9090.000 0.268
9100.000 0.239
9110.000 0.239
9120.000 0.215
9130.000 0.201
9140.000 0.190
9150.000 0.190
9160.000 0.184
9170.000 0.176
9180.000 0.170
9190.000 0.166
9200.000 0.162
9210.000 0.162
9220.000 0.156
9230.000 0.150
9240.000 0.144
9250.000 0.144
9260.000 0.136
9270.000 0.129
9280.000 0.119
9290.000 0.109
9300.000 0.099
9310.000 0.099
9320.000 0.089
9330.000 0.081
9340.000 0.077
9350.000 0.077
9360.000 0.083
9370.000 0.107
9380.000 0.154
9390.000 0.228
9400.000 0.361
9410.000 0.361
9420.000 0.620
9430.000 1.117
9440.000 1.947
9450.000 1.947
9460.000 3.351
9470.000 4.471
9480.000 3.529
9490.000 2.558
9500.000 2.558
9510.000 2.053
9520.000 1.730
9530.000 1.507
9540.000 1.339
9550.000 1.339
9560.000 1.203
9570.000 1.094
9580.000 1.003
9590.000 0.929
9600.000 0.867
9610.000 0.867
9620.000 0.811
9630.000 0.768
9640.000 0.768
9650.000 0.731
9660.000 0.697
9670.000 0.670
9680.000 0.645
9690.000 0.629
9700.000 0.629
9710.000 0.614
9720.000 0.599
9730.000 0.587
9740.000 0.583
9750.000 0.583
9760.000 0.581
9770.000 0.583
9780.000 0.586
9790.000 0.593
9800.000 0.593
9810.000 0.606
9820.000 0.619
9830.000 0.642
9840.000 0.642
9850.000 0.667
9860.000 0.705
9870.000 0.954
9880.000 1.067
9890.000 1.212
9900.000 1.212
9910.000 1.432
9920.000 1.772
9930.000 2.154
9940.000 2.154
9950.000 2.498
9960.000 2.468
9970.000 1.519
9980.000 0.767
9990.000 0.548
10000.000 0.548
10010.000 0.446
10020.000 0.285
10030.000 0.178
10040.000 0.124
10050.000 0.124
10060.000 0.108
10070.000 0.112
10080.000 0.118
10090.000 0.123
10100.000 0.123
10110.000 0.130
10120.000 0.139
10130.000 0.142
10140.000 0.142
10150.000 0.147
10160.000 0.149
10170.000 0.152
10180.000 0.153
10190.000 0.152
10200.000 0.152
10210.000 0.153
10220.000 0.150
10230.000 0.148
10240.000 0.148
10250.000 0.145
10260.000 0.142
10270.000 0.139
10280.000 0.132
10290.000 0.124
10300.000 0.124
10310.000 0.107
10320.000 0.093
10330.000 0.080
10340.000 0.080
10350.000 0.063
10360.000 0.046
10370.000 0.041
10380.000 0.072
10390.000 0.137
10400.000 0.137
10410.000 0.292
10420.000 0.651
10430.000 1.152
10440.000 1.152
10450.000 1.754
10460.000 2.107
10470.000 1.744
10480.000 1.471
10490.000 1.283
10500.000 1.283
10510.000 1.146
10520.000 1.045
10530.000 0.969
10540.000 0.906
10550.000 0.906
10560.000 0.861
10570.000 1.043
10580.000 0.988
10590.000 0.963
10600.000 0.963
10610.000 0.920
10620.000 0.898
10630.000 0.882
10640.000 0.882
10650.000 0.848
10660.000 0.786
10670.000 0.894
10680.000 0.875
10690.000 0.858
10700.000 0.853
10710.000 0.853
10720.000 0.827
10730.000 0.818
10740.000 0.818
10750.000 0.793
10760.000 0.765
10770.000 0.739
10780.000 0.724
10790.000 0.708
10800.000 0.708
10810.000 0.700
10820.000 0.693
10830.000 0.701
10840.000 0.701
10850.000 0.714
10860.000 0.740
10870.000 0.792
10880.000 0.866
10890.000 1.429
10900.000 1.429
10910.000 1.427
10920.000 1.738
10930.000 1.984
10940.000 2.086
10950.000 2.086
10960.000 1.633
10970.000 0.806
10980.000 0.387
10990.000 0.181
11000.000 0.181
11010.000 0.090
11020.000 0.094
11030.000 0.117
11040.000 0.117
11050.000 0.144
11060.000 0.162
11070.000 0.173
11080.000 0.179
11090.000 0.179
11100.000 0.187
11110.000 0.194
11120.000 0.194
11130.000 0.198
11140.000 0.198
11150.000 0.198
11160.000 0.197
11170.000 0.195
11180.000 0.197
11190.000 0.197
11200.000 0.194
11210.000 0.191
11220.000 0.190
11230.000 0.189
11240.000 0.186
11250.000 0.186
11260.000 0.182
11270.000 0.176
11280.000 0.176
11290.000 0.173
11300.000 0.172
11310.000 0.169
11320.000 0.159
11330.000 0.144
11340.000 0.144
11350.000 0.134
11360.000 0.122
11370.000 0.117
11380.000 0.117
11390.000 0.128
11400.000 0.181
11410.000 0.337
11420.000 0.749
11430.000 1.270
11440.000 1.677
11450.000 1.677
11460.000 1.591
11470.000 1.289
11480.000 1.289
11490.000 1.103
11500.000 0.988
11510.000 0.905
11520.000 0.843
11530.000 0.801
11540.000 0.801
11550.000 0.764
11560.000 0.735
11570.000 0.701
11580.000 0.679
11590.000 0.679
11600.000 0.655
11610.000 0.636
11620.000 0.613
11630.000 0.594
11640.000 0.594
11650.000 0.576
11660.000 0.557
11670.000 0.545
11680.000 0.530
11690.000 0.530
11700.000 0.517
11710.000 0.510
11720.000 0.499
11730.000 0.492
11740.000 0.492
11750.000 0.488
11760.000 0.478
11770.000 0.474
11780.000 0.471
11790.000 0.471
11800.000 0.470
11810.000 0.476
11820.000 0.481
11830.000 0.490
11840.000 0.490
11850.000 0.508
11860.000 0.532
11870.000 0.571
11880.000 0.618
11890.000 0.618
11900.000 0.689
11910.000 0.793
11920.000 0.913
11930.000 0.926
11940.000 0.672
11950.000 0.672
11960.000 0.323
11970.000 0.137
11980.000 0.076
11990.000 0.076
12000.000 0.097
