110.000 0.050
120.000 0.065
130.000 0.061
140.000 1.251
150.000 1.251
160.000 5.468
170.000 6.908
180.000 7.557
190.000 7.666
200.000 7.666
210.000 7.679
220.000 7.727
230.000 8.075
240.000 8.613
250.000 8.613
260.000 9.020
270.000 9.496
280.000 10.200
290.000 11.022
300.000 11.022
310.000 11.902
320.000 13.152
330.000 14.912
340.000 17.263
350.000 17.263
360.000 19.848
370.000 22.895
380.000 26.746
390.000 31.639
400.000 31.639
410.000 37.897
420.000 45.699
430.000 55.461
440.000 66.059
450.000 66.059
460.000 72.369
470.000 66.907
480.000 62.477
490.000 60.944
500.000 60.930
510.000 58.634
520.000 43.553
530.000 29.151
540.000 21.443
550.000 21.443
560.000 16.837
570.000 13.754
580.000 11.359
590.000 9.453
600.000 9.453
610.000 7.900
620.000 6.650
630.000 5.676
640.000 4.902
650.000 4.902
660.000 4.293
670.000 3.791
680.000 3.377
690.000 3.056
700.000 3.056
710.000 2.800
720.000 2.572
730.000 2.407
740.000 2.274
750.000 2.274
760.000 2.182
770.000 2.136
780.000 2.140
790.000 2.125
800.000 2.125
810.000 2.135
820.000 2.187
830.000 2.289
840.000 2.480
850.000 2.480
860.000 2.781
870.000 3.310
880.000 4.284
890.000 6.561
900.000 6.561
910.000 19.001
920.000 24.050
930.000 7.157
940.000 4.760
950.000 4.760
960.000 3.260
970.000 2.421
980.000 1.859
990.000 1.859
1000.000 1.477
1010.000 1.228
1020.000 1.045
1030.000 0.928
1040.000 0.826
1050.000 0.826
1060.000 0.742
1070.000 0.693
1080.000 0.642
1090.000 0.642
1100.000 0.605
1110.000 0.579
1120.000 0.561
1130.000 0.553
1140.000 0.550
1150.000 0.550
1160.000 0.561
1170.000 0.577
1180.000 0.597
1190.000 0.597
1200.000 0.628
1210.000 0.666
1220.000 0.719
1230.000 0.785
1240.000 0.875
1250.000 0.875
1260.000 1.000
1270.000 1.173
1280.000 1.425
1290.000 1.425
1300.000 1.823
1310.000 2.585
1320.000 4.533
1330.000 9.348
1340.000 15.024
1350.000 15.024
1360.000 9.983
1370.000 4.994
1380.000 3.380
1390.000 3.380
1400.000 2.592
1410.000 2.122
1420.000 1.805
1430.000 1.579
1440.000 1.409
1450.000 1.409
1460.000 1.285
1470.000 1.189
1480.000 1.119
1490.000 1.119
1500.000 1.066
1510.000 1.025
1520.000 0.997
1530.000 0.978
1540.000 0.972
1550.000 0.972
1560.000 0.971
1570.000 0.979
1580.000 0.991
1590.000 0.991
1600.000 1.006
1610.000 1.030
1620.000 1.059
1630.000 1.095
1640.000 1.144
1650.000 1.144
1660.000 1.224
1670.000 1.377
1680.000 1.707
1690.000 1.707
1700.000 2.432
1710.000 4.047
1720.000 6.936
1730.000 10.876
1740.000 16.625
1750.000 16.623
1760.000 25.142
1770.000 34.802
1780.000 33.622
1790.000 33.614
1800.000 18.583
1810.000 13.611
1820.000 10.633
1830.000 8.706
1840.000 8.705
1850.000 7.362
1860.000 6.388
1870.000 5.665
1880.000 5.110
1890.000 5.110
1900.000 4.693
1910.000 4.377
1920.000 4.139
1930.000 3.963
1940.000 3.839
1950.000 3.839
1960.000 3.750
1970.000 3.699
1980.000 3.679
1990.000 3.679
2000.000 3.673
2010.000 3.694
2020.000 3.731
2030.000 3.869
2040.000 4.086
2050.000 4.085
2060.000 4.409
2070.000 4.804
2080.000 5.361
2090.000 5.360
2100.000 6.169
2110.000 7.138
2120.000 8.426
2130.000 8.426
2140.000 10.066
2150.000 12.048
2160.000 14.377
2170.000 17.251
2180.000 20.770
2190.000 20.770
2200.000 24.821
2210.000 28.518
2220.000 29.526
2230.000 29.526
2240.000 25.303
2250.000 18.303
2260.000 13.446
2270.000 10.214
2280.000 7.983
2290.000 7.983
2300.000 6.399
2310.000 5.262
2320.000 4.437
2330.000 4.437
2340.000 3.823
2350.000 3.344
2360.000 2.969
2370.000 2.674
2380.000 2.439
2390.000 2.439
2400.000 2.254
2410.000 2.109
2420.000 1.994
2430.000 1.994
2440.000 1.914
2450.000 1.859
2460.000 1.831
2470.000 1.823
2480.000 1.834
2490.000 1.834
2500.000 1.872
2510.000 1.930
2520.000 2.018
2530.000 2.018
2540.000 2.147
2550.000 2.329
2560.000 2.622
2570.000 3.149
2580.000 4.044
2590.000 4.044
2600.000 5.654
2610.000 8.684
2620.000 13.550
2630.000 13.550
2640.000 19.658
2650.000 26.382
2660.000 28.969
2670.000 18.359
2680.000 11.147
2690.000 11.147
2700.000 7.829
2710.000 5.861
2720.000 4.574
2730.000 4.574
2740.000 3.694
2750.000 3.071
2760.000 2.621
2770.000 2.274
2780.000 2.012
2790.000 2.012
2800.000 1.809
2810.000 1.644
2820.000 1.515
2830.000 1.515
2840.000 1.412
2850.000 1.331
2860.000 1.268
2870.000 1.220
2880.000 1.185
2890.000 1.185
2900.000 1.161
2910.000 1.148
2920.000 1.150
2930.000 1.150
2940.000 1.162
2950.000 1.192
2960.000 1.247
2970.000 1.333
2980.000 1.455
2990.000 1.455
3000.000 1.640
3010.000 1.909
3020.000 2.352
3030.000 2.352
3040.000 3.083
3050.000 4.584
3060.000 7.835
3070.000 14.052
3080.000 20.405
3090.000 20.405
3100.000 18.208
3110.000 7.994
3120.000 5.334
3130.000 5.333
3140.000 3.771
3150.000 2.824
3160.000 2.214
3170.000 1.799
3180.000 1.504
3190.000 1.504
3200.000 1.289
3210.000 1.129
3220.000 1.002
3230.000 1.002
3240.000 0.904
3250.000 0.831
3260.000 0.772
3270.000 0.729
3280.000 0.693
3290.000 0.693
3300.000 0.668
3310.000 0.651
3320.000 0.642
3330.000 0.642
3340.000 0.640
3350.000 0.645
3360.000 0.658
3370.000 0.680
3380.000 0.714
3390.000 0.714
3400.000 0.762
3410.000 0.835
3420.000 0.950
3430.000 0.950
3440.000 1.125
3450.000 1.404
3460.000 1.889
3470.000 2.724
3480.000 4.139
3490.000 4.139
3500.000 6.836
3510.000 12.242
3520.000 15.352
3530.000 15.352
3540.000 8.053
3550.000 4.949
3560.000 3.464
3570.000 2.622
3580.000 2.066
3590.000 2.066
3600.000 1.692
3610.000 1.426
3620.000 1.230
3630.000 1.230
3640.000 1.084
3650.000 0.973
3660.000 0.889
3670.000 0.823
3680.000 0.767
3690.000 0.767
3700.000 0.727
3710.000 0.691
3720.000 0.660
3730.000 0.660
3740.000 0.641
3750.000 0.630
3760.000 0.622
3770.000 0.615
3780.000 0.623
3790.000 0.623
3800.000 0.634
3810.000 0.648
3820.000 0.677
3830.000 0.677
3840.000 0.716
3850.000 0.777
3860.000 0.877
3870.000 1.032
3880.000 1.292
3890.000 1.292
3900.000 1.751
3910.000 2.544
3920.000 3.813
3930.000 3.813
3940.000 5.814
3950.000 8.901
3960.000 8.919
3970.000 3.810
3980.000 2.595
3990.000 2.595
4000.000 1.874
4010.000 1.434
4020.000 1.135
4030.000 1.135
4040.000 0.956
4050.000 0.815
4060.000 0.697
4070.000 0.629
4080.000 0.568
4090.000 0.568
4100.000 0.531
4110.000 0.497
4120.000 0.466
4130.000 0.466
4140.000 0.450
4150.000 0.432
4160.000 0.419
4170.000 0.416
4180.000 0.413
4190.000 0.413
4200.000 0.410
4210.000 0.417
4220.000 0.424
4230.000 0.424
4240.000 0.434
4250.000 0.446
4260.000 0.462
4270.000 0.490
4280.000 0.529
4290.000 0.529
4300.000 0.598
4310.000 0.718
4320.000 0.930
4330.000 0.929
4340.000 1.339
4350.000 2.145
4360.000 3.575
4370.000 5.725
4380.000 7.869
4390.000 7.869
4400.000 5.766
4410.000 3.086
4420.000 2.228
4430.000 2.228
4440.000 1.724
4450.000 1.402
4460.000 1.188
4470.000 1.031
4480.000 1.019
4490.000 0.909
4500.000 0.829
4510.000 0.764
4520.000 0.716
4530.000 0.716
4540.000 0.682
4550.000 0.647
4560.000 0.623
4570.000 0.623
4580.000 0.608
4590.000 0.598
4600.000 0.589
4610.000 0.582
4620.000 0.584
4630.000 0.584
4640.000 0.590
4650.000 0.605
4660.000 0.623
4670.000 0.623
4680.000 0.649
4690.000 0.684
4700.000 0.721
4710.000 0.767
4720.000 0.816
4730.000 0.816
4740.000 0.885
4750.000 0.994
4760.000 1.194
4770.000 1.194
4780.000 1.577
4790.000 2.321
4800.000 3.605
4810.000 5.061
4820.000 5.047
4830.000 5.047
4840.000 2.261
4850.000 1.449
4860.000 1.023
4870.000 1.023
4880.000 0.789
4890.000 0.645
4900.000 0.554
4910.000 0.495
4920.000 0.456
4930.000 0.456
4940.000 0.439
4950.000 0.427
4960.000 0.432
4970.000 0.432
4980.000 0.437
4990.000 0.455
5000.000 0.469
5010.000 0.495
5020.000 0.523
5030.000 0.523
5040.000 0.563
5050.000 0.617
5060.000 0.725
5070.000 0.725
5080.000 0.856
5090.000 1.043
5100.000 1.271
5110.000 1.563
5120.000 1.895
5130.000 1.895
5140.000 2.251
5150.000 2.681
5160.000 3.206
5170.000 3.206
5180.000 3.867
5190.000 4.754
5200.000 6.048
5210.000 8.047
5220.000 11.314
5230.000 11.314
5240.000 16.543
5250.000 22.729
5260.000 21.287
5270.000 21.287
5280.000 10.919
5290.000 7.465
5300.000 5.463
5310.000 4.180
5320.000 3.322
5330.000 3.322
5340.000 2.717
5350.000 2.278
5360.000 1.951
5370.000 1.951
5380.000 1.704
5390.000 1.512
5400.000 1.357
5410.000 1.237
5420.000 1.144
5430.000 1.144
5440.000 1.068
5450.000 1.007
5460.000 0.964
5470.000 0.964
5480.000 0.931
5490.000 0.904
5500.000 0.893
5510.000 0.888
5520.000 0.894
5530.000 0.894
5540.000 0.905
5550.000 0.932
5560.000 0.982
5570.000 0.982
5580.000 1.050
5590.000 1.133
5600.000 1.249
5610.000 1.441
5620.000 1.805
5630.000 1.805
5640.000 2.544
5650.000 4.242
5660.000 7.607
5670.000 8.097
5680.000 12.442
5690.000 14.894
5700.000 9.786
5710.000 5.486
5720.000 3.804
5730.000 3.804
5740.000 2.849
5750.000 2.244
5760.000 1.845
5770.000 1.845
5780.000 1.561
5790.000 1.357
5800.000 1.204
5810.000 1.084
5820.000 0.999
5830.000 0.999
5840.000 0.929
5850.000 0.873
5860.000 0.832
5870.000 0.832
5880.000 0.801
5890.000 0.780
5900.000 0.767
5910.000 0.763
5920.000 0.761
5930.000 0.761
5940.000 0.767
5950.000 0.780
5960.000 0.801
5970.000 0.801
5980.000 0.830
5990.000 0.865
6000.000 0.921
6010.000 0.993
6020.000 1.080
6030.000 1.080
6040.000 1.229
6050.000 1.489
6060.000 1.992
6070.000 1.992
6080.000 3.041
6090.000 5.333
6100.000 9.011
6110.000 12.845
6120.000 13.258
6130.000 13.258
6140.000 6.876
6150.000 4.381
6160.000 3.083
6170.000 3.083
6180.000 2.324
6190.000 1.831
6200.000 1.499
6210.000 1.260
6220.000 1.090
6230.000 1.089
6240.000 0.961
6250.000 0.863
6260.000 0.786
6270.000 0.785
6280.000 0.726
6290.000 0.680
6300.000 0.643
6310.000 0.617
6320.000 0.597
6330.000 0.597
6340.000 0.593
6350.000 0.581
6360.000 0.574
6370.000 0.574
6380.000 0.570
6390.000 0.575
6400.000 0.584
6410.000 0.601
6420.000 0.625
6430.000 0.625
6440.000 0.658
6450.000 0.713
6460.000 0.784
6470.000 0.784
6480.000 0.889
6490.000 1.044
6500.000 1.354
6510.000 2.061
6520.000 3.884
6530.000 3.883
6540.000 7.392
6550.000 10.629
6560.000 9.668
6570.000 9.666
6580.000 5.078
6590.000 3.529
6600.000 2.645
6610.000 2.095
6620.000 1.731
6630.000 1.731
6640.000 1.474
6650.000 1.294
6660.000 1.157
6670.000 1.157
6680.000 1.047
6690.000 0.969
6700.000 0.905
6710.000 0.852
6720.000 0.814
6730.000 0.814
6740.000 0.786
6750.000 0.766
6760.000 0.751
6770.000 0.751
6780.000 0.745
6790.000 0.743
6800.000 0.745
6810.000 0.754
6820.000 0.765
6830.000 0.765
6840.000 0.790
6850.000 0.822
6860.000 0.863
6870.000 0.862
6880.000 0.915
6890.000 0.991
6900.000 1.101
6910.000 1.101
6920.000 1.295
6930.000 1.640
6940.000 2.335
6950.000 3.837
6960.000 6.570
6970.000 6.570
6980.000 9.662
6990.000 10.410
7000.000 6.081
7010.000 6.081
7020.000 3.633
7030.000 2.488
7040.000 1.856
7050.000 1.431
7060.000 1.163
7070.000 1.163
7080.000 0.976
7090.000 0.837
7100.000 0.734
7110.000 0.734
7120.000 0.657
7130.000 0.596
7140.000 0.548
7150.000 0.514
7160.000 0.483
7170.000 0.483
7180.000 0.464
7190.000 0.445
7200.000 0.434
7210.000 0.434
7220.000 0.425
7230.000 0.419
7240.000 0.415
7250.000 0.416
7260.000 0.419
7270.000 0.419
7280.000 0.428
7290.000 0.444
7300.000 0.468
7310.000 0.468
7320.000 0.500
7330.000 0.549
7340.000 0.622
7350.000 0.744
7360.000 0.947
7370.000 0.947
7380.000 1.339
7390.000 2.204
7400.000 4.481
7410.000 4.481
7420.000 7.590
7430.000 8.238
7440.000 4.892
7450.000 3.310
7460.000 2.480
7470.000 2.480
7480.000 1.977
7490.000 1.640
7500.000 1.407
7510.000 1.407
7520.000 1.235
7530.000 1.106
7540.000 1.009
7550.000 0.933
7560.000 0.868
7570.000 0.868
7580.000 0.821
7590.000 0.782
7600.000 0.754
7610.000 0.754
7620.000 0.728
7630.000 0.716
7640.000 0.710
7650.000 0.706
7660.000 0.709
7670.000 0.709
7680.000 0.715
7690.000 0.720
7700.000 0.738
7710.000 0.738
7720.000 0.756
7730.000 0.786
7740.000 0.827
7750.000 0.882
7760.000 0.963
7770.000 0.963
7780.000 1.077
7790.000 1.281
7800.000 1.646
7810.000 1.646
7820.000 2.377
7830.000 3.933
7840.000 6.507
7850.000 8.314
7860.000 6.436
7870.000 6.436
7880.000 3.278
7890.000 2.123
7900.000 1.490
7910.000 1.490
7920.000 1.115
7930.000 0.877
7940.000 0.714
7950.000 0.600
7960.000 0.519
7970.000 0.519
7980.000 0.459
7990.000 0.411
8000.000 0.380
8010.000 0.380
8020.000 0.356
8030.000 0.320
8040.000 0.303
8050.000 0.294
8060.000 0.301
8070.000 0.301
8080.000 0.304
8090.000 0.282
8100.000 0.273
8110.000 0.273
8120.000 0.268
8130.000 0.269
8140.000 0.270
8150.000 0.276
8160.000 0.285
8170.000 0.285
8180.000 0.307
8190.000 0.338
8200.000 0.397
8210.000 0.397
8220.000 0.493
8230.000 0.652
8240.000 0.927
8250.000 1.427
8260.000 2.524
8270.000 2.524
8280.000 4.761
8290.000 6.481
8300.000 4.707
8310.000 4.707
8320.000 3.126
8330.000 2.449
8340.000 1.964
8350.000 1.646
8360.000 1.415
8370.000 1.415
8380.000 1.249
8390.000 1.125
8400.000 1.026
8410.000 1.026
8420.000 0.944
8430.000 0.884
8440.000 0.837
8450.000 0.805
8460.000 0.773
8470.000 0.773
8480.000 0.748
8490.000 0.730
8500.000 0.721
8510.000 0.721
8520.000 0.714
8530.000 0.717
8540.000 0.721
8550.000 0.732
8560.000 0.747
8570.000 0.747
8580.000 0.767
8590.000 0.790
8600.000 0.827
8610.000 0.827
8620.000 0.882
8630.000 0.955
8640.000 1.066
8650.000 1.246
8660.000 1.570
8670.000 1.570
8680.000 2.209
8690.000 3.440
8700.000 4.937
8710.000 4.937
8720.000 4.625
8730.000 2.291
8740.000 1.560
8750.000 1.556
8760.000 1.446
8770.000 1.445
8780.000 0.894
8790.000 0.627
8800.000 0.476
8810.000 0.476
8820.000 0.380
8830.000 0.319
8840.000 0.281
8850.000 0.251
8860.000 0.235
8870.000 0.235
8880.000 0.216
8890.000 0.199
8900.000 0.191
8910.000 0.191
8920.000 0.178
8930.000 0.161
8940.000 0.163
8950.000 0.164
8960.000 0.159
8970.000 0.159
8980.000 0.153
8990.000 0.145
9000.000 0.138
9010.000 0.138
9020.000 0.129
9030.000 0.124
9040.000 0.120
9050.000 0.134
9060.000 0.168
9070.000 0.168
9080.000 0.226
9090.000 0.327
9100.000 0.523
9110.000 0.523
9120.000 0.905
9130.000 1.518
9140.000 2.528
9150.000 4.198
9160.000 4.553
9170.000 4.553
9180.000 3.076
9190.000 2.369
9200.000 1.950
9210.000 1.950
9220.000 1.681
9230.000 1.456
9240.000 1.307
9250.000 1.307
9260.000 1.192
9270.000 1.096
9280.000 1.013
9290.000 0.950
9300.000 0.901
9310.000 0.901
9320.000 0.857
9330.000 0.818
9340.000 0.790
9350.000 0.790
9360.000 0.767
9370.000 0.746
9380.000 0.727
9390.000 0.717
9400.000 0.710
9410.000 0.710
9420.000 0.708
9430.000 0.713
9440.000 0.726
9450.000 0.726
9460.000 0.741
9470.000 0.766
9480.000 0.799
9490.000 0.845
9500.000 0.906
9510.000 0.906
9520.000 1.002
9530.000 1.150
9540.000 1.405
9550.000 1.405
9560.000 1.857
9570.000 2.623
9580.000 3.618
9590.000 3.741
9600.000 2.150
9610.000 2.150
9620.000 1.123
9630.000 0.675
9640.000 0.425
9650.000 0.425
9660.000 0.290
9670.000 0.210
9680.000 0.168
9690.000 0.154
9700.000 0.150
9710.000 0.150
9720.000 0.154
9730.000 0.158
9740.000 0.162
9750.000 0.162
9760.000 0.165
9770.000 0.168
9780.000 0.166
9790.000 0.166
9800.000 0.164
9810.000 0.164
9820.000 0.160
9830.000 0.150
9840.000 0.143
9850.000 0.143
9860.000 0.134
9870.000 0.122
9880.000 0.109
9890.000 0.092
9900.000 0.071
9910.000 0.071
9920.000 0.045
9930.000 0.019
9940.000 0.042
9950.000 0.042
9960.000 0.105
9970.000 0.215
9980.000 0.433
9990.000 0.909
10000.000 1.691
10010.000 1.691
10020.000 2.646
10030.000 3.044
10040.000 2.282
10050.000 2.282
10060.000 1.784
10070.000 1.537
10080.000 1.408
10090.000 1.292
10100.000 1.198
10110.000 1.198
10120.000 1.124
10130.000 1.068
10140.000 1.021
10150.000 1.021
10160.000 0.989
10170.000 0.962
10180.000 0.938
10190.000 0.923
10200.000 0.905
10210.000 0.905
10220.000 0.888
10230.000 0.868
10240.000 0.857
10250.000 0.857
10260.000 0.843
10270.000 0.831
10280.000 0.828
10290.000 0.821
10300.000 0.823
10310.000 0.823
10320.000 0.829
10330.000 0.835
10340.000 0.862
10350.000 0.862
10360.000 0.902
10370.000 0.948
10380.000 1.018
10390.000 1.109
10400.000 1.271
10410.000 1.271
10420.000 1.564
10430.000 1.923
10440.000 2.274
10450.000 2.274
10460.000 2.125
10470.000 1.236
10480.000 0.715
10490.000 0.424
10500.000 0.424
10510.000 0.269
10520.000 0.186
10530.000 0.152
10540.000 0.149
10550.000 0.149
10560.000 0.157
10570.000 0.169
10580.000 0.180
10590.000 0.190
10600.000 0.190
10610.000 0.196
10620.000 0.196
10630.000 0.192
10640.000 0.194
10650.000 0.194
10660.000 0.196
10670.000 0.196
10680.000 0.195
10690.000 0.193
10700.000 0.193
10710.000 0.192
10720.000 0.182
10730.000 0.175
10740.000 0.166
10750.000 0.166
10760.000 0.157
10770.000 0.142
10780.000 0.128
10790.000 0.111
10800.000 0.111
10810.000 0.098
10820.000 0.102
10830.000 0.138
10840.000 0.244
10850.000 0.244
10860.000 0.549
10870.000 1.168
10880.000 1.893
10890.000 2.406
10900.000 2.406
10910.000 2.085
10920.000 1.651
10930.000 1.414
10940.000 1.264
10950.000 1.264
10960.000 1.164
10970.000 1.087
10980.000 1.031
10990.000 0.994
11000.000 0.994
11010.000 0.952
11020.000 0.931
11030.000 0.905
11040.000 0.889
11050.000 0.888
11060.000 0.871
11070.000 0.861
11080.000 0.858
11090.000 0.860
11100.000 0.860
11110.000 0.851
11120.000 0.847
11130.000 0.837
11140.000 0.832
11150.000 0.832
11160.000 0.836
11170.000 0.839
11180.000 0.847
11190.000 0.853
11200.000 0.853
11210.000 0.853
11220.000 0.840
11230.000 0.864
11240.000 0.915
11250.000 0.915
11260.000 0.988
11270.000 1.087
11280.000 1.237
11290.000 1.436
11300.000 1.436
11310.000 1.662
11320.000 1.731
11330.000 1.283
11340.000 0.559
11350.000 0.559
11360.000 0.221
11370.000 0.103
11380.000 0.119
11390.000 0.163
11400.000 0.163
11410.000 0.192
11420.000 0.215
11430.000 0.229
11440.000 0.238
11450.000 0.238
11460.000 0.247
11470.000 0.251
11480.000 0.256
11490.000 0.262
11500.000 0.262
11510.000 0.267
11520.000 0.278
11530.000 0.281
11540.000 0.281
11550.000 0.281
11560.000 0.275
11570.000 0.269
11580.000 0.264
11590.000 0.258
11600.000 0.258
11610.000 0.250
11620.000 0.242
11630.000 0.233
11640.000 0.221
11650.000 0.221
11660.000 0.208
11670.000 0.198
11680.000 0.187
11690.000 0.187
11700.000 0.185
11710.000 0.220
11720.000 0.349
11730.000 0.722
11740.000 1.300
11750.000 1.300
11760.000 1.755
11770.000 1.686
11780.000 1.384
11790.000 1.384
11800.000 1.192
11810.000 1.073
11820.000 0.974
11830.000 0.895
11840.000 0.834
11850.000 0.834
11860.000 0.786
11870.000 0.747
11880.000 0.711
11890.000 0.711
11900.000 0.680
11910.000 0.657
11920.000 0.630
11930.000 0.608
11940.000 0.595
11950.000 0.595
11960.000 0.579
11970.000 0.565
11980.000 0.551
11990.000 0.551
12000.000 0.548
