1801.000 0.003
1802.000 2.838
1803.000 3.218
1804.000 3.216
1805.000 3.207
1806.000 3.202
1807.000 3.202
1808.000 3.225
1809.000 3.213
1810.000 3.221
1811.000 3.226
1812.000 3.239
1813.000 3.253
1814.000 3.252
1815.000 3.256
1816.000 3.267
1817.000 3.271
1818.000 3.280
1819.000 3.288
1820.000 3.293
1821.000 3.312
1822.000 3.329
1823.000 3.314
1824.000 3.314
1825.000 3.320
1826.000 3.312
1827.000 3.309
1828.000 3.305
1829.000 3.276
1830.000 3.266
1831.000 3.247
1832.000 3.200
1833.000 3.200
1834.000 3.118
1835.000 3.085
1836.000 3.035
1837.000 2.975
1838.000 2.922
1839.000 2.863
1840.000 2.802
1841.000 2.764
1842.000 2.716
1843.000 2.684
1844.000 2.646
1845.000 2.608
1846.000 2.562
1847.000 2.536
1848.000 2.518
1849.000 2.511
1850.000 2.510
1851.000 2.483
1852.000 2.465
1853.000 2.450
1854.000 2.412
1855.000 2.397
1856.000 2.343
1857.000 2.277
1858.000 2.193
1859.000 2.104
1860.000 2.012
1861.000 1.916
1862.000 1.828
1863.000 1.741
1864.000 1.660
1865.000 1.593
1866.000 1.563
1867.000 1.530
1868.000 1.530
1869.000 1.536
1870.000 1.532
1871.000 1.538
1872.000 1.541
1873.000 1.545
1874.000 1.539
1875.000 1.549
1876.000 1.550
1877.000 1.553
1878.000 1.555
1879.000 1.556
1880.000 1.562
1881.000 1.566
1882.000 1.566
1883.000 1.567
1884.000 1.570
1885.000 1.570
1886.000 1.567
1887.000 1.569
1888.000 1.575
1889.000 1.575
1890.000 1.577
1891.000 1.577
1892.000 1.574
1893.000 1.579
1894.000 1.579
1895.000 1.591
1896.000 1.587
1897.000 1.582
1898.000 1.589
1899.000 1.584
1900.000 1.587
1901.000 1.589
1902.000 1.588
1903.000 1.589
1904.000 1.590
1905.000 1.589
1906.000 1.596
1907.000 1.600
1908.000 1.593
1909.000 1.601
1910.000 1.599
1911.000 1.599
1912.000 1.595
1913.000 1.595
1914.000 1.599
1915.000 1.600
1916.000 1.597
1917.000 1.600
1918.000 1.605
1919.000 1.602
1920.000 1.594
1921.000 1.601
1922.000 1.603
1923.000 1.605
1924.000 1.604
1925.000 1.606
1926.000 1.610
1927.000 1.603
1928.000 1.609
1929.000 1.604
1930.000 1.606
1931.000 1.606
1932.000 1.607
1933.000 1.607
1934.000 1.600
1935.000 1.604
1936.000 1.608
1937.000 1.610
1938.000 1.610
1939.000 1.611
1940.000 1.610
1941.000 1.603
1942.000 1.601
1943.000 1.609
1944.000 1.615
1945.000 1.610
1946.000 1.618
1947.000 1.607
1948.000 1.618
1949.000 1.615
1950.000 1.608
1951.000 1.611
1952.000 1.618
1953.000 1.610
1954.000 1.610
1955.000 1.608
1956.000 1.607
1957.000 1.613
1958.000 1.618
1959.000 1.621
1960.000 1.608
1961.000 1.621
1962.000 1.611
1963.000 1.630
1964.000 1.627
1965.000 1.616
1966.000 1.631
1967.000 1.632
1968.000 1.624
1969.000 1.619
1970.000 1.622
1971.000 1.622
1972.000 1.633
1973.000 1.634
1974.000 1.636
1975.000 1.626
1976.000 1.625
1977.000 1.651
1978.000 1.627
1979.000 1.646
1980.000 1.629
1981.000 1.639
1982.000 1.650
1983.000 1.645
1984.000 1.635
1985.000 1.636
1986.000 1.638
1987.000 1.636
1988.000 1.641
1989.000 1.655
1990.000 1.641
1991.000 1.652
1992.000 1.662
1993.000 1.642
1994.000 1.661
1995.000 1.645
1996.000 1.660
1997.000 1.656
1998.000 1.650
1999.000 1.660
2000.000 1.660
2001.000 1.669
2002.000 1.675
2003.000 1.677
2004.000 1.674
2005.000 1.662
2006.000 1.658
2007.000 1.673
2008.000 1.679
2009.000 1.668
2010.000 1.690
2011.000 1.673
2012.000 1.688
2013.000 1.670
2014.000 1.681
2015.000 1.688
2016.000 1.694
2017.000 1.687
2018.000 1.687
2019.000 1.687
2020.000 1.696
2021.000 1.702
2022.000 1.695
2023.000 1.692
2024.000 1.709
2025.000 1.696
2026.000 1.716
2027.000 1.704
2028.000 1.718
2029.000 1.722
2030.000 1.716
2031.000 1.718
2032.000 1.733
2033.000 1.741
2034.000 1.741
2035.000 1.744
2036.000 1.742
2037.000 1.742
2038.000 1.742
2039.000 1.758
2040.000 1.759
2041.000 1.752
2042.000 1.772
2043.000 1.765
2044.000 1.779
2045.000 1.781
2046.000 1.775
2047.000 1.789
2048.000 1.799
2049.000 1.807
2050.000 1.798
2051.000 1.804
2052.000 1.811
2053.000 1.826
2054.000 1.831
2055.000 1.831
2056.000 1.844
2057.000 1.852
2058.000 1.852
2059.000 1.858
2060.000 1.874
2061.000 1.875
2062.000 1.879
2063.000 1.892
2064.000 1.901
2065.000 1.915
2066.000 1.922
2067.000 1.931
2068.000 1.933
2069.000 1.942
2070.000 1.945
2071.000 1.957
2072.000 1.967
2073.000 1.973
2074.000 1.980
2075.000 1.990
2076.000 1.996
2077.000 2.000
2078.000 2.017
2079.000 2.030
2080.000 2.043
2081.000 2.053
2082.000 2.061
2083.000 2.074
2084.000 2.090
2085.000 2.103
2086.000 2.106
2087.000 2.120
2088.000 2.136
2089.000 2.143
2090.000 2.161
2091.000 2.172
2092.000 2.193
2093.000 2.206
2094.000 2.214
2095.000 2.236
2096.000 2.255
2097.000 2.273
2098.000 2.283
2099.000 2.304
2100.000 2.317
2101.000 2.339
2102.000 2.356
2103.000 2.383
2104.000 2.410
2105.000 2.428
2106.000 2.456
2107.000 2.475
2108.000 2.506
2109.000 2.531
2110.000 2.544
2111.000 2.566
2112.000 2.595
2113.000 2.618
2114.000 2.657
2115.000 2.688
2116.000 2.720
2117.000 2.752
2118.000 2.787
2119.000 2.824
2120.000 2.870
2121.000 2.899
2122.000 2.927
2123.000 2.966
2124.000 3.011
2125.000 3.054
2126.000 3.105
2127.000 3.159
2128.000 3.210
2129.000 3.270
2130.000 3.323
2131.000 3.391
2132.000 3.450
2133.000 3.529
2134.000 3.594
2135.000 3.632
2136.000 3.717
2137.000 3.795
2138.000 3.884
2139.000 3.972
2140.000 4.073
2141.000 4.181
2142.000 4.291
2143.000 4.400
2144.000 4.536
2145.000 4.676
2146.000 4.821
2147.000 4.898
2148.000 5.063
2149.000 5.234
2150.000 5.434
2151.000 5.645
2152.000 5.879
2153.000 6.121
2154.000 6.412
2155.000 6.716
2156.000 7.045
2157.000 7.430
2158.000 7.628
2159.000 8.055
2160.000 8.531
2161.000 9.079
2162.000 9.680
2163.000 10.413
2164.000 11.203
2165.000 12.081
2166.000 12.973
2167.000 13.897
2168.000 14.720
2169.000 15.257
2170.000 15.325
2171.000 15.255
2172.000 15.078
2173.000 14.560
2174.000 13.685
2175.000 12.584
2176.000 11.446
2177.000 10.398
2178.000 9.437
2179.000 8.608
2180.000 7.873
2181.000 7.257
2182.000 6.680
2183.000 6.427
2184.000 5.968
2185.000 5.557
2186.000 5.195
2187.000 4.871
2188.000 4.574
2189.000 4.296
2190.000 4.056
2191.000 3.835
2192.000 3.617
2193.000 3.425
2194.000 3.247
2195.000 3.081
2196.000 3.001
2197.000 2.850
2198.000 2.702
2199.000 2.548
2200.000 2.356
2201.000 2.187
2202.000 2.028
2203.000 1.882
2204.000 1.756
2205.000 1.645
2206.000 1.551
2207.000 1.505
2208.000 1.416
2209.000 1.345
2210.000 1.265
2211.000 1.195
2212.000 1.129
2213.000 1.067
2214.000 1.013
2215.000 0.950
2216.000 0.902
2217.000 0.857
2218.000 0.814
2219.000 0.794
2220.000 0.760
2221.000 0.720
2222.000 0.685
2223.000 0.652
2224.000 0.619
2225.000 0.585
2226.000 0.555
2227.000 0.525
2228.000 0.494
2229.000 0.468
2230.000 0.440
2231.000 0.412
2232.000 0.399
2233.000 0.374
2234.000 0.352
2235.000 0.327
2236.000 0.300
2237.000 0.277
2238.000 0.254
2239.000 0.230
2240.000 0.208
2241.000 0.186
2242.000 0.166
2243.000 0.146
2244.000 0.137
2245.000 0.120
2246.000 0.105
2247.000 0.098
2248.000 0.096
2249.000 0.101
2250.000 0.112
2251.000 0.130
2252.000 0.152
2253.000 0.178
2254.000 0.207
2255.000 0.221
2256.000 0.254
2257.000 0.287
2258.000 0.324
2259.000 0.363
2260.000 0.408
2261.000 0.454
2262.000 0.509
2263.000 0.569
2264.000 0.639
2265.000 0.712
2266.000 0.794
2267.000 0.890
2268.000 0.946
2269.000 1.075
2270.000 1.241
2271.000 1.457
2272.000 1.747
2273.000 2.136
2274.000 2.680
2275.000 3.400
2276.000 4.282
2277.000 5.282
2278.000 6.330
2279.000 7.358
2280.000 8.436
2281.000 8.978
2282.000 9.951
2283.000 10.626
2284.000 10.710
2285.000 10.080
2286.000 8.911
2287.000 7.531
2288.000 6.189
2289.000 5.101
2290.000 4.241
2291.000 3.570
2292.000 3.037
2293.000 2.821
2294.000 2.476
2295.000 2.208
2296.000 1.999
2297.000 1.858
2298.000 1.766
2299.000 1.679
2300.000 1.593
2301.000 1.515
2302.000 1.436
2303.000 1.362
2304.000 1.317
2305.000 1.232
2306.000 1.158
2307.000 1.088
2308.000 1.030
2309.000 0.979
2310.000 0.932
2311.000 0.888
2312.000 0.848
2313.000 0.815
2314.000 0.786
2315.000 0.755
2316.000 0.729
2317.000 0.714
2318.000 0.690
2319.000 0.665
2320.000 0.648
2321.000 0.629
2322.000 0.610
2323.000 0.594
2324.000 0.574
2325.000 0.558
2326.000 0.541
2327.000 0.528
2328.000 0.514
2329.000 0.509
2330.000 0.497
2331.000 0.481
2332.000 0.471
2333.000 0.458
2334.000 0.449
2335.000 0.437
2336.000 0.425
2337.000 0.419
2338.000 0.413
2339.000 0.404
2340.000 0.393
2341.000 0.385
2342.000 0.381
2343.000 0.372
2344.000 0.365
2345.000 0.358
2346.000 0.349
2347.000 0.344
2348.000 0.334
2349.000 0.329
2350.000 0.323
2351.000 0.315
2352.000 0.311
2353.000 0.303
2354.000 0.301
2355.000 0.297
2356.000 0.290
2357.000 0.285
2358.000 0.280
2359.000 0.276
2360.000 0.271
2361.000 0.264
2362.000 0.261
2363.000 0.257
2364.000 0.251
2365.000 0.246
2366.000 0.246
2367.000 0.239
2368.000 0.235
2369.000 0.233
2370.000 0.228
2371.000 0.222
2372.000 0.218
2373.000 0.217
2374.000 0.211
2375.000 0.208
2376.000 0.204
2377.000 0.200
2378.000 0.198
2379.000 0.195
2380.000 0.190
2381.000 0.187
2382.000 0.184
2383.000 0.182
2384.000 0.177
2385.000 0.175
2386.000 0.171
2387.000 0.171
2388.000 0.166
2389.000 0.165
2390.000 0.163
2391.000 0.162
2392.000 0.160
2393.000 0.155
2394.000 0.151
2395.000 0.151
2396.000 0.148
2397.000 0.145
2398.000 0.140
2399.000 0.140
2400.000 0.138
2401.000 0.136
2402.000 0.132
2403.000 0.132
2404.000 0.132
2405.000 0.128
2406.000 0.125
2407.000 0.123
2408.000 0.122
2409.000 0.120
2410.000 0.115
2411.000 0.116
2412.000 0.112
2413.000 0.110
2414.000 0.112
2415.000 0.110
2416.000 0.107
2417.000 0.106
2418.000 0.103
2419.000 0.101
2420.000 0.097
2421.000 0.097
2422.000 0.097
2423.000 0.096
2424.000 0.092
2425.000 0.093
2426.000 0.091
2427.000 0.089
2428.000 0.088
2429.000 0.086
2430.000 0.086
2431.000 0.085
2432.000 0.082
2433.000 0.082
2434.000 0.080
2435.000 0.078
2436.000 0.076
2437.000 0.076
2438.000 0.075
2439.000 0.076
2440.000 0.073
2441.000 0.072
2442.000 0.072
2443.000 0.069
2444.000 0.068
2445.000 0.068
2446.000 0.067
2447.000 0.065
2448.000 0.067
2449.000 0.064
2450.000 0.063
2451.000 0.064
2452.000 0.063
2453.000 0.060
2454.000 0.061
2455.000 0.060
2456.000 0.058
2457.000 0.058
2458.000 0.056
2459.000 0.057
2460.000 0.057
2461.000 0.053
2462.000 0.054
2463.000 0.055
2464.000 0.053
2465.000 0.052
2466.000 0.053
2467.000 0.052
2468.000 0.053
2469.000 0.050
2470.000 0.051
2471.000 0.051
2472.000 0.049
2473.000 0.047
2474.000 0.050
2475.000 0.050
2476.000 0.047
2477.000 0.049
2478.000 0.047
2479.000 0.050
2480.000 0.048
2481.000 0.048
2482.000 0.047
2483.000 0.047
2484.000 0.044
2485.000 0.047
2486.000 0.046
2487.000 0.047
2488.000 0.047
2489.000 0.047
2490.000 0.048
2491.000 0.045
2492.000 0.046
2493.000 0.047
2494.000 0.044
2495.000 0.045
2496.000 0.047
2497.000 0.047
2498.000 0.047
2499.000 0.047
2500.000 0.046
2501.000 0.046
2502.000 0.046
2503.000 0.047
2504.000 0.046
2505.000 0.048
2506.000 0.047
2507.000 0.049
2508.000 0.048
2509.000 0.047
2510.000 0.046
2511.000 0.047
2512.000 0.046
2513.000 0.049
2514.000 0.048
2515.000 0.046
2516.000 0.048
2517.000 0.047
2518.000 0.048
2519.000 0.048
2520.000 0.049
2521.000 0.049
2522.000 0.050
2523.000 0.050
2524.000 0.050
2525.000 0.050
2526.000 0.050
2527.000 0.051
2528.000 0.050
2529.000 0.051
2530.000 0.053
2531.000 0.053
2532.000 0.052
2533.000 0.051
2534.000 0.052
2535.000 0.059
2536.000 0.057
2537.000 0.060
2538.000 0.061
2539.000 0.059
2540.000 0.058
2541.000 0.060
2542.000 0.058
2543.000 0.057
2544.000 0.057
2545.000 0.057
2546.000 0.057
2547.000 0.057
2548.000 0.056
2549.000 0.059
2550.000 0.059
2551.000 0.057
2552.000 0.057
2553.000 0.056
2554.000 0.058
2555.000 0.060
2556.000 0.058
2557.000 0.059
2558.000 0.060
2559.000 0.059
2560.000 0.060
2561.000 0.059
2562.000 0.061
2563.000 0.061
2564.000 0.062
2565.000 0.058
2566.000 0.060
2567.000 0.064
2568.000 0.061
2569.000 0.061
2570.000 0.061
2571.000 0.060
2572.000 0.062
2573.000 0.061
2574.000 0.063
2575.000 0.064
2576.000 0.065
2577.000 0.063
2578.000 0.064
2579.000 0.064
2580.000 0.066
2581.000 0.067
2582.000 0.065
2583.000 0.065
2584.000 0.066
2585.000 0.065
2586.000 0.067
2587.000 0.065
2588.000 0.068
2589.000 0.069
2590.000 0.069
2591.000 0.066
2592.000 0.068
2593.000 0.069
2594.000 0.069
2595.000 0.069
2596.000 0.070
2597.000 0.071
2598.000 0.068
2599.000 0.070
2600.000 0.068
