1801.000 0.008
1802.000 3.555
1803.000 3.599
1804.000 3.611
1805.000 3.609
1806.000 3.628
1807.000 3.626
1808.000 3.622
1809.000 3.625
1810.000 3.641
1811.000 3.642
1812.000 3.646
1813.000 3.661
1814.000 3.676
1815.000 3.676
1816.000 3.683
1817.000 3.699
1818.000 3.706
1819.000 3.715
1820.000 3.726
1821.000 3.734
1822.000 3.741
1823.000 3.748
1824.000 3.749
1825.000 3.748
1826.000 3.746
1827.000 3.741
1828.000 3.729
1829.000 3.702
1830.000 3.681
1831.000 3.649
1832.000 3.619
1833.000 3.582
1834.000 3.533
1835.000 3.483
1836.000 3.429
1837.000 3.377
1838.000 3.319
1839.000 3.281
1840.000 3.227
1841.000 3.209
1842.000 3.161
1843.000 3.107
1844.000 3.057
1845.000 3.006
1846.000 2.962
1847.000 2.926
1848.000 2.900
1849.000 2.889
1850.000 2.903
1851.000 2.886
1852.000 2.874
1853.000 2.867
1854.000 2.854
1855.000 2.831
1856.000 2.809
1857.000 2.774
1858.000 2.726
1859.000 2.643
1860.000 2.585
1861.000 2.496
1862.000 2.407
1863.000 2.293
1864.000 2.237
1865.000 2.132
1866.000 2.030
1867.000 1.935
1868.000 1.852
1869.000 1.781
1870.000 1.758
1871.000 1.751
1872.000 1.758
1873.000 1.762
1874.000 1.765
1875.000 1.767
1876.000 1.774
1877.000 1.773
1878.000 1.777
1879.000 1.781
1880.000 1.783
1881.000 1.783
1882.000 1.788
1883.000 1.788
1884.000 1.787
1885.000 1.932
1886.000 1.900
1887.000 1.865
1888.000 1.844
1889.000 1.831
1890.000 1.831
1891.000 1.821
1892.000 1.825
1893.000 1.824
1894.000 1.820
1895.000 1.817
1896.000 1.961
1897.000 1.849
1898.000 1.822
1899.000 1.819
1900.000 1.814
1901.000 1.809
1902.000 1.812
1903.000 1.816
1904.000 1.817
1905.000 1.819
1906.000 1.817
1907.000 1.815
1908.000 1.815
1909.000 1.817
1910.000 1.818
1911.000 1.812
1912.000 1.814
1913.000 1.820
1914.000 1.835
1915.000 1.822
1916.000 1.825
1917.000 1.831
1918.000 1.823
1919.000 1.830
1920.000 1.834
1921.000 1.828
1922.000 1.834
1923.000 1.828
1924.000 1.831
1925.000 1.834
1926.000 1.836
1927.000 1.836
1928.000 1.842
1929.000 1.838
1930.000 1.840
1931.000 1.833
1932.000 1.968
1933.000 1.879
1934.000 1.855
1935.000 1.854
1936.000 1.857
1937.000 1.840
1938.000 1.846
1939.000 1.848
1940.000 1.848
1941.000 1.847
1942.000 1.844
1943.000 1.847
1944.000 1.849
1945.000 1.844
1946.000 1.850
1947.000 1.848
1948.000 1.842
1949.000 1.852
1950.000 1.850
1951.000 1.853
1952.000 1.860
1953.000 1.852
1954.000 1.849
1955.000 1.855
1956.000 1.857
1957.000 1.867
1958.000 1.858
1959.000 1.855
1960.000 1.865
1961.000 1.861
1962.000 1.864
1963.000 1.861
1964.000 1.867
1965.000 1.871
1966.000 1.860
1967.000 1.860
1968.000 1.870
1969.000 1.872
1970.000 1.874
1971.000 1.869
1972.000 1.865
1973.000 1.864
1974.000 1.865
1975.000 1.881
1976.000 1.873
1977.000 1.872
1978.000 1.878
1979.000 1.867
1980.000 1.872
1981.000 1.884
1982.000 1.872
1983.000 1.872
1984.000 1.884
1985.000 1.882
1986.000 1.891
1987.000 1.892
1988.000 1.894
1989.000 1.902
1990.000 1.894
1991.000 1.890
1992.000 1.905
1993.000 1.894
1994.000 1.908
1995.000 1.899
1996.000 1.908
1997.000 1.899
1998.000 1.896
1999.000 1.903
2000.000 1.919
2001.000 1.918
2002.000 1.921
2003.000 1.926
2004.000 1.923
2005.000 1.912
2006.000 1.913
2007.000 1.929
2008.000 1.924
2009.000 1.919
2010.000 1.942
2011.000 1.919
2012.000 1.941
2013.000 1.930
2014.000 1.922
2015.000 1.937
2016.000 1.949
2017.000 1.952
2018.000 1.954
2019.000 1.959
2020.000 1.959
2021.000 1.948
2022.000 1.948
2023.000 1.959
2024.000 1.952
2025.000 1.977
2026.000 1.960
2027.000 1.978
2028.000 1.967
2029.000 1.977
2030.000 1.987
2031.000 1.989
2032.000 1.987
2033.000 1.989
2034.000 1.997
2035.000 1.994
2036.000 2.011
2037.000 2.022
2038.000 2.025
2039.000 2.021
2040.000 2.022
2041.000 2.033
2042.000 2.030
2043.000 2.044
2044.000 2.048
2045.000 2.048
2046.000 2.059
2047.000 2.075
2048.000 2.064
2049.000 2.069
2050.000 2.083
2051.000 2.089
2052.000 2.092
2053.000 2.105
2054.000 2.109
2055.000 2.110
2056.000 2.120
2057.000 2.131
2058.000 2.135
2059.000 2.136
2060.000 2.152
2061.000 2.154
2062.000 2.161
2063.000 2.180
2064.000 2.184
2065.000 2.199
2066.000 2.207
2067.000 2.216
2068.000 2.228
2069.000 2.226
2070.000 2.234
2071.000 2.244
2072.000 2.259
2073.000 2.265
2074.000 2.281
2075.000 2.287
2076.000 2.299
2077.000 2.307
2078.000 2.315
2079.000 2.335
2080.000 2.351
2081.000 2.367
2082.000 2.375
2083.000 2.385
2084.000 2.393
2085.000 2.410
2086.000 2.421
2087.000 2.434
2088.000 2.451
2089.000 2.471
2090.000 2.483
2091.000 2.504
2092.000 2.523
2093.000 2.534
2094.000 2.547
2095.000 2.569
2096.000 2.576
2097.000 2.596
2098.000 2.619
2099.000 2.635
2100.000 2.657
2101.000 2.685
2102.000 2.706
2103.000 2.734
2104.000 2.757
2105.000 2.779
2106.000 2.798
2107.000 2.816
2108.000 2.840
2109.000 2.865
2110.000 2.896
2111.000 2.919
2112.000 2.953
2113.000 2.983
2114.000 3.015
2115.000 3.053
2116.000 3.091
2117.000 3.125
2118.000 3.165
2119.000 3.200
2120.000 3.216
2121.000 3.257
2122.000 3.299
2123.000 3.338
2124.000 3.381
2125.000 3.434
2126.000 3.492
2127.000 3.545
2128.000 3.600
2129.000 3.657
2130.000 3.734
2131.000 3.794
2132.000 3.862
2133.000 3.894
2134.000 3.963
2135.000 4.041
2136.000 4.124
2137.000 4.216
2138.000 4.306
2139.000 4.398
2140.000 4.499
2141.000 4.608
2142.000 4.723
2143.000 4.846
2144.000 4.984
2145.000 5.065
2146.000 5.207
2147.000 5.366
2148.000 5.530
2149.000 5.723
2150.000 5.922
2151.000 6.136
2152.000 6.393
2153.000 6.651
2154.000 6.938
2155.000 7.263
2156.000 7.428
2157.000 7.810
2158.000 8.218
2159.000 8.656
2160.000 9.146
2161.000 9.711
2162.000 10.338
2163.000 11.039
2164.000 11.822
2165.000 12.660
2166.000 13.506
2167.000 14.299
2168.000 14.930
2169.000 15.106
2170.000 15.325
2171.000 15.372
2172.000 15.051
2173.000 14.303
2174.000 13.276
2175.000 12.097
2176.000 10.922
2177.000 9.859
2178.000 8.923
2179.000 8.108
2180.000 7.394
2181.000 7.079
2182.000 6.502
2183.000 5.980
2184.000 5.511
2185.000 5.111
2186.000 4.738
2187.000 4.417
2188.000 4.123
2189.000 3.847
2190.000 3.597
2191.000 3.356
2192.000 3.156
2193.000 2.957
2194.000 2.860
2195.000 2.666
2196.000 2.414
2197.000 2.192
2198.000 2.003
2199.000 1.828
2200.000 1.674
2201.000 1.546
2202.000 1.411
2203.000 1.291
2204.000 1.189
2205.000 1.143
2206.000 1.051
2207.000 0.967
2208.000 0.890
2209.000 0.820
2210.000 0.755
2211.000 0.695
2212.000 0.635
2213.000 0.577
2214.000 0.526
2215.000 0.476
2216.000 0.430
2217.000 0.406
2218.000 0.363
2219.000 0.320
2220.000 0.276
2221.000 0.236
2222.000 0.195
2223.000 0.158
2224.000 0.124
2225.000 0.087
2226.000 0.059
2227.000 0.049
2228.000 0.062
2229.000 0.090
2230.000 0.107
2231.000 0.140
2232.000 0.175
2233.000 0.213
2234.000 0.248
2235.000 0.285
2236.000 0.325
2237.000 0.364
2238.000 0.405
2239.000 0.441
2240.000 0.493
2241.000 0.532
2242.000 0.556
2243.000 0.608
2244.000 0.657
2245.000 0.711
2246.000 0.774
2247.000 0.839
2248.000 0.910
2249.000 0.980
2250.000 1.058
2251.000 1.146
2252.000 1.246
2253.000 1.301
2254.000 1.419
2255.000 1.560
2256.000 1.718
2257.000 1.923
2258.000 2.156
2259.000 2.440
2260.000 2.774
2261.000 3.168
2262.000 3.628
2263.000 4.137
2264.000 4.724
2265.000 5.355
2266.000 5.680
2267.000 6.288
2268.000 6.919
2269.000 7.551
2270.000 8.167
2271.000 8.918
2272.000 9.798
2273.000 10.778
2274.000 11.910
2275.000 13.201
2276.000 14.672
2277.000 16.307
2278.000 17.170
2279.000 19.029
2280.000 20.897
2281.000 22.515
2282.000 23.538
2283.000 23.553
2284.000 22.172
2285.000 19.589
2286.000 16.472
2287.000 13.418
2288.000 10.970
2289.000 9.108
2290.000 7.656
2291.000 7.063
2292.000 6.112
2293.000 5.385
2294.000 4.841
2295.000 4.401
2296.000 4.119
2297.000 3.890
2298.000 3.693
2299.000 3.506
2300.000 3.333
2301.000 3.182
2302.000 3.105
2303.000 2.972
2304.000 2.857
2305.000 2.739
2306.000 2.627
2307.000 2.526
2308.000 2.435
2309.000 2.347
2310.000 2.275
2311.000 2.191
2312.000 2.122
2313.000 2.045
2314.000 1.942
2315.000 1.894
2316.000 1.805
2317.000 1.721
2318.000 1.641
2319.000 1.583
2320.000 1.514
2321.000 1.454
2322.000 1.398
2323.000 1.349
2324.000 1.303
2325.000 1.258
2326.000 1.222
2327.000 1.202
2328.000 1.161
2329.000 1.125
2330.000 1.097
2331.000 1.065
2332.000 1.034
2333.000 1.008
2334.000 0.977
2335.000 0.952
2336.000 0.925
2337.000 0.903
2338.000 0.890
2339.000 0.868
2340.000 0.863
2341.000 0.839
2342.000 0.820
2343.000 0.803
2344.000 0.789
2345.000 0.771
2346.000 0.755
2347.000 0.739
2348.000 0.728
2349.000 0.711
2350.000 0.696
2351.000 0.690
2352.000 0.676
2353.000 0.663
2354.000 0.649
2355.000 0.637
2356.000 0.627
2357.000 0.615
2358.000 0.604
2359.000 0.596
2360.000 0.584
2361.000 0.568
2362.000 0.561
2363.000 0.558
2364.000 0.549
2365.000 0.540
2366.000 0.530
2367.000 0.520
2368.000 0.513
2369.000 0.505
2370.000 0.493
2371.000 0.486
2372.000 0.476
2373.000 0.469
2374.000 0.464
2375.000 0.455
2376.000 0.451
2377.000 0.444
2378.000 0.435
2379.000 0.430
2380.000 0.425
2381.000 0.419
2382.000 0.412
2383.000 0.404
2384.000 0.398
2385.000 0.392
2386.000 0.388
2387.000 0.382
2388.000 0.381
2389.000 0.376
2390.000 0.368
2391.000 0.363
2392.000 0.357
2393.000 0.350
2394.000 0.345
2395.000 0.340
2396.000 0.335
2397.000 0.330
2398.000 0.325
2399.000 0.321
2400.000 0.317
2401.000 0.317
2402.000 0.308
2403.000 0.308
2404.000 0.302
2405.000 0.297
2406.000 0.291
2407.000 0.286
2408.000 0.283
2409.000 0.280
2410.000 0.275
2411.000 0.271
2412.000 0.270
2413.000 0.266
2414.000 0.259
2415.000 0.259
2416.000 0.253
2417.000 0.250
2418.000 0.246
2419.000 0.242
2420.000 0.238
2421.000 0.235
2422.000 0.231
2423.000 0.228
2424.000 0.229
2425.000 0.226
2426.000 0.220
2427.000 0.217
2428.000 0.215
2429.000 0.213
2430.000 0.209
2431.000 0.204
2432.000 0.204
2433.000 0.200
2434.000 0.195
2435.000 0.194
2436.000 0.192
2437.000 0.190
2438.000 0.184
2439.000 0.183
2440.000 0.179
2441.000 0.177
2442.000 0.177
2443.000 0.174
2444.000 0.171
2445.000 0.167
2446.000 0.167
2447.000 0.161
2448.000 0.161
2449.000 0.161
2450.000 0.158
2451.000 0.155
2452.000 0.152
2453.000 0.149
2454.000 0.148
2455.000 0.145
2456.000 0.144
2457.000 0.141
2458.000 0.140
2459.000 0.138
2460.000 0.138
2461.000 0.134
2462.000 0.134
2463.000 0.132
2464.000 0.128
2465.000 0.128
2466.000 0.127
2467.000 0.124
2468.000 0.121
2469.000 0.118
2470.000 0.120
2471.000 0.116
2472.000 0.116
2473.000 0.115
2474.000 0.112
2475.000 0.112
2476.000 0.111
2477.000 0.109
2478.000 0.108
2479.000 0.106
2480.000 0.105
2481.000 0.103
2482.000 0.102
2483.000 0.099
2484.000 0.098
2485.000 0.099
2486.000 0.098
2487.000 0.096
2488.000 0.092
2489.000 0.093
2490.000 0.092
2491.000 0.090
2492.000 0.090
2493.000 0.087
2494.000 0.085
2495.000 0.087
2496.000 0.086
2497.000 0.083
2498.000 0.083
2499.000 0.082
2500.000 0.081
2501.000 0.079
2502.000 0.082
2503.000 0.081
2504.000 0.080
2505.000 0.078
2506.000 0.077
2507.000 0.075
2508.000 0.077
2509.000 0.075
2510.000 0.075
2511.000 0.075
2512.000 0.073
2513.000 0.074
2514.000 0.075
2515.000 0.072
2516.000 0.071
2517.000 0.073
2518.000 0.070
2519.000 0.072
2520.000 0.071
2521.000 0.071
2522.000 0.069
2523.000 0.071
2524.000 0.070
2525.000 0.070
2526.000 0.069
2527.000 0.069
2528.000 0.068
2529.000 0.070
2530.000 0.069
2531.000 0.069
2532.000 0.068
2533.000 0.070
2534.000 0.072
2535.000 0.070
2536.000 0.070
2537.000 0.071
2538.000 0.072
2539.000 0.072
2540.000 0.072
2541.000 0.071
2542.000 0.072
2543.000 0.074
2544.000 0.074
2545.000 0.072
2546.000 0.075
2547.000 0.075
2548.000 0.074
2549.000 0.075
2550.000 0.075
2551.000 0.078
2552.000 0.077
2553.000 0.079
2554.000 0.079
2555.000 0.081
2556.000 0.078
2557.000 0.081
2558.000 0.081
2559.000 0.078
2560.000 0.082
2561.000 0.084
2562.000 0.083
2563.000 0.084
2564.000 0.086
2565.000 0.085
2566.000 0.086
2567.000 0.088
2568.000 0.089
2569.000 0.090
2570.000 0.091
2571.000 0.090
2572.000 0.092
2573.000 0.091
2574.000 0.092
2575.000 0.093
2576.000 0.095
2577.000 0.096
2578.000 0.097
2579.000 0.099
2580.000 0.100
2581.000 0.100
2582.000 0.100
2583.000 0.101
2584.000 0.102
2585.000 0.102
2586.000 0.103
2587.000 0.104
2588.000 0.106
2589.000 0.107
2590.000 0.110
2591.000 0.108
2592.000 0.112
2593.000 0.111
2594.000 0.112
2595.000 0.113
2596.000 0.114
2597.000 0.115
2598.000 0.119
2599.000 0.120
2600.000 0.120
