1801.000 0.005
1802.000 3.425
1803.000 3.630
1804.000 3.635
1805.000 3.650
1806.000 3.654
1807.000 3.648
1808.000 3.656
1809.000 3.661
1810.000 3.652
1811.000 3.664
1812.000 3.669
1813.000 3.668
1814.000 3.688
1815.000 3.693
1816.000 3.705
1817.000 3.717
1818.000 3.745
1819.000 3.761
1820.000 3.758
1821.000 3.763
1822.000 3.777
1823.000 3.782
1824.000 3.786
1825.000 3.781
1826.000 3.787
1827.000 3.787
1828.000 3.789
1829.000 3.789
1830.000 3.768
1831.000 3.751
1832.000 3.725
1833.000 3.692
1834.000 3.661
1835.000 3.635
1836.000 3.591
1837.000 3.552
1838.000 3.476
1839.000 3.417
1840.000 3.361
1841.000 3.285
1842.000 3.214
1843.000 3.168
1844.000 3.112
1845.000 3.061
1846.000 3.008
1847.000 2.993
1848.000 2.952
1849.000 2.914
1850.000 2.897
1851.000 2.895
1852.000 2.893
1853.000 2.889
1854.000 2.875
1855.000 2.861
1856.000 2.839
1857.000 2.809
1858.000 2.766
1859.000 2.710
1860.000 2.673
1861.000 2.607
1862.000 2.524
1863.000 2.420
1864.000 2.310
1865.000 2.208
1866.000 2.091
1867.000 1.988
1868.000 1.899
1869.000 1.823
1870.000 1.763
1871.000 1.767
1872.000 1.760
1873.000 1.765
1874.000 1.770
1875.000 1.768
1876.000 1.774
1877.000 1.779
1878.000 1.788
1879.000 1.785
1880.000 1.788
1881.000 1.787
1882.000 1.789
1883.000 1.799
1884.000 1.798
1885.000 1.796
1886.000 1.800
1887.000 1.802
1888.000 1.804
1889.000 1.808
1890.000 1.811
1891.000 1.813
1892.000 1.814
1893.000 1.814
1894.000 1.813
1895.000 1.821
1896.000 1.818
1897.000 1.820
1898.000 1.822
1899.000 1.826
1900.000 1.831
1901.000 1.823
1902.000 1.831
1903.000 1.831
1904.000 1.829
1905.000 1.836
1906.000 1.834
1907.000 1.838
1908.000 1.839
1909.000 1.836
1910.000 1.840
1911.000 1.840
1912.000 1.838
1913.000 1.840
1914.000 1.840
1915.000 1.842
1916.000 1.838
1917.000 1.844
1918.000 1.843
1919.000 1.840
1920.000 1.848
1921.000 1.847
1922.000 1.852
1923.000 1.851
1924.000 1.850
1925.000 1.852
1926.000 1.860
1927.000 1.852
1928.000 1.851
1929.000 1.855
1930.000 1.846
1931.000 1.857
1932.000 1.855
1933.000 1.855
1934.000 1.855
1935.000 1.862
1936.000 1.863
1937.000 1.858
1938.000 1.865
1939.000 1.861
1940.000 1.859
1941.000 1.862
1942.000 1.859
1943.000 1.863
1944.000 1.868
1945.000 1.859
1946.000 1.876
1947.000 1.867
1948.000 1.874
1949.000 1.863
1950.000 1.870
1951.000 1.874
1952.000 1.881
1953.000 1.885
1954.000 1.878
1955.000 1.886
1956.000 1.880
1957.000 1.885
1958.000 1.894
1959.000 1.888
1960.000 1.879
1961.000 1.896
1962.000 1.887
1963.000 1.901
1964.000 1.885
1965.000 1.892
1966.000 1.894
1967.000 1.896
1968.000 1.889
1969.000 1.887
1970.000 1.892
1971.000 1.884
1972.000 1.893
1973.000 1.906
1974.000 1.909
1975.000 1.895
1976.000 1.906
1977.000 1.900
1978.000 1.898
1979.000 1.906
1980.000 1.909
1981.000 1.905
1982.000 1.911
1983.000 1.907
1984.000 1.900
1985.000 1.898
1986.000 1.900
1987.000 1.903
1988.000 1.917
1989.000 1.929
1990.000 1.933
1991.000 1.928
1992.000 1.930
1993.000 1.927
1994.000 1.938
1995.000 1.921
1996.000 1.942
1997.000 1.937
1998.000 1.934
1999.000 1.934
2000.000 1.944
2001.000 1.955
2002.000 1.955
2003.000 1.958
2004.000 1.949
2005.000 1.942
2006.000 1.946
2007.000 1.966
2008.000 1.973
2009.000 1.963
2010.000 1.976
2011.000 1.955
2012.000 1.970
2013.000 1.976
2014.000 1.954
2015.000 1.955
2016.000 1.967
2017.000 1.975
2018.000 1.968
2019.000 1.978
2020.000 1.984
2021.000 1.994
2022.000 1.989
2023.000 1.980
2024.000 2.001
2025.000 1.985
2026.000 2.009
2027.000 1.996
2028.000 2.012
2029.000 2.020
2030.000 2.006
2031.000 2.009
2032.000 2.023
2033.000 2.032
2034.000 2.039
2035.000 2.030
2036.000 2.040
2037.000 2.036
2038.000 2.050
2039.000 2.068
2040.000 2.052
2041.000 2.066
2042.000 2.079
2043.000 2.067
2044.000 2.080
2045.000 2.091
2046.000 2.085
2047.000 2.089
2048.000 2.100
2049.000 2.109
2050.000 2.111
2051.000 2.121
2052.000 2.125
2053.000 2.131
2054.000 2.138
2055.000 2.139
2056.000 2.154
2057.000 2.167
2058.000 2.171
2059.000 2.176
2060.000 2.189
2061.000 2.188
2062.000 2.205
2063.000 2.212
2064.000 2.220
2065.000 2.232
2066.000 2.233
2067.000 2.244
2068.000 2.248
2069.000 2.257
2070.000 2.261
2071.000 2.282
2072.000 2.283
2073.000 2.290
2074.000 2.304
2075.000 2.316
2076.000 2.326
2077.000 2.341
2078.000 2.344
2079.000 2.355
2080.000 2.360
2081.000 2.373
2082.000 2.387
2083.000 2.398
2084.000 2.412
2085.000 2.426
2086.000 2.446
2087.000 2.465
2088.000 2.474
2089.000 2.485
2090.000 2.503
2091.000 2.511
2092.000 2.529
2093.000 2.551
2094.000 2.569
2095.000 2.578
2096.000 2.596
2097.000 2.619
2098.000 2.637
2099.000 2.655
2100.000 2.671
2101.000 2.696
2102.000 2.731
2103.000 2.745
2104.000 2.756
2105.000 2.790
2106.000 2.813
2107.000 2.839
2108.000 2.855
2109.000 2.888
2110.000 2.913
2111.000 2.963
2112.000 3.003
2113.000 3.051
2114.000 3.056
2115.000 3.063
2116.000 3.090
2117.000 3.125
2118.000 3.156
2119.000 3.196
2120.000 3.234
2121.000 3.269
2122.000 3.311
2123.000 3.356
2124.000 3.404
2125.000 3.460
2126.000 3.511
2127.000 3.524
2128.000 3.580
2129.000 3.635
2130.000 3.702
2131.000 3.771
2132.000 3.831
2133.000 3.911
2134.000 3.974
2135.000 4.052
2136.000 4.129
2137.000 4.214
2138.000 4.313
2139.000 4.363
2140.000 4.468
2141.000 4.587
2142.000 4.695
2143.000 4.820
2144.000 4.943
2145.000 5.078
2146.000 5.230
2147.000 5.394
2148.000 5.573
2149.000 5.753
2150.000 5.960
2151.000 6.169
2152.000 6.289
2153.000 6.545
2154.000 6.823
2155.000 7.120
2156.000 7.468
2157.000 7.831
2158.000 8.250
2159.000 8.699
2160.000 9.224
2161.000 9.769
2162.000 10.373
2163.000 10.750
2164.000 11.506
2165.000 12.311
2166.000 13.164
2167.000 13.978
2168.000 14.634
2169.000 15.057
2170.000 15.306
2171.000 15.289
2172.000 14.859
2173.000 14.066
2174.000 12.985
2175.000 12.389
2176.000 11.198
2177.000 10.099
2178.000 9.127
2179.000 8.284
2180.000 7.549
2181.000 6.902
2182.000 6.476
2183.000 5.838
2184.000 5.381
2185.000 4.983
2186.000 4.627
2187.000 4.307
2188.000 4.151
2189.000 5.757
2190.000 5.785
2191.000 5.336
2192.000 5.000
2193.000 4.192
2194.000 3.503
2195.000 2.981
2196.000 2.573
2197.000 2.259
2198.000 2.020
2199.000 1.816
2200.000 1.727
2201.000 1.564
2202.000 1.417
2203.000 1.291
2204.000 1.178
2205.000 1.076
2206.000 0.984
2207.000 0.899
2208.000 0.823
2209.000 0.748
2210.000 0.681
2211.000 0.631
2212.000 0.569
2213.000 0.539
2214.000 0.485
2215.000 0.439
2216.000 0.391
2217.000 0.346
2218.000 0.302
2219.000 0.259
2220.000 0.220
2221.000 0.179
2222.000 0.141
2223.000 0.104
2224.000 0.088
2225.000 0.058
2226.000 0.044
2227.000 0.057
2228.000 0.084
2229.000 0.122
2230.000 0.156
2231.000 0.193
2232.000 0.229
2233.000 0.266
2234.000 0.304
2235.000 0.342
2236.000 0.382
2237.000 0.401
2238.000 0.443
2239.000 0.485
2240.000 0.530
2241.000 0.575
2242.000 0.624
2243.000 0.676
2244.000 0.732
2245.000 0.792
2246.000 0.860
2247.000 0.927
2248.000 1.001
2249.000 1.035
2250.000 1.117
2251.000 1.207
2252.000 1.317
2253.000 1.437
2254.000 1.578
2255.000 1.745
2256.000 1.941
2257.000 2.179
2258.000 2.456
2259.000 2.793
2260.000 3.168
2261.000 3.610
2262.000 3.882
2263.000 4.409
2264.000 4.981
2265.000 5.568
2266.000 6.138
2267.000 6.722
2268.000 7.332
2269.000 7.942
2270.000 8.628
2271.000 9.420
2272.000 10.325
2273.000 10.834
2274.000 11.967
2275.000 13.241
2276.000 14.713
2277.000 16.346
2278.000 18.162
2279.000 20.080
2280.000 21.949
2281.000 23.495
2282.000 24.334
2283.000 24.334
2284.000 22.254
2285.000 20.949
2286.000 17.887
2287.000 14.702
2288.000 11.993
2289.000 9.925
2290.000 8.319
2291.000 7.083
2292.000 6.148
2293.000 5.436
2294.000 4.890
2295.000 4.472
2296.000 4.192
2297.000 3.968
2298.000 3.861
2299.000 3.666
2300.000 3.492
2301.000 3.323
2302.000 3.176
2303.000 3.042
2304.000 2.913
2305.000 2.792
2306.000 2.685
2307.000 2.577
2308.000 2.493
2309.000 2.395
2310.000 2.352
2311.000 2.282
2312.000 2.200
2313.000 2.122
2314.000 2.014
2315.000 1.915
2316.000 1.828
2317.000 1.747
2318.000 1.671
2319.000 1.600
2320.000 1.532
2321.000 1.501
2322.000 1.448
2323.000 1.396
2324.000 1.344
2325.000 1.299
2326.000 1.259
2327.000 1.223
2328.000 1.183
2329.000 1.149
2330.000 1.117
2331.000 1.082
2332.000 1.052
2333.000 1.027
2334.000 1.013
2335.000 0.986
2336.000 0.960
2337.000 0.936
2338.000 0.919
2339.000 0.894
2340.000 0.874
2341.000 0.856
2342.000 0.835
2343.000 0.815
2344.000 0.799
2345.000 0.782
2346.000 0.773
2347.000 0.753
2348.000 0.739
2349.000 0.726
2350.000 0.710
2351.000 0.698
2352.000 0.684
2353.000 0.671
2354.000 0.659
2355.000 0.648
2356.000 0.634
2357.000 0.622
2358.000 0.611
2359.000 0.605
2360.000 0.594
2361.000 0.582
2362.000 0.573
2363.000 0.564
2364.000 0.555
2365.000 0.545
2366.000 0.533
2367.000 0.523
2368.000 0.517
2369.000 0.507
2370.000 0.503
2371.000 0.496
2372.000 0.486
2373.000 0.478
2374.000 0.471
2375.000 0.464
2376.000 0.454
2377.000 0.449
2378.000 0.441
2379.000 0.437
2380.000 0.428
2381.000 0.424
2382.000 0.421
2383.000 0.416
2384.000 0.409
2385.000 0.402
2386.000 0.396
2387.000 0.390
2388.000 0.385
2389.000 0.378
2390.000 0.371
2391.000 0.365
2392.000 0.363
2393.000 0.357
2394.000 0.352
2395.000 0.350
2396.000 0.343
2397.000 0.338
2398.000 0.335
2399.000 0.331
2400.000 0.325
2401.000 0.321
2402.000 0.316
2403.000 0.314
2404.000 0.310
2405.000 0.303
2406.000 0.297
2407.000 0.297
2408.000 0.293
2409.000 0.291
2410.000 0.285
2411.000 0.282
2412.000 0.277
2413.000 0.272
2414.000 0.270
2415.000 0.264
2416.000 0.260
2417.000 0.258
2418.000 0.253
2419.000 0.250
2420.000 0.249
2421.000 0.244
2422.000 0.239
2423.000 0.236
2424.000 0.232
2425.000 0.230
2426.000 0.226
2427.000 0.222
2428.000 0.224
2429.000 0.219
2430.000 0.215
2431.000 0.212
2432.000 0.211
2433.000 0.209
2434.000 0.205
2435.000 0.202
2436.000 0.200
2437.000 0.197
2438.000 0.194
2439.000 0.191
2440.000 0.188
2441.000 0.185
2442.000 0.182
2443.000 0.180
2444.000 0.178
2445.000 0.176
2446.000 0.175
2447.000 0.173
2448.000 0.170
2449.000 0.166
2450.000 0.166
2451.000 0.161
2452.000 0.160
2453.000 0.159
2454.000 0.157
2455.000 0.153
2456.000 0.151
2457.000 0.150
2458.000 0.147
2459.000 0.145
2460.000 0.145
2461.000 0.142
2462.000 0.139
2463.000 0.135
2464.000 0.136
2465.000 0.132
2466.000 0.133
2467.000 0.129
2468.000 0.130
2469.000 0.125
2470.000 0.126
2471.000 0.124
2472.000 0.122
2473.000 0.121
2474.000 0.119
2475.000 0.116
2476.000 0.117
2477.000 0.115
2478.000 0.113
2479.000 0.113
2480.000 0.111
2481.000 0.110
2482.000 0.109
2483.000 0.109
2484.000 0.106
2485.000 0.103
2486.000 0.102
2487.000 0.101
2488.000 0.102
2489.000 0.100
2490.000 0.098
2491.000 0.099
2492.000 0.097
2493.000 0.097
2494.000 0.096
2495.000 0.095
2496.000 0.094
2497.000 0.090
2498.000 0.093
2499.000 0.092
2500.000 0.088
2501.000 0.088
2502.000 0.086
2503.000 0.085
2504.000 0.085
2505.000 0.085
2506.000 0.085
2507.000 0.082
2508.000 0.083
2509.000 0.082
2510.000 0.081
2511.000 0.081
2512.000 0.079
2513.000 0.079
2514.000 0.078
2515.000 0.076
2516.000 0.077
2517.000 0.076
2518.000 0.076
2519.000 0.074
2520.000 0.076
2521.000 0.075
2522.000 0.074
2523.000 0.073
2524.000 0.075
2525.000 0.075
2526.000 0.074
2527.000 0.075
2528.000 0.074
2529.000 0.074
2530.000 0.074
2531.000 0.074
2532.000 0.074
2533.000 0.078
2534.000 0.075
2535.000 0.075
2536.000 0.075
2537.000 0.076
2538.000 0.075
2539.000 0.076
2540.000 0.074
2541.000 0.077
2542.000 0.077
2543.000 0.078
2544.000 0.077
2545.000 0.081
2546.000 0.082
2547.000 0.083
2548.000 0.081
2549.000 0.082
2550.000 0.080
2551.000 0.082
2552.000 0.081
2553.000 0.083
2554.000 0.083
2555.000 0.084
2556.000 0.085
2557.000 0.086
2558.000 0.087
2559.000 0.086
2560.000 0.086
2561.000 0.087
2562.000 0.088
2563.000 0.090
2564.000 0.087
2565.000 0.090
2566.000 0.091
2567.000 0.093
2568.000 0.093
2569.000 0.093
2570.000 0.095
2571.000 0.096
2572.000 0.094
2573.000 0.097
2574.000 0.098
2575.000 0.099
2576.000 0.098
2577.000 0.101
2578.000 0.101
2579.000 0.103
2580.000 0.103
2581.000 0.105
2582.000 0.106
2583.000 0.106
2584.000 0.109
2585.000 0.110
2586.000 0.109
2587.000 0.112
2588.000 0.113
2589.000 0.114
2590.000 0.112
2591.000 0.115
2592.000 0.116
2593.000 0.116
2594.000 0.119
2595.000 0.120
2596.000 0.122
2597.000 0.124
2598.000 0.124
2599.000 0.124
2600.000 0.126
