1801.000 0.002
1802.000 0.832
1803.000 2.358
1804.000 2.364
1805.000 2.303
1806.000 2.293
1807.000 2.307
1808.000 2.308
1809.000 2.301
1810.000 2.318
1811.000 2.322
1812.000 2.328
1813.000 2.330
1814.000 2.340
1815.000 2.347
1816.000 2.355
1817.000 2.363
1818.000 2.356
1819.000 2.373
1820.000 2.386
1821.000 2.391
1822.000 2.399
1823.000 2.400
1824.000 2.398
1825.000 2.405
1826.000 2.412
1827.000 2.404
1828.000 2.396
1829.000 2.375
1830.000 2.351
1831.000 2.310
1832.000 2.271
1833.000 2.223
1834.000 2.172
1835.000 2.140
1836.000 2.088
1837.000 2.034
1838.000 1.979
1839.000 1.934
1840.000 1.887
1841.000 1.846
1842.000 1.832
1843.000 1.822
1844.000 1.817
1845.000 1.817
1846.000 1.813
1847.000 1.812
1848.000 1.808
1849.000 1.809
1850.000 1.792
1851.000 1.780
1852.000 1.769
1853.000 1.750
1854.000 1.716
1855.000 1.676
1856.000 1.628
1857.000 1.574
1858.000 1.508
1859.000 1.435
1860.000 1.394
1861.000 1.329
1862.000 1.259
1863.000 1.200
1864.000 1.150
1865.000 1.105
1866.000 1.097
1867.000 1.100
1868.000 1.095
1869.000 1.098
1870.000 1.097
1871.000 1.097
1872.000 1.103
1873.000 1.102
1874.000 1.104
1875.000 1.106
1876.000 1.104
1877.000 1.107
1878.000 1.108
1879.000 1.111
1880.000 1.108
1881.000 1.117
1882.000 1.116
1883.000 1.114
1884.000 1.113
1885.000 1.122
1886.000 1.117
1887.000 1.118
1888.000 1.122
1889.000 1.120
1890.000 1.122
1891.000 1.120
1892.000 1.121
1893.000 1.120
1894.000 1.123
1895.000 1.124
1896.000 1.121
1897.000 1.125
1898.000 1.130
1899.000 1.125
1900.000 1.126
1901.000 1.127
1902.000 1.125
1903.000 1.125
1904.000 1.129
1905.000 1.124
1906.000 1.128
1907.000 1.128
1908.000 1.130
1909.000 1.131
1910.000 1.129
1911.000 1.132
1912.000 1.132
1913.000 1.129
1914.000 1.132
1915.000 1.131
1916.000 1.131
1917.000 1.124
1918.000 1.132
1919.000 1.128
1920.000 1.124
1921.000 1.129
1922.000 1.131
1923.000 1.127
1924.000 1.130
1925.000 1.131
1926.000 1.131
1927.000 1.133
1928.000 1.127
1929.000 1.130
1930.000 1.126
1931.000 1.135
1932.000 1.130
1933.000 1.131
1934.000 1.133
1935.000 1.133
1936.000 1.133
1937.000 1.132
1938.000 1.131
1939.000 1.133
1940.000 1.133
1941.000 1.136
1942.000 1.136
1943.000 1.131
1944.000 1.132
1945.000 1.139
1946.000 1.127
1947.000 1.138
1948.000 1.127
1949.000 1.129
1950.000 1.137
1951.000 1.135
1952.000 1.130
1953.000 1.133
1954.000 1.129
1955.000 1.127
1956.000 1.133
1957.000 1.138
1958.000 1.128
1959.000 1.131
1960.000 1.141
1961.000 1.134
1962.000 1.139
1963.000 1.136
1964.000 1.144
1965.000 1.131
1966.000 1.129
1967.000 1.139
1968.000 1.147
1969.000 1.146
1970.000 1.148
1971.000 1.148
1972.000 1.148
1973.000 1.139
1974.000 1.134
1975.000 1.141
1976.000 1.152
1977.000 1.130
1978.000 1.160
1979.000 1.137
1980.000 1.153
1981.000 1.140
1982.000 1.156
1983.000 1.161
1984.000 1.155
1985.000 1.152
1986.000 1.148
1987.000 1.157
1988.000 1.159
1989.000 1.165
1990.000 1.161
1991.000 1.154
1992.000 1.169
1993.000 1.160
1994.000 1.173
1995.000 1.156
1996.000 1.171
1997.000 1.175
1998.000 1.161
1999.000 1.164
2000.000 1.168
2001.000 1.176
2002.000 1.183
2003.000 1.178
2004.000 1.172
2005.000 1.165
2006.000 1.167
2007.000 1.179
2008.000 1.187
2009.000 1.171
2010.000 1.197
2011.000 1.173
2012.000 1.192
2013.000 1.191
2014.000 1.180
2015.000 1.179
2016.000 1.197
2017.000 1.184
2018.000 1.186
2019.000 1.189
2020.000 1.200
2021.000 1.209
2022.000 1.208
2023.000 1.197
2024.000 1.207
2025.000 1.208
2026.000 1.203
2027.000 1.216
2028.000 1.217
2029.000 1.214
2030.000 1.218
2031.000 1.236
2032.000 1.236
2033.000 1.238
2034.000 1.240
2035.000 1.245
2036.000 1.245
2037.000 1.246
2038.000 1.243
2039.000 1.246
2040.000 1.263
2041.000 1.253
2042.000 1.262
2043.000 1.268
2044.000 1.271
2045.000 1.267
2046.000 1.283
2047.000 1.286
2048.000 1.293
2049.000 1.295
2050.000 1.294
2051.000 1.304
2052.000 1.312
2053.000 1.319
2054.000 1.315
2055.000 1.328
2056.000 1.324
2057.000 1.325
2058.000 1.337
2059.000 1.346
2060.000 1.345
2061.000 1.360
2062.000 1.365
2063.000 1.371
2064.000 1.381
2065.000 1.386
2066.000 1.388
2067.000 1.393
2068.000 1.402
2069.000 1.417
2070.000 1.425
2071.000 1.433
2072.000 1.440
2073.000 1.450
2074.000 1.451
2075.000 1.462
2076.000 1.470
2077.000 1.477
2078.000 1.484
2079.000 1.496
2080.000 1.506
2081.000 1.510
2082.000 1.528
2083.000 1.539
2084.000 1.546
2085.000 1.551
2086.000 1.569
2087.000 1.588
2088.000 1.596
2089.000 1.612
2090.000 1.625
2091.000 1.629
2092.000 1.640
2093.000 1.656
2094.000 1.671
2095.000 1.687
2096.000 1.700
2097.000 1.725
2098.000 1.736
2099.000 1.749
2100.000 1.774
2101.000 1.793
2102.000 1.803
2103.000 1.811
2104.000 1.839
2105.000 1.865
2106.000 1.885
2107.000 1.907
2108.000 1.933
2109.000 1.958
2110.000 1.984
2111.000 2.008
2112.000 2.036
2113.000 2.064
2114.000 2.077
2115.000 2.105
2116.000 2.138
2117.000 2.164
2118.000 2.201
2119.000 2.235
2120.000 2.273
2121.000 2.308
2122.000 2.357
2123.000 2.394
2124.000 2.440
2125.000 2.489
2126.000 2.537
2127.000 2.557
2128.000 2.608
2129.000 2.660
2130.000 2.718
2131.000 2.777
2132.000 2.844
2133.000 2.913
2134.000 2.979
2135.000 3.054
2136.000 3.137
2137.000 3.219
2138.000 3.305
2139.000 3.400
2140.000 3.450
2141.000 3.546
2142.000 3.656
2143.000 3.767
2144.000 3.900
2145.000 4.035
2146.000 4.179
2147.000 4.339
2148.000 4.514
2149.000 4.684
2150.000 4.891
2151.000 5.107
2152.000 5.220
2153.000 5.467
2154.000 5.732
2155.000 6.027
2156.000 6.352
2157.000 6.741
2158.000 7.143
2159.000 7.593
2160.000 8.114
2161.000 8.705
2162.000 9.394
2163.000 9.791
2164.000 10.642
2165.000 11.606
2166.000 12.683
2167.000 13.849
2168.000 15.001
2169.000 16.005
2170.000 16.637
2171.000 16.684
2172.000 16.015
2173.000 15.184
2174.000 14.443
2175.000 13.498
2176.000 12.983
2177.000 11.956
2178.000 10.973
2179.000 10.095
2180.000 9.324
2181.000 8.638
2182.000 8.060
2183.000 7.531
2184.000 7.076
2185.000 6.665
2186.000 6.297
2187.000 5.972
2188.000 5.825
2189.000 5.548
2190.000 5.304
2191.000 5.079
2192.000 4.859
2193.000 4.668
2194.000 4.487
2195.000 4.321
2196.000 4.174
2197.000 4.037
2198.000 3.911
2199.000 3.787
2200.000 3.676
2201.000 3.615
2202.000 3.523
2203.000 3.428
2204.000 3.336
2205.000 3.257
2206.000 3.182
2207.000 3.096
2208.000 3.046
2209.000 2.990
2210.000 2.923
2211.000 2.870
2212.000 2.834
2213.000 2.796
2214.000 2.743
2215.000 2.697
2216.000 2.655
2217.000 2.612
2218.000 2.576
2219.000 2.546
2220.000 2.513
2221.000 2.472
2222.000 2.443
2223.000 2.412
2224.000 2.396
2225.000 2.376
2226.000 2.354
2227.000 2.335
2228.000 2.316
2229.000 2.307
2230.000 2.294
2231.000 2.282
2232.000 2.269
2233.000 2.266
2234.000 2.260
2235.000 2.258
2236.000 2.261
2237.000 2.255
2238.000 2.261
2239.000 2.268
2240.000 2.275
2241.000 2.291
2242.000 2.300
2243.000 2.312
2244.000 2.327
2245.000 2.342
2246.000 2.366
2247.000 2.386
2248.000 2.411
2249.000 2.425
2250.000 2.451
2251.000 2.478
2252.000 2.515
2253.000 2.552
2254.000 2.596
2255.000 2.646
2256.000 2.702
2257.000 2.762
2258.000 2.821
2259.000 2.890
2260.000 2.933
2261.000 3.012
2262.000 3.106
2263.000 3.208
2264.000 3.320
2265.000 3.444
2266.000 3.599
2267.000 3.758
2268.000 3.935
2269.000 4.138
2270.000 4.369
2271.000 4.636
2272.000 4.944
2273.000 5.121
2274.000 5.541
2275.000 6.051
2276.000 6.681
2277.000 7.431
2278.000 8.312
2279.000 9.306
2280.000 10.320
2281.000 11.169
2282.000 11.522
2283.000 11.133
2284.000 10.118
2285.000 9.526
2286.000 8.419
2287.000 7.495
2288.000 6.606
2289.000 5.833
2290.000 5.199
2291.000 4.664
2292.000 4.223
2293.000 3.851
2294.000 3.540
2295.000 3.256
2296.000 3.024
2297.000 2.815
2298.000 2.719
2299.000 2.553
2300.000 2.398
2301.000 2.260
2302.000 2.130
2303.000 2.023
2304.000 1.920
2305.000 1.830
2306.000 1.739
2307.000 1.645
2308.000 1.541
2309.000 1.490
2310.000 1.391
2311.000 1.308
2312.000 1.232
2313.000 1.166
2314.000 1.104
2315.000 1.053
2316.000 1.007
2317.000 0.965
2318.000 0.927
2319.000 0.891
2320.000 0.858
2321.000 0.830
2322.000 0.816
2323.000 0.791
2324.000 0.766
2325.000 0.742
2326.000 0.720
2327.000 0.701
2328.000 0.684
2329.000 0.667
2330.000 0.651
2331.000 0.635
2332.000 0.621
2333.000 0.607
2334.000 0.601
2335.000 0.589
2336.000 0.574
2337.000 0.567
2338.000 0.555
2339.000 0.546
2340.000 0.537
2341.000 0.529
2342.000 0.518
2343.000 0.511
2344.000 0.501
2345.000 0.493
2346.000 0.487
2347.000 0.483
2348.000 0.477
2349.000 0.471
2350.000 0.466
2351.000 0.462
2352.000 0.454
2353.000 0.448
2354.000 0.442
2355.000 0.441
2356.000 0.434
2357.000 0.429
2358.000 0.426
2359.000 0.425
2360.000 0.422
2361.000 0.415
2362.000 0.410
2363.000 0.409
2364.000 0.404
2365.000 0.400
2366.000 0.398
2367.000 0.393
2368.000 0.389
2369.000 0.388
2370.000 0.385
2371.000 0.384
2372.000 0.379
2373.000 0.375
2374.000 0.372
2375.000 0.369
2376.000 0.368
2377.000 0.362
2378.000 0.363
2379.000 0.362
2380.000 0.358
2381.000 0.355
2382.000 0.355
2383.000 0.357
2384.000 0.351
2385.000 0.350
2386.000 0.348
2387.000 0.347
2388.000 0.345
2389.000 0.343
2390.000 0.341
2391.000 0.340
2392.000 0.340
2393.000 0.338
2394.000 0.336
2395.000 0.336
2396.000 0.332
2397.000 0.334
2398.000 0.332
2399.000 0.334
2400.000 0.332
2401.000 0.330
2402.000 0.329
2403.000 0.326
2404.000 0.324
2405.000 0.325
2406.000 0.323
2407.000 0.323
2408.000 0.319
2409.000 0.321
2410.000 0.319
2411.000 0.318
2412.000 0.318
2413.000 0.317
2414.000 0.317
2415.000 0.316
2416.000 0.315
2417.000 0.312
2418.000 0.314
2419.000 0.314
2420.000 0.314
2421.000 0.314
2422.000 0.313
2423.000 0.311
2424.000 0.311
2425.000 0.309
2426.000 0.310
2427.000 0.309
2428.000 0.309
2429.000 0.308
2430.000 0.308
2431.000 0.307
2432.000 0.308
2433.000 0.305
2434.000 0.304
2435.000 0.304
2436.000 0.305
2437.000 0.307
2438.000 0.304
2439.000 0.304
2440.000 0.305
2441.000 0.305
2442.000 0.303
2443.000 0.303
2444.000 0.303
2445.000 0.302
2446.000 0.302
2447.000 0.301
2448.000 0.302
2449.000 0.302
2450.000 0.303
2451.000 0.301
2452.000 0.304
2453.000 0.303
2454.000 0.301
2455.000 0.301
2456.000 0.302
2457.000 0.300
2458.000 0.303
2459.000 0.299
2460.000 0.300
2461.000 0.300
2462.000 0.300
2463.000 0.301
2464.000 0.301
2465.000 0.303
2466.000 0.302
2467.000 0.304
2468.000 0.301
2469.000 0.302
2470.000 0.303
2471.000 0.300
2472.000 0.302
2473.000 0.302
2474.000 0.301
2475.000 0.302
2476.000 0.302
2477.000 0.301
2478.000 0.303
2479.000 0.303
2480.000 0.302
2481.000 0.301
2482.000 0.304
2483.000 0.306
2484.000 0.303
2485.000 0.304
2486.000 0.305
2487.000 0.306
2488.000 0.305
2489.000 0.308
2490.000 0.308
2491.000 0.306
2492.000 0.308
2493.000 0.304
2494.000 0.305
2495.000 0.307
2496.000 0.308
2497.000 0.308
2498.000 0.309
2499.000 0.309
2500.000 0.309
2501.000 0.309
2502.000 0.309
2503.000 0.310
2504.000 0.311
2505.000 0.313
2506.000 0.311
2507.000 0.313
2508.000 0.313
2509.000 0.314
2510.000 0.314
2511.000 0.313
2512.000 0.316
2513.000 0.316
2514.000 0.316
2515.000 0.319
2516.000 0.318
2517.000 0.318
2518.000 0.319
2519.000 0.322
2520.000 0.322
2521.000 0.322
2522.000 0.323
2523.000 0.323
2524.000 0.322
2525.000 0.328
2526.000 0.328
2527.000 0.327
2528.000 0.328
2529.000 0.328
2530.000 0.333
2531.000 0.332
2532.000 0.374
2533.000 0.366
2534.000 0.369
2535.000 0.376
2536.000 0.363
2537.000 0.354
2538.000 0.349
2539.000 0.348
2540.000 0.344
2541.000 0.343
2542.000 0.345
2543.000 0.345
2544.000 0.347
2545.000 0.349
2546.000 0.347
2547.000 0.349
2548.000 0.354
2549.000 0.353
2550.000 0.354
2551.000 0.354
2552.000 0.357
2553.000 0.357
2554.000 0.358
2555.000 0.362
2556.000 0.366
2557.000 0.366
2558.000 0.369
2559.000 0.369
2560.000 0.369
2561.000 0.374
2562.000 0.374
2563.000 0.371
2564.000 0.372
2565.000 0.368
2566.000 0.373
2567.000 0.373
2568.000 0.374
2569.000 0.371
2570.000 0.376
2571.000 0.379
2572.000 0.368
2573.000 0.377
2574.000 0.378
2575.000 0.376
2576.000 0.376
2577.000 0.373
2578.000 0.372
2579.000 0.376
2580.000 0.375
2581.000 0.373
2582.000 0.373
2583.000 0.376
2584.000 0.376
2585.000 0.375
2586.000 0.375
2587.000 0.375
2588.000 0.380
2589.000 0.378
2590.000 0.377
2591.000 0.377
2592.000 0.375
2593.000 0.378
2594.000 0.375
2595.000 0.376
2596.000 0.378
2597.000 0.382
2598.000 0.383
2599.000 0.379
2600.000 0.378
