105.000 0.026
110.000 0.059
115.000 4.023
120.000 4.456
125.000 5.213
130.000 6.204
135.000 6.629
140.000 7.212
145.000 7.524
150.000 8.083
155.000 8.706
160.000 8.921
165.000 9.607
170.000 9.980
175.000 10.554
180.000 11.437
185.000 11.881
190.000 13.082
195.000 13.728
200.000 15.367
205.000 17.826
210.000 19.388
215.000 22.956
220.000 24.944
225.000 29.890
230.000 35.712
235.000 39.311
240.000 48.004
245.000 52.583
250.000 60.236
255.000 60.100
260.000 52.813
265.000 37.199
270.000 33.595
275.000 28.446
280.000 25.162
285.000 23.884
290.000 21.750
295.000 20.907
300.000 19.585
305.000 18.584
310.000 18.232
315.000 17.726
320.000 17.509
325.000 17.397
330.000 16.772
335.000 16.189
340.000 15.447
345.000 15.339
350.000 16.162
355.000 17.446
360.000 18.243
365.000 19.846
370.000 20.677
375.000 22.632
380.000 24.822
385.000 26.000
390.000 28.542
395.000 29.888
400.000 32.803
405.000 36.019
410.000 37.863
415.000 41.532
420.000 43.453
425.000 47.448
430.000 51.458
435.000 53.476
440.000 58.950
445.000 61.014
450.000 65.016
455.000 69.077
465.000 66.154
470.000 71.053
475.000 67.925
480.000 66.506
485.000 64.047
490.000 63.388
495.000 63.109
500.000 59.850
505.000 56.122
510.000 41.856
515.000 37.161
520.000 30.819
525.000 28.284
530.000 23.693
535.000 21.738
540.000 18.348
545.000 15.488
550.000 14.266
555.000 12.171
560.000 10.520
565.000 9.820
570.000 8.639
575.000 8.132
580.000 7.299
585.000 6.630
590.000 6.342
595.000 5.850
600.000 5.638
605.000 5.277
610.000 4.973
615.000 4.852
620.000 4.660
625.000 4.567
630.000 4.433
635.000 4.346
640.000 4.316
645.000 4.294
650.000 4.310
655.000 4.399
660.000 4.483
665.000 4.681
670.000 5.003
675.000 5.219
680.000 5.823
685.000 6.809
690.000 7.534
695.000 9.872
700.000 11.754
705.000 17.179
710.000 20.626
715.000 29.365
720.000 38.788
725.000 40.429
730.000 26.071
735.000 13.707
740.000 10.888
745.000 7.551
750.000 6.464
755.000 4.913
760.000 3.887
765.000 3.503
770.000 2.891
775.000 2.657
780.000 2.276
785.000 1.989
790.000 1.875
795.000 1.688
800.000 1.615
805.000 1.480
810.000 1.367
815.000 1.320
820.000 1.277
825.000 1.202
830.000 1.135
835.000 1.078
840.000 1.057
845.000 1.015
850.000 1.001
855.000 0.979
860.000 0.964
865.000 0.960
870.000 0.960
875.000 0.964
880.000 0.974
885.000 0.999
890.000 1.017
895.000 1.040
900.000 1.095
905.000 1.173
910.000 1.283
915.000 1.351
920.000 1.531
925.000 1.652
930.000 1.977
935.000 2.491
940.000 2.865
945.000 3.977
950.000 4.773
955.000 6.097
965.000 3.243
970.000 2.683
975.000 1.962
980.000 1.724
985.000 1.386
990.000 1.155
995.000 1.077
1000.000 0.937
1005.000 0.890
1010.000 0.806
1015.000 0.734
1020.000 0.702
1025.000 0.664
1030.000 0.641
1035.000 0.615
1040.000 0.591
1045.000 0.581
1050.000 0.564
1055.000 0.553
1060.000 0.540
1065.000 0.539
1070.000 0.534
1075.000 0.534
1080.000 0.536
1085.000 0.541
1090.000 0.542
1095.000 0.550
1100.000 0.559
1105.000 0.568
1110.000 0.592
1115.000 0.615
1120.000 0.627
1125.000 0.664
1130.000 0.683
1135.000 0.734
1140.000 0.798
1145.000 0.839
1150.000 0.934
1155.000 0.993
1160.000 1.145
1165.000 1.358
1170.000 1.502
1175.000 1.917
1180.000 2.235
1185.000 3.337
1190.000 5.741
1195.000 7.372
1200.000 8.627
1205.000 7.227
1210.000 4.144
1215.000 2.836
1220.000 2.422
1225.000 2.106
1230.000 1.664
1235.000 1.384
1240.000 1.276
1245.000 1.111
1250.000 0.992
1255.000 0.946
1260.000 0.871
1265.000 0.838
1270.000 0.794
1275.000 0.760
1280.000 0.746
1285.000 0.725
1290.000 0.714
1295.000 0.709
1300.000 0.708
1305.000 0.705
1310.000 0.709
1315.000 0.723
1320.000 0.734
1325.000 0.754
1330.000 0.773
1335.000 0.813
1340.000 0.863
1345.000 0.893
1350.000 0.967
1355.000 1.009
1360.000 1.125
1365.000 1.192
1370.000 1.371
1375.000 1.622
1380.000 1.794
1385.000 2.285
1390.000 2.630
1395.000 3.656
1400.000 5.179
1405.000 6.207
1410.000 7.511
1415.000 11.305
1420.000 16.518
1425.000 18.343
1430.000 16.646
1435.000 10.887
1440.000 8.938
1445.000 6.337
1450.000 4.744
1455.000 4.189
1460.000 3.738
1465.000 3.083
1470.000 2.629
1475.000 2.310
1480.000 2.185
1485.000 2.010
1490.000 1.944
1495.000 1.856
1500.000 1.792
1505.000 1.765
1510.000 1.732
1515.000 1.721
1520.000 1.704
1525.000 1.698
1530.000 1.703
1535.000 1.720
1540.000 1.729
1545.000 1.762
1550.000 1.805
1555.000 1.829
1560.000 1.896
1565.000 1.933
1570.000 2.017
1575.000 2.064
1580.000 2.177
1585.000 2.242
1590.000 2.393
1595.000 2.604
1600.000 2.892
1605.000 3.079
1610.000 3.301
1615.000 3.918
1620.000 4.870
1625.000 6.432
1630.000 7.550
1635.000 10.626
1640.000 12.595
1645.000 16.650
1650.000 17.685
1655.000 15.841
1660.000 10.417
1665.000 8.646
1670.000 6.321
1675.000 5.575
1680.000 4.548
1685.000 3.879
1690.000 3.638
1695.000 3.266
1700.000 3.121
1705.000 2.921
1710.000 2.816
1715.000 2.771
1720.000 2.707
1725.000 2.682
1730.000 2.638
1735.000 2.614
1740.000 2.607
1745.000 2.611
1750.000 2.614
1755.000 2.641
1760.000 2.685
1765.000 2.711
1770.000 2.795
1775.000 2.844
1780.000 2.962
1785.000 3.105
1790.000 3.193
1795.000 3.415
1800.000 3.549
1805.000 3.903
1810.000 4.388
1815.000 4.702
1820.000 5.555
1825.000 6.127
1830.000 7.724
1835.000 10.209
1840.000 11.934
1845.000 16.631
1850.000 19.600
1855.000 26.112
1860.000 30.896
1865.000 31.591
1870.000 27.434
1875.000 23.178
1880.000 16.190
1885.000 11.668
1890.000 10.092
1895.000 7.877
1900.000 7.081
1905.000 5.888
1910.000 5.054
1915.000 4.736
1920.000 4.253
1925.000 4.089
1930.000 3.853
1935.000 3.694
1940.000 3.630
1945.000 3.518
1950.000 3.445
1955.000 3.413
1960.000 3.382
1965.000 3.362
1970.000 3.380
1975.000 3.386
1980.000 3.436
1985.000 3.533
1990.000 3.584
1995.000 3.736
2000.000 3.817
2005.000 4.046
2010.000 4.380
2015.000 4.581
2020.000 5.161
2025.000 5.611
2030.000 6.872
2035.000 8.953
2040.000 10.419
2045.000 12.151
2050.000 15.684
2055.000 16.634
2060.000 12.794
2065.000 10.305
2070.000 6.686
2075.000 5.520
2080.000 3.933
2085.000 2.937
2090.000 2.579
2095.000 2.033
2100.000 1.821
2105.000 1.480
2110.000 1.337
2115.000 1.110
2120.000 0.936
2125.000 0.861
2130.000 0.733
2135.000 0.634
2140.000 0.590
2145.000 0.510
2150.000 0.476
2155.000 0.417
2160.000 0.368
2165.000 0.346
2170.000 0.309
2175.000 0.292
2180.000 0.259
2185.000 0.236
2190.000 0.223
2195.000 0.213
2200.000 0.195
2205.000 0.180
2210.000 0.167
2215.000 0.163
2220.000 0.154
2225.000 0.149
2230.000 0.144
2235.000 0.140
2240.000 0.136
2245.000 0.135
2250.000 0.133
2255.000 0.131
2260.000 0.133
2265.000 0.133
2270.000 0.133
2275.000 0.134
2280.000 0.135
2285.000 0.135
2290.000 0.138
2295.000 0.139
2300.000 0.142
2305.000 0.144
2310.000 0.145
2315.000 0.150
2320.000 0.150
2325.000 0.150
2330.000 0.156
2335.000 0.157
2340.000 0.159
2345.000 0.165
2350.000 0.165
2355.000 0.169
2360.000 0.170
2365.000 0.174
2370.000 0.176
2375.000 0.178
2380.000 0.182
2385.000 0.187
2390.000 0.192
2395.000 0.197
2400.000 0.197
2405.000 0.202
2410.000 0.205
2415.000 0.212
2420.000 0.220
2425.000 0.221
2430.000 0.232
2435.000 0.236
2440.000 0.244
2445.000 0.256
2450.000 0.260
2455.000 0.273
2460.000 0.282
2465.000 0.296
2470.000 0.314
2475.000 0.322
2480.000 0.344
2485.000 0.359
2490.000 0.385
2495.000 0.402
2500.000 0.435
2505.000 0.476
2510.000 0.499
2515.000 0.552
2520.000 0.622
2525.000 0.660
2530.000 0.755
2535.000 0.813
2540.000 0.958
2545.000 1.170
2550.000 1.343
2555.000 1.802
2560.000 2.156
2565.000 3.286
2570.000 5.132
2575.000 6.288
2580.000 8.954
2585.000 10.510
2590.000 14.284
2595.000 18.403
2600.000 19.647
2605.000 19.636
2610.000 15.737
2615.000 12.010
2620.000 9.735
2625.000 8.854
2630.000 7.442
2635.000 6.869
2640.000 5.910
2645.000 5.199
2650.000 4.920
2655.000 4.496
2660.000 4.343
2665.000 4.131
2670.000 4.074
2675.000 4.102
2680.000 4.318
2685.000 4.505
2690.000 5.073
2695.000 5.990
2700.000 6.649
2705.000 8.617
2710.000 10.040
2715.000 13.904
2720.000 18.623
2725.000 20.704
2730.000 22.000
2735.000 20.262
2740.000 14.005
2745.000 11.399
2750.000 7.881
2755.000 5.844
2760.000 5.146
2765.000 4.144
2770.000 3.776
2775.000 3.220
2780.000 2.859
2785.000 2.741
2790.000 2.579
2795.000 2.516
2800.000 2.421
2805.000 2.356
2810.000 2.336
2815.000 2.316
2820.000 2.314
2825.000 2.322
2830.000 2.345
2835.000 2.395
2840.000 2.491
2845.000 2.618
2850.000 2.714
2855.000 2.920
2860.000 3.060
2865.000 3.475
2870.000 3.779
2875.000 4.630
2880.000 6.049
2885.000 7.080
2890.000 9.961
2895.000 11.791
2900.000 15.635
2905.000 17.855
2910.000 17.461
2915.000 13.236
2920.000 10.861
2925.000 7.385
2930.000 5.343
2935.000 4.659
2940.000 3.663
2945.000 3.305
2950.000 2.761
2955.000 2.406
2960.000 2.276
2965.000 2.102
2970.000 2.046
2975.000 1.899
2980.000 1.829
2985.000 1.722
2990.000 1.638
2995.000 1.606
3000.000 1.573
3005.000 1.531
3010.000 1.533
3015.000 1.541
3020.000 1.565
3025.000 1.604
3030.000 1.681
3035.000 1.738
3040.000 1.892
3045.000 1.984
3050.000 2.160
3055.000 2.429
3060.000 2.604
3065.000 3.185
3070.000 3.623
3075.000 4.989
3080.000 7.196
3085.000 8.545
3090.000 10.749
3095.000 10.938
3100.000 8.564
3105.000 6.821
3110.000 4.322
3115.000 2.985
3120.000 2.549
3125.000 1.943
3130.000 1.726
3135.000 1.399
3140.000 1.184
3145.000 1.100
3150.000 0.982
3155.000 0.891
3160.000 0.854
3165.000 0.790
3170.000 0.767
3175.000 0.735
3180.000 0.718
3185.000 0.715
3190.000 0.719
3195.000 0.723
3200.000 0.746
3205.000 0.781
3210.000 0.804
3215.000 0.872
3220.000 0.918
3225.000 1.059
3230.000 1.293
3235.000 1.473
3240.000 2.041
3245.000 2.464
3250.000 3.475
3255.000 3.763
3260.000 3.395
3265.000 2.853
3270.000 1.875
3275.000 1.309
3280.000 1.119
3285.000 0.861
3290.000 0.698
3295.000 0.644
3300.000 0.558
3305.000 0.520
3310.000 0.461
3315.000 0.414
3320.000 0.393
3325.000 0.364
3330.000 0.355
3335.000 0.335
3340.000 0.316
3345.000 0.311
3350.000 0.300
3355.000 0.288
3360.000 0.286
3365.000 0.277
3370.000 0.275
3375.000 0.271
3380.000 0.267
3385.000 0.263
3390.000 0.260
3395.000 0.258
3400.000 0.256
3405.000 0.253
3410.000 0.253
3415.000 0.249
3420.000 0.251
3425.000 0.249
3430.000 0.249
3435.000 0.246
3440.000 0.247
3445.000 0.247
3450.000 0.245
3455.000 0.247
3460.000 0.246
3465.000 0.245
3470.000 0.245
3475.000 0.244
3480.000 0.243
3485.000 0.245
3490.000 0.246
3495.000 0.242
3500.000 0.246
3505.000 0.245
3510.000 0.244
3515.000 0.244
3520.000 0.247
3525.000 0.247
3530.000 0.248
3535.000 0.246
3540.000 0.248
3545.000 0.249
3550.000 0.250
3555.000 0.249
3560.000 0.248
3565.000 0.252
3570.000 0.250
3575.000 0.252
3580.000 0.252
3585.000 0.254
3590.000 0.255
3595.000 0.257
3600.000 0.256
3605.000 0.257
3610.000 0.258
3615.000 0.258
3620.000 0.259
3625.000 0.260
3630.000 0.260
3635.000 0.262
3640.000 0.265
3645.000 0.264
3650.000 0.264
3655.000 0.268
3660.000 0.269
3665.000 0.270
3670.000 0.271
3675.000 0.271
3680.000 0.271
3685.000 0.276
3690.000 0.279
3695.000 0.280
3700.000 0.274
3705.000 0.275
3710.000 0.273
3715.000 0.278
3720.000 0.274
3725.000 0.278
3730.000 0.278
3735.000 0.277
3740.000 0.280
3745.000 0.282
3750.000 0.283
3755.000 0.286
3760.000 0.286
3765.000 0.289
3770.000 0.294
3775.000 0.296
3780.000 0.299
3785.000 0.304
3790.000 0.309
3795.000 0.313
3800.000 0.326
3805.000 0.330
3810.000 0.343
3815.000 0.366
3820.000 0.375
3825.000 0.411
3830.000 0.435
3835.000 0.509
3840.000 0.627
3845.000 0.708
3850.000 0.931
3855.000 1.070
3860.000 1.352
3865.000 1.620
3870.000 1.643
3875.000 1.442
3880.000 1.304
3885.000 1.080
3890.000 0.932
3895.000 0.875
3900.000 0.798
3905.000 0.768
3910.000 0.736
3915.000 0.736
3920.000 0.741
3925.000 0.749
3930.000 0.784
3935.000 0.834
3940.000 0.903
3945.000 0.948
3950.000 1.078
3955.000 1.174
3960.000 1.426
3965.000 1.867
3970.000 2.191
3975.000 3.183
3980.000 3.848
3985.000 5.563
3990.000 7.553
3995.000 8.288
4000.000 8.402
4005.000 7.553
4010.000 5.288
4015.000 3.679
4020.000 3.115
4025.000 2.379
4030.000 2.116
4035.000 1.720
4040.000 1.592
4045.000 1.386
4050.000 1.303
4055.000 1.201
4060.000 1.133
4065.000 1.104
4070.000 1.082
4075.000 1.055
4080.000 1.053
4085.000 1.055
4090.000 1.066
4095.000 1.094
4100.000 1.139
4105.000 1.173
4110.000 1.258
4115.000 1.315
4120.000 1.453
4125.000 1.551
4130.000 1.826
4135.000 2.277
4140.000 2.600
4145.000 3.515
4150.000 4.730
4155.000 5.306
4160.000 5.565
4165.000 5.064
4170.000 3.551
4175.000 2.412
4180.000 2.036
4185.000 1.529
4190.000 1.355
4195.000 1.093
4200.000 0.923
4205.000 0.863
4210.000 0.773
4215.000 0.738
4220.000 0.684
4225.000 0.648
4230.000 0.635
4235.000 0.610
4240.000 0.600
4245.000 0.583
4250.000 0.581
4255.000 0.580
4260.000 0.579
4265.000 0.585
4270.000 0.597
4275.000 0.620
4280.000 0.635
4285.000 0.683
4290.000 0.713
4295.000 0.792
4300.000 0.916
4305.000 1.007
4310.000 1.273
4315.000 1.482
4320.000 2.125
4325.000 3.159
4330.000 3.787
4335.000 4.840
4340.000 4.950
4345.000 4.151
4350.000 2.929
4355.000 2.456
4360.000 1.807
4365.000 1.582
4370.000 1.266
4375.000 1.055
4380.000 0.972
4385.000 0.854
4390.000 0.810
4395.000 0.754
4400.000 0.712
4405.000 0.694
4410.000 0.664
4415.000 0.655
4420.000 0.638
4425.000 0.646
4430.000 0.635
4435.000 0.627
4440.000 0.624
4445.000 0.624
4450.000 0.636
4455.000 0.643
4460.000 0.668
4465.000 0.683
4470.000 0.723
4475.000 0.750
4480.000 0.819
4485.000 0.901
4490.000 0.924
4495.000 0.876
4500.000 0.687
4505.000 0.561
4510.000 0.328
4515.000 0.246
4520.000 0.140
4525.000 0.113
4530.000 0.096
4535.000 0.099
4540.000 0.110
4545.000 0.125
4550.000 0.138
4555.000 0.144
4560.000 0.156
4565.000 0.163
4570.000 0.176
4575.000 0.185
4580.000 0.190
4585.000 0.200
4590.000 0.203
4595.000 0.211
4600.000 0.219
4605.000 0.222
4610.000 0.228
4615.000 0.233
4620.000 0.237
4625.000 0.240
4630.000 0.244
4635.000 0.244
4640.000 0.247
4645.000 0.253
4650.000 0.252
4655.000 0.255
4660.000 0.257
4665.000 0.259
4670.000 0.260
4675.000 0.261
4680.000 0.260
4685.000 0.264
4690.000 0.266
4695.000 0.266
4700.000 0.267
4705.000 0.268
4710.000 0.269
4715.000 0.269
4720.000 0.270
4725.000 0.269
4730.000 0.270
4735.000 0.270
4740.000 0.273
4745.000 0.275
4750.000 0.274
4755.000 0.275
4760.000 0.272
4765.000 0.272
4770.000 0.272
4775.000 0.272
4780.000 0.274
4785.000 0.270
4790.000 0.269
4795.000 0.267
4800.000 0.269
4805.000 0.265
4810.000 0.266
4815.000 0.261
4820.000 0.258
4825.000 0.257
4830.000 0.253
4835.000 0.249
4840.000 0.244
4845.000 0.238
4850.000 0.235
4855.000 0.230
4860.000 0.221
4865.000 0.215
4870.000 0.207
4875.000 0.202
4880.000 0.188
4885.000 0.175
4890.000 0.169
4895.000 0.148
4900.000 0.138
4905.000 0.128
4910.000 0.129
4915.000 0.143
4920.000 0.221
4925.000 0.300
4930.000 0.602
4935.000 0.803
4940.000 1.325
4945.000 2.124
4950.000 2.662
4955.000 3.702
4960.000 4.021
4965.000 3.970
4970.000 3.431
4975.000 3.216
4980.000 2.874
4985.000 2.745
4990.000 2.593
4995.000 2.467
5000.000 2.403
5005.000 2.368
5010.000 2.337
5015.000 2.327
5020.000 2.335
5025.000 2.353
5030.000 2.433
5035.000 2.470
5040.000 2.623
5045.000 2.699
5050.000 2.859
5055.000 3.116
5060.000 3.267
5065.000 3.682
5070.000 4.275
5075.000 4.646
5080.000 5.562
5085.000 6.126
5090.000 7.448
5095.000 8.880
5100.000 9.561
5105.000 10.278
5110.000 9.993
5115.000 8.203
5120.000 6.120
5125.000 5.265
5130.000 3.981
5135.000 3.501
5140.000 2.783
5145.000 2.310
5150.000 2.138
5155.000 1.882
5160.000 1.711
5165.000 1.653
5170.000 1.608
5175.000 1.584
5180.000 1.599
5185.000 1.649
5190.000 1.686
5195.000 1.810
5200.000 1.870
5205.000 2.043
5210.000 2.293
5215.000 2.477
5220.000 2.977
5225.000 3.384
5230.000 4.452
5235.000 5.196
5240.000 7.095
5245.000 8.073
5250.000 9.290
5255.000 8.461
5260.000 7.427
5265.000 5.410
5270.000 3.933
5275.000 3.417
5280.000 2.682
5285.000 2.419
5290.000 2.022
5295.000 1.875
5300.000 1.662
5305.000 1.529
5310.000 1.481
5315.000 1.407
5320.000 1.354
5325.000 1.338
5330.000 1.314
5335.000 1.312
5340.000 1.317
5345.000 1.343
5350.000 1.367
5355.000 1.451
5360.000 1.492
5365.000 1.626
5370.000 1.721
5375.000 1.993
5380.000 2.404
5385.000 2.608
5390.000 2.763
5395.000 2.340
5400.000 2.033
5405.000 1.488
5410.000 1.292
5415.000 1.032
5420.000 0.873
5425.000 0.817
5430.000 0.735
5435.000 0.698
5440.000 0.640
5445.000 0.611
5450.000 0.609
5455.000 0.608
5460.000 0.619
5465.000 0.661
5470.000 0.755
5475.000 0.822
5480.000 0.889
5485.000 1.030
5490.000 1.146
5495.000 1.122
5500.000 1.042
5505.000 0.947
5510.000 0.742
5515.000 0.594
5520.000 0.544
5525.000 0.457
5530.000 0.405
5535.000 0.384
5540.000 0.353
5545.000 0.339
5550.000 0.327
5555.000 0.313
5560.000 0.306
5565.000 0.301
5570.000 0.297
5575.000 0.291
5580.000 0.283
5585.000 0.283
5590.000 0.282
5595.000 0.282
5600.000 0.280
5605.000 0.277
5610.000 0.277
5615.000 0.276
5620.000 0.277
5625.000 0.276
5630.000 0.276
5635.000 0.275
5640.000 0.274
5645.000 0.276
5650.000 0.274
5655.000 0.275
5660.000 0.276
5665.000 0.276
5670.000 0.276
5675.000 0.277
5680.000 0.277
5685.000 0.278
5690.000 0.278
5695.000 0.279
5700.000 0.279
5705.000 0.278
5710.000 0.278
5715.000 0.280
5720.000 0.280
5725.000 0.281
5730.000 0.282
5735.000 0.280
5740.000 0.281
5745.000 0.283
5750.000 0.281
5755.000 0.286
5760.000 0.286
5765.000 0.285
5770.000 0.288
5775.000 0.287
5780.000 0.288
5785.000 0.286
5790.000 0.289
5795.000 0.287
5800.000 0.288
5805.000 0.290
5810.000 0.287
5815.000 0.289
5820.000 0.291
5825.000 0.289
5830.000 0.291
5835.000 0.293
5840.000 0.293
5845.000 0.293
5850.000 0.292
5855.000 0.300
5860.000 0.298
5865.000 0.299
5870.000 0.300
5875.000 0.299
5880.000 0.299
5885.000 0.298
5890.000 0.299
5895.000 0.298
5900.000 0.299
5905.000 0.299
5910.000 0.301
5915.000 0.300
5920.000 0.303
5925.000 0.302
5930.000 0.303
5935.000 0.302
5940.000 0.304
5945.000 0.309
5950.000 0.311
5955.000 0.312
5960.000 0.315
5965.000 0.316
5970.000 0.312
5975.000 0.307
5980.000 0.307
5985.000 0.307
5990.000 0.311
5995.000 0.316
6000.000 0.329
6005.000 0.335
6010.000 0.332
6015.000 0.327
6020.000 0.330
6025.000 0.322
6030.000 0.335
6035.000 0.322
6040.000 0.327
6045.000 0.329
6050.000 0.320
6055.000 0.327
6060.000 0.323
6065.000 0.328
6070.000 0.324
6075.000 0.322
6080.000 0.326
6085.000 0.326
6090.000 0.327
6095.000 0.324
6100.000 0.327
6105.000 0.329
6110.000 0.332
6115.000 0.330
6120.000 0.331
6125.000 0.332
6130.000 0.332
6135.000 0.334
6140.000 0.335
6145.000 0.338
6150.000 0.338
6155.000 0.342
6160.000 0.341
6165.000 0.341
6170.000 0.342
6175.000 0.344
6180.000 0.346
6185.000 0.347
6190.000 0.348
6195.000 0.346
6200.000 0.348
6205.000 0.347
6210.000 0.351
6215.000 0.355
6220.000 0.354
6225.000 0.356
6230.000 0.354
6235.000 0.359
6240.000 0.360
6245.000 0.360
6250.000 0.358
6255.000 0.359
6260.000 0.363
6265.000 0.360
6270.000 0.362
6275.000 0.363
6280.000 0.361
6285.000 0.363
6290.000 0.365
6295.000 0.365
6300.000 0.365
6305.000 0.368
6310.000 0.374
6315.000 0.368
6320.000 0.377
6325.000 0.369
6330.000 0.365
6335.000 0.364
6340.000 0.361
6345.000 0.365
6350.000 0.370
6355.000 0.369
6360.000 0.368
6365.000 0.367
6370.000 0.370
6375.000 0.369
6380.000 0.369
6385.000 0.369
6390.000 0.367
6395.000 0.369
6400.000 0.368
6405.000 0.371
6410.000 0.370
6415.000 0.365
6420.000 0.368
6425.000 0.366
6430.000 0.368
6435.000 0.371
6440.000 0.366
6445.000 0.366
6450.000 0.369
6455.000 0.372
6460.000 0.368
6465.000 0.368
6470.000 0.370
6475.000 0.368
6480.000 0.369
6485.000 0.367
6490.000 0.368
6495.000 0.373
6500.000 0.371
6505.000 0.374
6510.000 0.369
6515.000 0.372
6520.000 0.370
6525.000 0.370
6530.000 0.370
6535.000 0.372
6540.000 0.371
6545.000 0.369
6550.000 0.369
6555.000 0.369
6560.000 0.367
6565.000 0.366
6570.000 0.369
6575.000 0.367
6580.000 0.360
6585.000 0.356
6590.000 0.359
6595.000 0.354
6600.000 0.351
6605.000 0.352
6610.000 0.343
6615.000 0.335
6620.000 0.333
6625.000 0.332
6630.000 0.327
6635.000 0.314
6640.000 0.304
6645.000 0.293
6650.000 0.274
6655.000 0.266
6660.000 0.239
6665.000 0.207
6670.000 0.192
6675.000 0.181
6680.000 0.197
6685.000 0.388
6690.000 0.999
6695.000 1.423
6700.000 2.630
6705.000 3.437
6710.000 5.023
6715.000 5.492
6720.000 5.804
6725.000 5.867
6730.000 5.961
6735.000 6.346
6740.000 6.645
6745.000 7.513
6750.000 8.734
6755.000 9.508
6760.000 11.072
6765.000 11.757
6770.000 12.247
6775.000 10.782
6780.000 9.630
6785.000 7.528
6790.000 6.717
6795.000 5.524
6800.000 4.707
6805.000 4.400
6810.000 3.950
6815.000 3.794
6820.000 3.609
6825.000 3.571
6830.000 3.602
6835.000 3.764
6840.000 3.912
6845.000 4.294
6850.000 4.943
6855.000 5.367
6860.000 6.465
6865.000 7.122
6870.000 8.569
6875.000 9.136
6880.000 9.627
6885.000 8.481
6890.000 7.566
6895.000 5.815
6900.000 5.110
6905.000 4.053
6910.000 3.308
6915.000 3.027
6920.000 2.614
6925.000 2.338
6930.000 2.249
6935.000 2.099
6940.000 2.044
6945.000 1.983
6950.000 1.980
6955.000 2.002
6960.000 2.054
6965.000 2.101
6970.000 2.208
6975.000 2.371
6980.000 2.470
6985.000 2.772
6990.000 2.959
6995.000 3.510
7000.000 4.370
7005.000 4.941
7010.000 6.479
7015.000 7.215
7020.000 8.175
7025.000 7.749
7030.000 6.935
7035.000 5.136
7040.000 4.402
7045.000 3.325
7050.000 2.623
7055.000 2.387
7060.000 2.013
7065.000 1.877
7070.000 1.699
7075.000 1.564
7080.000 1.510
7085.000 1.419
7090.000 1.384
7095.000 1.338
7100.000 1.314
7105.000 1.304
7110.000 1.298
7115.000 1.301
7120.000 1.321
7125.000 1.370
7130.000 1.402
7135.000 1.493
7140.000 1.555
7145.000 1.737
7150.000 2.022
7155.000 2.224
7160.000 2.475
7165.000 3.174
7170.000 4.123
7175.000 5.060
7180.000 5.409
7185.000 5.365
7190.000 4.886
7195.000 3.747
7200.000 2.842
7205.000 2.514
7210.000 2.033
7215.000 1.866
7220.000 1.608
7225.000 1.439
7230.000 1.383
7235.000 1.297
7240.000 1.258
7245.000 1.204
7250.000 1.164
7255.000 1.151
7260.000 1.120
7265.000 1.116
7270.000 1.111
7275.000 1.111
7280.000 1.111
7285.000 1.135
7290.000 1.145
7295.000 1.166
7300.000 1.213
7305.000 1.240
7310.000 1.307
7315.000 1.350
7320.000 1.440
7325.000 1.496
7330.000 1.647
7335.000 1.874
7340.000 2.022
7345.000 2.408
7350.000 2.648
7355.000 3.222
7360.000 3.773
7365.000 3.961
7370.000 4.165
7375.000 3.904
7380.000 3.093
7385.000 2.351
7390.000 2.071
7395.000 1.639
7400.000 1.486
7405.000 1.253
7410.000 1.167
7415.000 1.033
7420.000 0.940
7425.000 0.895
7430.000 0.831
7435.000 0.774
7440.000 0.752
7445.000 0.716
7450.000 0.698
7455.000 0.666
7460.000 0.649
7465.000 0.640
7470.000 0.640
7475.000 0.644
7480.000 0.667
7485.000 0.700
7490.000 0.725
7495.000 0.778
7500.000 0.813
7505.000 0.913
7510.000 1.077
7515.000 1.192
7520.000 1.516
7525.000 1.733
7530.000 2.254
7535.000 2.871
7540.000 3.120
7545.000 3.133
7550.000 2.890
7555.000 2.313
7560.000 1.835
7565.000 1.652
7570.000 1.383
7575.000 1.289
7580.000 1.146
7585.000 1.049
7590.000 1.014
7595.000 0.969
7600.000 0.951
7605.000 0.936
7610.000 0.922
7615.000 0.923
7620.000 0.927
7625.000 0.934
7630.000 0.950
7635.000 0.967
7640.000 0.999
7645.000 1.046
7650.000 1.074
7655.000 1.145
7660.000 1.241
7665.000 1.306
7670.000 1.472
7675.000 1.575
7680.000 1.806
7685.000 1.925
7690.000 2.108
7695.000 2.061
7700.000 1.923
7705.000 1.550
7710.000 1.217
7715.000 1.088
7720.000 0.889
7725.000 0.811
7730.000 0.692
7735.000 0.604
7740.000 0.567
7745.000 0.537
7750.000 0.480
7755.000 0.431
7760.000 0.395
7765.000 0.379
7770.000 0.348
7775.000 0.334
7780.000 0.312
7785.000 0.295
7790.000 0.290
7795.000 0.284
7800.000 0.282
7805.000 0.289
7810.000 0.323
7815.000 0.359
7820.000 0.487
7825.000 0.574
7830.000 0.739
7835.000 0.773
7840.000 0.759
7845.000 0.704
7850.000 0.675
7855.000 0.628
7860.000 0.592
7865.000 0.577
7870.000 0.567
7875.000 0.565
7880.000 0.568
7885.000 0.571
7890.000 0.578
7895.000 0.593
7900.000 0.600
7905.000 0.608
7910.000 0.613
7915.000 0.588
7920.000 0.532
7925.000 0.496
7930.000 0.433
7935.000 0.405
7940.000 0.371
7945.000 0.352
7950.000 0.346
7955.000 0.329
7960.000 0.331
7965.000 0.325
7970.000 0.320
7975.000 0.327
7980.000 0.326
7985.000 0.320
7990.000 0.323
7995.000 0.326
8000.000 0.323
8005.000 0.329
8010.000 0.328
8015.000 0.331
8020.000 0.332
8025.000 0.333
8030.000 0.329
8035.000 0.333
8040.000 0.332
8045.000 0.331
8050.000 0.331
8055.000 0.333
8060.000 0.330
8065.000 0.333
8070.000 0.333
8075.000 0.331
8080.000 0.332
8085.000 0.335
8090.000 0.334
8095.000 0.340
8100.000 0.338
8105.000 0.334
8110.000 0.335
8115.000 0.337
8120.000 0.340
8125.000 0.341
8130.000 0.341
8135.000 0.343
8140.000 0.344
8145.000 0.346
8150.000 0.348
8155.000 0.346
8160.000 0.347
8165.000 0.346
8170.000 0.348
8175.000 0.348
8180.000 0.354
8185.000 0.353
8190.000 0.352
8195.000 0.351
8200.000 0.357
8205.000 0.357
8210.000 0.359
8215.000 0.358
8220.000 0.360
8225.000 0.363
8230.000 0.362
8235.000 0.359
8240.000 0.362
8245.000 0.362
8250.000 0.360
8255.000 0.363
8260.000 0.362
8265.000 0.365
8270.000 0.361
8275.000 0.366
8280.000 0.370
8285.000 0.388
8290.000 0.382
8295.000 0.384
8300.000 0.379
8305.000 0.374
8310.000 0.374
8315.000 0.373
8320.000 0.370
8325.000 0.371
8330.000 0.369
8335.000 0.370
8340.000 0.371
8345.000 0.369
8350.000 0.366
8355.000 0.366
8360.000 0.368
8365.000 0.366
8370.000 0.368
8375.000 0.373
8380.000 0.369
8385.000 0.370
8390.000 0.368
8395.000 0.370
8400.000 0.369
8405.000 0.369
8410.000 0.368
8415.000 0.371
8420.000 0.372
8425.000 0.372
8430.000 0.373
8435.000 0.375
8440.000 0.375
8445.000 0.372
8450.000 0.374
8455.000 0.372
8460.000 0.373
8465.000 0.372
8470.000 0.375
8475.000 0.374
8480.000 0.372
8485.000 0.370
8490.000 0.374
8495.000 0.372
8500.000 0.373
8505.000 0.372
8510.000 0.373
8515.000 0.376
8520.000 0.379
8525.000 0.377
8530.000 0.373
8535.000 0.374
8540.000 0.379
8545.000 0.378
8550.000 0.378
8555.000 0.377
8560.000 0.378
8565.000 0.380
8570.000 0.377
8575.000 0.376
8580.000 0.375
8585.000 0.374
8590.000 0.375
8595.000 0.376
8600.000 0.376
8605.000 0.375
8610.000 0.374
8615.000 0.381
8620.000 0.380
8625.000 0.382
8630.000 0.383
8635.000 0.380
8640.000 0.382
8645.000 0.378
8650.000 0.378
8655.000 0.381
8660.000 0.390
8665.000 0.388
8670.000 0.387
8675.000 0.381
8680.000 0.388
8685.000 0.389
8690.000 0.391
8695.000 0.388
8700.000 0.389
8705.000 0.383
8710.000 0.381
8715.000 0.379
8720.000 0.379
8725.000 0.378
8730.000 0.380
8735.000 0.387
8740.000 0.386
8745.000 0.385
8750.000 0.384
8755.000 0.384
8760.000 0.387
8765.000 0.384
8770.000 0.386
8775.000 0.386
8780.000 0.383
8785.000 0.383
8790.000 0.385
8795.000 0.384
8800.000 0.385
8805.000 0.387
8810.000 0.386
8815.000 0.392
8820.000 0.396
8825.000 0.374
8830.000 0.403
8835.000 0.373
8840.000 0.408
8845.000 0.403
8850.000 0.389
8855.000 0.392
8860.000 0.396
8865.000 0.395
8870.000 0.397
8875.000 0.390
8880.000 0.390
8885.000 0.388
8890.000 0.384
8895.000 0.387
8900.000 0.388
8905.000 0.386
8910.000 0.386
8915.000 0.387
8920.000 0.387
8925.000 0.383
8930.000 0.387
8935.000 0.387
8940.000 0.385
8945.000 0.383
8950.000 0.387
8955.000 0.385
8960.000 0.389
8965.000 0.386
8970.000 0.390
8975.000 0.383
8980.000 0.382
8985.000 0.387
8990.000 0.383
8995.000 0.390
9000.000 0.392
9005.000 0.388
9010.000 0.382
9015.000 0.389
9020.000 0.391
9025.000 0.389
9030.000 0.388
9035.000 0.386
9040.000 0.383
9045.000 0.383
9050.000 0.385
9055.000 0.391
9060.000 0.388
9065.000 0.384
9070.000 0.386
9075.000 0.390
9080.000 0.388
9085.000 0.384
9090.000 0.386
9095.000 0.385
9100.000 0.385
9105.000 0.384
9110.000 0.381
9115.000 0.383
9120.000 0.382
9125.000 0.379
9130.000 0.378
9135.000 0.374
9140.000 0.374
9145.000 0.371
9150.000 0.369
9155.000 0.367
9160.000 0.359
9165.000 0.349
9170.000 0.346
9175.000 0.337
9180.000 0.330
9185.000 0.316
9190.000 0.309
9195.000 0.290
9200.000 0.291
9205.000 0.301
9210.000 0.394
9215.000 0.504
9220.000 0.950
9225.000 1.590
9230.000 1.853
9235.000 2.184
9240.000 2.360
9245.000 2.441
9250.000 2.653
9255.000 2.776
9260.000 2.967
9265.000 2.884
9270.000 2.702
9275.000 2.086
9280.000 1.768
9285.000 1.246
9290.000 0.923
9295.000 0.817
9300.000 0.665
9305.000 0.621
9310.000 0.583
9315.000 0.591
9320.000 0.668
9325.000 0.868
9330.000 1.032
9335.000 1.470
9340.000 1.923
9345.000 2.062
9350.000 2.166
9355.000 2.109
9360.000 1.859
9365.000 1.592
9370.000 1.481
9375.000 1.302
9380.000 1.238
9385.000 1.141
9390.000 1.108
9395.000 1.089
9400.000 1.112
9405.000 1.131
9410.000 1.196
9415.000 1.228
9420.000 1.291
9425.000 1.297
9430.000 1.261
9435.000 1.096
9440.000 0.974
9445.000 0.736
9450.000 0.622
9455.000 0.454
9460.000 0.331
9465.000 0.284
9470.000 0.207
9475.000 0.135
9480.000 0.103
9485.000 0.043
9490.000 0.039
9495.000 0.103
9500.000 0.151
9505.000 0.303
9510.000 0.515
9515.000 0.608
9520.000 0.723
9525.000 0.745
9530.000 0.739
9535.000 0.705
9540.000 0.685
9545.000 0.643
9550.000 0.595
9555.000 0.574
9560.000 0.538
9565.000 0.522
9570.000 0.494
9575.000 0.482
9580.000 0.464
9585.000 0.451
9590.000 0.444
9595.000 0.427
9600.000 0.419
9605.000 0.417
9610.000 0.409
9615.000 0.404
9620.000 0.406
9625.000 0.403
9630.000 0.401
9635.000 0.404
9640.000 0.400
9645.000 0.399
9650.000 0.400
9655.000 0.398
9660.000 0.399
9665.000 0.398
9670.000 0.397
9675.000 0.399
9680.000 0.396
9685.000 0.393
9690.000 0.397
9695.000 0.396
9700.000 0.394
9705.000 0.393
9710.000 0.397
9715.000 0.401
9720.000 0.395
9725.000 0.397
9730.000 0.396
9735.000 0.397
9740.000 0.395
9745.000 0.398
9750.000 0.398
9755.000 0.398
9760.000 0.397
9765.000 0.395
9770.000 0.396
9775.000 0.395
9780.000 0.397
9785.000 0.398
9790.000 0.396
9795.000 0.400
9800.000 0.401
9805.000 0.402
9810.000 0.404
9815.000 0.402
9820.000 0.400
9825.000 0.398
9830.000 0.400
9835.000 0.400
9840.000 0.399
9845.000 0.395
9850.000 0.396
9855.000 0.398
9860.000 0.396
9865.000 0.393
9870.000 0.394
9875.000 0.393
9880.000 0.392
9885.000 0.395
9890.000 0.395
9895.000 0.395
9900.000 0.396
9905.000 0.395
9910.000 0.395
9915.000 0.392
9920.000 0.393
9925.000 0.394
9930.000 0.394
9935.000 0.395
9940.000 0.394
9945.000 0.393
9950.000 0.391
9955.000 0.391
9960.000 0.392
9965.000 0.397
9970.000 0.399
9975.000 0.397
9980.000 0.398
9985.000 0.398
9990.000 0.394
9995.000 0.394
10000.000 0.402
10005.000 0.392
10010.000 0.399
10015.000 0.400
10020.000 0.406
10025.000 0.404
10030.000 0.399
10035.000 0.396
10040.000 0.399
10045.000 0.400
10050.000 0.403
10055.000 0.399
10060.000 0.403
10065.000 0.401
10070.000 0.402
10075.000 0.395
10080.000 0.398
10085.000 0.395
10090.000 0.400
10095.000 0.398
10100.000 0.397
10105.000 0.399
10110.000 0.400
10115.000 0.402
10120.000 0.401
10125.000 0.397
10130.000 0.398
10135.000 0.398
10140.000 0.399
10145.000 0.397
10150.000 0.397
10155.000 0.395
10160.000 0.396
10165.000 0.396
10170.000 0.399
10175.000 0.397
10180.000 0.397
10185.000 0.396
10190.000 0.401
10195.000 0.399
10200.000 0.397
10205.000 0.397
10210.000 0.396
10215.000 0.397
10220.000 0.401
10225.000 0.401
10230.000 0.400
10235.000 0.399
10240.000 0.401
10245.000 0.400
10250.000 0.401
10255.000 0.403
10260.000 0.405
10265.000 0.403
10270.000 0.407
10275.000 0.406
10280.000 0.409
10285.000 0.411
10290.000 0.412
10295.000 0.419
10300.000 0.419
10305.000 0.423
10310.000 0.429
10315.000 0.430
10320.000 0.440
10325.000 0.440
10330.000 0.446
10335.000 0.455
10340.000 0.452
10345.000 0.452
10350.000 0.443
10355.000 0.411
10360.000 0.350
10365.000 0.312
10370.000 0.239
10375.000 0.203
10380.000 0.137
10385.000 0.088
10390.000 0.081
10395.000 0.067
10400.000 0.088
10405.000 0.171
10410.000 0.378
10415.000 0.533
10420.000 0.913
10425.000 1.123
10430.000 1.509
10435.000 1.768
10440.000 1.837
10445.000 1.860
10450.000 1.841
10455.000 1.786
10460.000 1.729
10465.000 1.703
10470.000 1.661
10475.000 1.645
10480.000 1.631
10485.000 1.631
10490.000 1.641
10495.000 1.672
10500.000 1.687
10505.000 1.728
10510.000 1.769
10515.000 1.770
10520.000 1.692
10525.000 1.598
10530.000 1.302
10535.000 0.944
10540.000 0.779
10545.000 0.525
10550.000 0.429
10555.000 0.285
10560.000 0.194
10565.000 0.155
10570.000 0.101
10575.000 0.074
10580.000 0.038
10585.000 0.025
10590.000 0.025
10595.000 0.059
10600.000 0.081
10605.000 0.149
10610.000 0.206
10615.000 0.425
10620.000 0.735
10625.000 0.887
10630.000 1.183
10635.000 1.296
10640.000 1.441
10645.000 1.462
10650.000 1.449
10655.000 1.394
10660.000 1.365
10665.000 1.305
10670.000 1.250
10675.000 1.217
10680.000 1.172
10685.000 1.140
10690.000 1.090
10695.000 1.039
10700.000 1.011
10705.000 0.933
10710.000 0.883
10715.000 0.754
10720.000 0.618
10725.000 0.560
10730.000 0.481
10735.000 0.455
10740.000 0.423
10745.000 0.402
10750.000 0.395
10755.000 0.386
10760.000 0.380
10765.000 0.375
10770.000 0.375
10775.000 0.376
10780.000 0.379
10785.000 0.382
10790.000 0.383
10795.000 0.386
10800.000 0.386
10805.000 0.387
10810.000 0.386
10815.000 0.387
10820.000 0.388
10825.000 0.387
10830.000 0.389
10835.000 0.390
10840.000 0.386
10845.000 0.388
10850.000 0.388
10855.000 0.389
10860.000 0.390
10865.000 0.390
10870.000 0.389
10875.000 0.388
10880.000 0.391
10885.000 0.391
10890.000 0.396
10895.000 0.397
10900.000 0.394
10905.000 0.393
10910.000 0.398
10915.000 0.396
10920.000 0.394
10925.000 0.392
10930.000 0.391
10935.000 0.390
10940.000 0.388
10945.000 0.393
10950.000 0.390
10955.000 0.390
10960.000 0.391
10965.000 0.391
10970.000 0.386
10975.000 0.387
10980.000 0.390
10985.000 0.390
10990.000 0.392
10995.000 0.391
11000.000 0.389
11005.000 0.389
11010.000 0.394
11015.000 0.391
11020.000 0.391
11025.000 0.391
11030.000 0.398
11035.000 0.395
11040.000 0.434
11045.000 0.429
11050.000 0.417
11055.000 0.403
11060.000 0.400
11065.000 0.394
11070.000 0.394
11075.000 0.394
11080.000 0.392
11085.000 0.395
11090.000 0.393
11095.000 0.390
11100.000 0.389
11105.000 0.389
11110.000 0.386
11115.000 0.387
11120.000 0.389
11125.000 0.389
11130.000 0.390
11135.000 0.389
11140.000 0.387
11145.000 0.384
11150.000 0.387
11155.000 0.387
11160.000 0.388
11165.000 0.389
11170.000 0.388
11175.000 0.389
11180.000 0.389
11185.000 0.387
11190.000 0.388
11195.000 0.384
11200.000 0.384
11205.000 0.386
11210.000 0.387
11215.000 0.385
11220.000 0.387
11225.000 0.386
11230.000 0.385
11235.000 0.385
11240.000 0.386
11245.000 0.388
11250.000 0.387
11255.000 0.385
11260.000 0.386
11265.000 0.386
11270.000 0.384
11275.000 0.385
11280.000 0.384
11285.000 0.384
11290.000 0.382
11295.000 0.380
11300.000 0.380
11305.000 0.381
11310.000 0.379
11315.000 0.383
11320.000 0.381
11325.000 0.381
11330.000 0.383
11335.000 0.382
11340.000 0.384
11345.000 0.383
11350.000 0.382
11355.000 0.379
11360.000 0.379
11365.000 0.380
11370.000 0.379
11375.000 0.380
11380.000 0.379
11385.000 0.378
11390.000 0.380
11395.000 0.381
11400.000 0.381
11405.000 0.379
11410.000 0.380
11415.000 0.375
11420.000 0.376
11425.000 0.376
11430.000 0.374
11435.000 0.375
11440.000 0.377
11445.000 0.369
11450.000 0.372
11455.000 0.368
11460.000 0.370
11465.000 0.370
11470.000 0.367
11475.000 0.361
11480.000 0.364
11485.000 0.363
11490.000 0.356
11495.000 0.354
11500.000 0.360
11505.000 0.366
11510.000 0.388
11515.000 0.436
11520.000 0.478
11525.000 0.595
11530.000 0.667
11535.000 0.781
11540.000 0.830
11545.000 0.832
11550.000 0.815
11555.000 0.801
11560.000 0.775
11565.000 0.744
11570.000 0.717
11575.000 0.645
11580.000 0.529
11585.000 0.457
11590.000 0.384
11595.000 0.237
11600.000 0.128
11605.000 0.052
11610.000 0.027
11615.000 0.046
11620.000 0.071
11625.000 0.141
11630.000 0.249
11635.000 0.314
11640.000 0.461
11645.000 0.547
11650.000 0.733
11655.000 0.938
11660.000 1.042
11665.000 1.184
11670.000 1.216
11675.000 1.224
11680.000 1.184
11685.000 1.154
11690.000 1.106
11695.000 1.076
11700.000 1.037
11705.000 1.019
11710.000 0.990
11715.000 0.970
11720.000 0.959
11725.000 0.943
11730.000 0.897
11735.000 0.866
11740.000 0.762
11745.000 0.691
11750.000 0.525
11755.000 0.378
11760.000 0.328
11765.000 0.266
11770.000 0.258
11775.000 0.248
11780.000 0.248
11785.000 0.259
11790.000 0.277
11795.000 0.290
11800.000 0.321
11805.000 0.337
11810.000 0.373
11815.000 0.394
11820.000 0.396
11825.000 0.392
11830.000 0.391
11835.000 0.387
11840.000 0.385
11845.000 0.382
11850.000 0.379
11855.000 0.380
11860.000 0.380
11865.000 0.376
11870.000 0.378
11875.000 0.376
11880.000 0.371
11885.000 0.373
11890.000 0.372
11895.000 0.371
11900.000 0.370
11905.000 0.367
11910.000 0.368
11915.000 0.370
11920.000 0.369
11925.000 0.369
11930.000 0.371
11935.000 0.374
11940.000 0.371
11945.000 0.368
11950.000 0.371
11955.000 0.373
11960.000 0.371
11965.000 0.369
11970.000 0.375
11975.000 0.367
11980.000 0.368
11985.000 0.366
11990.000 0.367
11995.000 0.372
12000.000 0.367
