105.000 0.019
110.000 4.271
115.000 6.942
120.000 8.257
125.000 8.612
130.000 9.276
135.000 9.483
140.000 9.635
145.000 9.621
150.000 9.841
155.000 10.079
160.000 10.093
165.000 10.065
170.000 9.675
175.000 9.458
180.000 9.179
185.000 9.322
190.000 9.350
195.000 9.699
200.000 9.943
205.000 10.431
210.000 10.891
215.000 11.128
220.000 11.562
225.000 11.717
230.000 12.116
235.000 11.316
240.000 11.288
245.000 11.666
250.000 11.746
255.000 11.950
260.000 12.113
265.000 12.178
270.000 12.416
275.000 12.412
280.000 12.691
285.000 12.978
290.000 13.061
295.000 13.934
300.000 14.034
305.000 14.154
310.000 14.469
315.000 14.589
320.000 14.954
325.000 15.130
330.000 15.715
335.000 16.109
340.000 16.975
345.000 18.007
350.000 18.444
355.000 19.257
360.000 20.022
365.000 21.485
370.000 23.464
375.000 24.642
380.000 27.062
385.000 29.700
390.000 31.513
395.000 34.153
400.000 35.498
405.000 38.022
410.000 40.398
415.000 40.470
420.000 43.855
425.000 44.808
430.000 46.532
435.000 47.818
440.000 48.264
445.000 49.018
450.000 49.287
455.000 49.205
460.000 48.591
465.000 47.979
470.000 46.818
475.000 46.083
480.000 44.606
485.000 43.116
490.000 42.212
495.000 40.878
500.000 40.279
505.000 39.127
510.000 38.091
515.000 37.677
520.000 36.883
525.000 36.813
530.000 36.023
535.000 35.464
540.000 35.214
545.000 34.839
550.000 34.684
555.000 34.488
560.000 34.355
565.000 34.432
570.000 34.582
575.000 34.599
580.000 34.984
585.000 34.793
590.000 35.017
595.000 35.133
600.000 35.104
605.000 35.389
610.000 35.627
615.000 35.844
620.000 36.496
625.000 36.935
630.000 37.985
635.000 38.861
640.000 41.167
645.000 44.637
650.000 47.051
655.000 52.176
660.000 55.489
665.000 62.387
670.000 63.885
675.000 63.054
680.000 60.894
685.000 57.685
690.000 42.383
695.000 30.598
700.000 26.650
705.000 20.485
710.000 18.188
715.000 14.654
720.000 12.001
725.000 10.981
730.000 9.355
735.000 8.596
740.000 7.371
745.000 6.322
750.000 5.890
755.000 5.151
760.000 4.831
765.000 4.270
770.000 3.820
775.000 3.623
780.000 3.259
785.000 3.108
790.000 2.826
795.000 2.602
800.000 2.501
805.000 2.318
810.000 2.229
815.000 2.079
820.000 1.917
825.000 1.845
830.000 1.699
835.000 1.642
840.000 1.528
845.000 1.423
850.000 1.373
855.000 1.294
860.000 1.248
865.000 1.171
870.000 1.095
875.000 1.060
880.000 0.996
885.000 0.965
890.000 0.908
895.000 0.861
900.000 0.839
905.000 0.790
910.000 0.764
915.000 0.720
920.000 0.702
925.000 0.661
930.000 0.628
935.000 0.609
940.000 0.583
945.000 0.573
950.000 0.543
955.000 0.512
960.000 0.506
965.000 0.484
970.000 0.467
975.000 0.455
980.000 0.444
985.000 0.423
990.000 0.406
995.000 0.391
1000.000 0.369
1005.000 0.356
1010.000 0.348
1015.000 0.330
1020.000 0.316
1025.000 0.309
1030.000 0.293
1035.000 0.288
1040.000 0.275
1045.000 0.268
1050.000 0.273
1055.000 0.262
1060.000 0.269
1065.000 0.251
1070.000 0.252
1075.000 0.267
1080.000 0.267
1085.000 0.269
1090.000 0.285
1095.000 0.291
1100.000 0.304
1105.000 0.323
1110.000 0.332
1115.000 0.351
1120.000 0.361
1125.000 0.386
1130.000 0.413
1135.000 0.426
1140.000 0.458
1145.000 0.474
1150.000 0.512
1155.000 0.547
1160.000 0.568
1165.000 0.612
1170.000 0.630
1175.000 0.683
1180.000 0.749
1185.000 0.778
1190.000 0.850
1195.000 0.888
1200.000 0.974
1205.000 1.077
1210.000 1.135
1215.000 1.274
1220.000 1.347
1225.000 1.524
1230.000 1.775
1235.000 1.926
1240.000 2.290
1245.000 2.509
1250.000 2.948
1255.000 3.504
1260.000 3.839
1265.000 4.675
1270.000 5.190
1275.000 6.571
1280.000 8.516
1285.000 9.854
1290.000 13.719
1295.000 16.378
1300.000 22.468
1305.000 26.919
1310.000 27.476
1315.000 24.011
1320.000 20.845
1325.000 15.541
1330.000 11.722
1335.000 10.296
1340.000 8.060
1345.000 7.212
1350.000 5.877
1355.000 4.949
1360.000 4.580
1365.000 3.984
1370.000 3.738
1375.000 3.351
1380.000 3.078
1385.000 2.977
1390.000 2.805
1395.000 2.730
1400.000 2.606
1405.000 2.488
1410.000 2.437
1415.000 2.345
1420.000 2.305
1425.000 2.227
1430.000 2.158
1435.000 2.129
1440.000 2.085
1445.000 2.060
1450.000 2.013
1455.000 1.975
1460.000 1.955
1465.000 1.917
1470.000 1.904
1475.000 1.873
1480.000 1.854
1485.000 1.840
1490.000 1.816
1495.000 1.804
1500.000 1.786
1505.000 1.781
1510.000 1.763
1515.000 1.746
1520.000 1.740
1525.000 1.736
1530.000 1.733
1535.000 1.720
1540.000 1.713
1545.000 1.707
1550.000 1.697
1555.000 1.693
1560.000 1.686
1565.000 1.678
1570.000 1.675
1575.000 1.663
1580.000 1.661
1585.000 1.647
1590.000 1.633
1595.000 1.627
1600.000 1.608
1605.000 1.601
1610.000 1.588
1615.000 1.561
1620.000 1.553
1625.000 1.536
1630.000 1.524
1635.000 1.507
1640.000 1.506
1645.000 1.503
1650.000 1.518
1655.000 1.535
1660.000 1.576
1665.000 1.649
1670.000 1.692
1675.000 1.807
1680.000 1.868
1685.000 2.011
1690.000 2.182
1695.000 2.275
1700.000 2.454
1705.000 2.544
1710.000 2.701
1715.000 2.857
1720.000 2.945
1725.000 3.130
1730.000 3.213
1735.000 3.399
1740.000 3.579
1745.000 3.680
1750.000 3.887
1755.000 3.999
1760.000 4.230
1765.000 4.493
1770.000 4.631
1775.000 4.938
1780.000 5.104
1785.000 5.464
1790.000 5.887
1795.000 6.135
1800.000 6.747
1805.000 7.082
1810.000 7.895
1815.000 8.951
1820.000 9.592
1825.000 11.181
1830.000 12.167
1835.000 14.672
1840.000 18.062
1845.000 20.089
1850.000 24.486
1855.000 26.897
1860.000 31.812
1865.000 35.609
1870.000 36.670
1875.000 36.115
1880.000 33.765
1885.000 27.263
1890.000 21.170
1895.000 18.633
1900.000 14.749
1905.000 13.256
1910.000 10.967
1915.000 9.286
1920.000 8.603
1925.000 7.557
1930.000 7.198
1935.000 6.558
1940.000 6.027
1945.000 5.793
1950.000 5.347
1955.000 5.145
1960.000 4.802
1965.000 4.482
1970.000 4.341
1975.000 4.066
1980.000 3.942
1985.000 3.722
1990.000 3.432
1995.000 3.305
2000.000 3.041
2005.000 2.927
2010.000 2.707
2015.000 2.531
2020.000 2.446
2025.000 2.292
2030.000 2.211
2035.000 2.086
2040.000 1.960
2045.000 2.295
2050.000 2.253
2055.000 2.132
2060.000 1.945
2065.000 1.786
2070.000 1.716
2075.000 1.603
2080.000 1.547
2085.000 1.456
2090.000 1.376
2095.000 1.334
2100.000 1.263
2105.000 1.246
2110.000 1.178
2115.000 1.147
2120.000 1.091
2125.000 1.040
2130.000 1.015
2135.000 0.965
2140.000 0.953
2145.000 0.918
2150.000 0.876
2155.000 0.858
2160.000 0.820
2165.000 0.801
2170.000 0.768
2175.000 0.736
2180.000 0.720
2185.000 0.693
2190.000 0.678
2195.000 0.652
2200.000 0.630
2205.000 0.618
2210.000 0.594
2215.000 0.584
2220.000 0.565
2225.000 0.542
2230.000 0.535
2235.000 0.650
2240.000 0.633
2245.000 0.597
2250.000 0.552
2255.000 0.535
2260.000 0.499
2265.000 0.487
2270.000 0.459
2275.000 0.439
2280.000 0.431
2285.000 0.415
2290.000 0.408
2295.000 0.395
2300.000 0.382
2305.000 0.378
2310.000 0.368
2315.000 0.362
2320.000 0.353
2325.000 0.344
2330.000 0.341
2335.000 0.333
2340.000 0.330
2345.000 0.322
2350.000 0.316
2355.000 0.311
2360.000 0.306
2365.000 0.303
2370.000 0.298
2375.000 0.294
2380.000 0.292
2385.000 0.287
2390.000 0.282
2395.000 0.279
2400.000 0.276
2405.000 0.273
2410.000 0.268
2415.000 0.268
2420.000 0.263
2425.000 0.260
2430.000 0.256
2435.000 0.254
2440.000 0.251
2445.000 0.306
2450.000 0.312
2455.000 0.308
2460.000 0.291
2465.000 0.282
2470.000 0.268
2475.000 0.257
2480.000 0.251
2485.000 0.245
2490.000 0.246
2495.000 0.241
2500.000 0.237
2505.000 0.237
2510.000 0.236
2515.000 0.234
2520.000 0.236
2525.000 0.233
2530.000 0.231
2535.000 0.231
2540.000 0.229
2545.000 0.227
2550.000 0.226
2555.000 0.224
2560.000 0.224
2565.000 0.223
2570.000 0.220
2575.000 0.220
2580.000 0.222
2585.000 0.223
2590.000 0.223
2595.000 0.222
2600.000 0.221
2605.000 0.222
2610.000 0.220
2615.000 0.221
2620.000 0.219
2625.000 0.221
2630.000 0.221
2635.000 0.223
2640.000 0.222
2645.000 0.221
2650.000 0.224
2655.000 0.224
2660.000 0.223
2665.000 0.224
2670.000 0.225
2675.000 0.224
2680.000 0.224
2685.000 0.226
2690.000 0.228
2695.000 0.227
2700.000 0.230
2705.000 0.227
2710.000 0.228
2715.000 0.229
2720.000 0.231
2725.000 0.230
2730.000 0.233
2735.000 0.233
2740.000 0.233
2745.000 0.234
2750.000 0.234
2755.000 0.235
2760.000 0.239
2765.000 0.242
2770.000 0.310
2775.000 0.311
2780.000 0.309
2785.000 0.293
2790.000 0.283
2795.000 0.273
2800.000 0.267
2805.000 0.257
2810.000 0.254
2815.000 0.250
2820.000 0.250
2825.000 0.249
2830.000 0.250
2835.000 0.251
2840.000 0.250
2845.000 0.250
2850.000 0.311
2855.000 0.333
2860.000 0.322
2865.000 0.315
2870.000 0.296
2875.000 0.290
2880.000 0.279
2885.000 0.270
2890.000 0.271
2895.000 0.267
2900.000 0.267
2905.000 0.270
2910.000 0.272
2915.000 0.270
2920.000 0.272
2925.000 0.269
2930.000 0.274
2935.000 0.274
2940.000 0.275
2945.000 0.280
2950.000 0.283
2955.000 0.280
2960.000 0.286
2965.000 0.282
2970.000 0.292
2975.000 0.292
2980.000 0.292
2985.000 0.299
2990.000 0.293
2995.000 0.298
3000.000 0.305
3005.000 0.296
3010.000 0.303
3015.000 0.304
3020.000 0.319
3025.000 0.315
3030.000 0.316
3035.000 0.328
3040.000 0.325
3045.000 0.331
3050.000 0.337
3055.000 0.336
3060.000 0.341
3065.000 0.346
3070.000 0.355
3075.000 0.358
3080.000 0.364
3085.000 0.369
3090.000 0.374
3095.000 0.377
3100.000 0.384
3105.000 0.394
3110.000 0.400
3115.000 0.403
3120.000 0.413
3125.000 0.418
3130.000 0.428
3135.000 0.441
3140.000 0.447
3145.000 0.459
3150.000 0.466
3155.000 0.481
3160.000 0.496
3165.000 0.511
3170.000 0.524
3175.000 0.529
3180.000 0.547
3185.000 0.565
3190.000 0.577
3195.000 0.597
3200.000 0.612
3205.000 0.634
3210.000 0.661
3215.000 0.674
3220.000 0.707
3225.000 0.724
3230.000 0.761
3235.000 0.799
3240.000 0.820
3245.000 0.867
3250.000 0.892
3255.000 0.951
3260.000 1.012
3265.000 1.050
3270.000 1.132
3275.000 1.177
3280.000 1.279
3285.000 1.401
3290.000 1.480
3295.000 1.644
3300.000 1.712
3305.000 1.864
3310.000 1.948
3315.000 2.139
3320.000 2.375
3325.000 2.516
3330.000 2.857
3335.000 3.065
3340.000 3.567
3345.000 4.245
3350.000 4.671
3355.000 5.748
3360.000 6.429
3365.000 8.176
3370.000 10.565
3375.000 12.026
3380.000 15.558
3385.000 17.620
3390.000 22.249
3395.000 27.171
3400.000 29.373
3405.000 31.617
3410.000 31.361
3415.000 26.983
3420.000 20.863
3425.000 18.112
3430.000 13.788
3435.000 12.123
3440.000 9.539
3445.000 7.759
3450.000 7.096
3455.000 6.080
3460.000 5.685
3465.000 5.062
3470.000 4.618
3475.000 4.486
3480.000 4.306
3485.000 4.230
3490.000 4.096
3495.000 3.989
3500.000 3.950
3505.000 3.808
3510.000 3.753
3515.000 3.703
3520.000 3.665
3525.000 3.659
3530.000 3.640
3535.000 3.639
3540.000 3.644
3545.000 3.653
3550.000 3.664
3555.000 3.694
3560.000 3.710
3565.000 3.761
3570.000 3.826
3575.000 3.862
3580.000 3.950
3585.000 4.008
3590.000 4.131
3595.000 4.201
3600.000 4.367
3605.000 4.548
3610.000 4.657
3615.000 4.909
3620.000 5.204
3625.000 5.380
3630.000 5.793
3635.000 6.057
3640.000 6.703
3645.000 7.586
3650.000 8.162
3655.000 9.646
3660.000 10.627
3665.000 13.229
3670.000 16.865
3675.000 19.039
3680.000 23.608
3685.000 25.687
3690.000 27.790
3695.000 25.494
3700.000 22.762
3705.000 17.180
3710.000 14.757
3715.000 11.135
3720.000 8.727
3725.000 7.826
3730.000 6.452
3735.000 5.926
3740.000 5.148
3745.000 4.645
3750.000 4.433
3755.000 4.071
3760.000 3.916
3765.000 3.626
3770.000 3.366
3775.000 3.254
3780.000 3.030
3785.000 2.914
3790.000 2.715
3795.000 2.489
3800.000 2.379
3805.000 2.191
3810.000 2.106
3815.000 1.956
3820.000 1.831
3825.000 1.776
3830.000 1.678
3835.000 1.634
3840.000 1.555
3845.000 1.490
3850.000 1.458
3855.000 1.410
3860.000 1.385
3865.000 1.336
3870.000 1.298
3875.000 1.279
3880.000 1.243
3885.000 1.230
3890.000 1.202
3895.000 1.195
3900.000 1.169
3905.000 1.151
3910.000 1.147
3915.000 1.134
3920.000 1.129
3925.000 1.116
3930.000 1.153
3935.000 1.150
3940.000 1.131
3945.000 1.126
3950.000 1.119
3955.000 1.117
3960.000 1.118
3965.000 1.115
3970.000 1.120
3975.000 1.119
3980.000 1.127
3985.000 1.139
3990.000 1.179
3995.000 1.187
4000.000 1.213
4005.000 1.215
4010.000 1.230
4015.000 1.265
4020.000 1.289
4025.000 1.325
4030.000 1.378
4035.000 1.404
4040.000 1.474
4045.000 1.509
4050.000 1.587
4055.000 1.697
4060.000 1.755
4065.000 1.857
4070.000 1.901
4075.000 2.005
4080.000 2.144
4085.000 2.214
4090.000 2.394
4095.000 2.489
4100.000 2.758
4105.000 3.122
4110.000 3.315
4115.000 3.753
4120.000 4.035
4125.000 4.756
4130.000 5.823
4135.000 6.512
4140.000 8.734
4145.000 10.039
4150.000 12.999
4155.000 16.073
4160.000 17.249
4165.000 17.843
4170.000 16.955
4175.000 13.357
4180.000 11.231
4185.000 8.162
4190.000 6.151
4195.000 5.409
4200.000 4.315
4205.000 3.907
4210.000 3.273
4215.000 2.825
4220.000 2.663
4225.000 2.387
4230.000 2.268
4235.000 2.058
4240.000 1.877
4245.000 1.793
4250.000 1.649
4255.000 1.587
4260.000 1.458
4265.000 1.331
4270.000 1.276
4275.000 1.177
4280.000 1.134
4285.000 1.063
4290.000 1.004
4295.000 0.977
4300.000 0.929
4305.000 0.910
4310.000 0.875
4315.000 0.846
4320.000 0.836
4325.000 0.810
4330.000 0.800
4335.000 0.780
4340.000 0.761
4345.000 0.752
4350.000 0.738
4355.000 0.729
4360.000 0.718
4365.000 0.705
4370.000 0.701
4375.000 0.693
4380.000 0.689
4385.000 0.703
4390.000 0.693
4395.000 0.689
4400.000 0.684
4405.000 0.681
4410.000 0.678
4415.000 0.677
4420.000 0.675
4425.000 0.685
4430.000 0.687
4435.000 0.688
4440.000 0.689
4445.000 0.687
4450.000 0.698
4455.000 0.702
4460.000 0.713
4465.000 0.727
4470.000 0.732
4475.000 0.757
4480.000 0.765
4485.000 0.787
4490.000 0.815
4495.000 0.832
4500.000 0.871
4505.000 0.894
4510.000 0.943
4515.000 1.014
4520.000 1.057
4525.000 1.156
4530.000 1.199
4535.000 1.287
4540.000 1.408
4545.000 1.487
4550.000 1.686
4555.000 1.817
4560.000 2.161
4565.000 2.644
4570.000 2.928
4575.000 3.524
4580.000 3.730
4585.000 3.652
4590.000 2.944
4595.000 2.518
4600.000 1.811
4605.000 1.540
4610.000 1.139
4615.000 0.863
4620.000 0.761
4625.000 0.596
4630.000 0.530
4635.000 0.424
4640.000 0.349
4645.000 0.319
4650.000 0.264
4655.000 0.244
4660.000 0.209
4665.000 0.185
4670.000 0.175
4675.000 0.163
4680.000 0.158
4685.000 0.152
4690.000 0.151
4695.000 0.149
4700.000 0.149
4705.000 0.147
4710.000 0.152
4715.000 0.153
4720.000 0.155
4725.000 0.160
4730.000 0.160
4735.000 0.164
4740.000 0.168
4745.000 0.166
4750.000 0.170
4755.000 0.173
4760.000 0.175
4765.000 0.177
4770.000 0.177
4775.000 0.180
4780.000 0.179
4785.000 0.183
4790.000 0.181
4795.000 0.183
4800.000 0.184
4805.000 0.184
4810.000 0.185
4815.000 0.185
4820.000 0.186
4825.000 0.188
4830.000 0.187
4835.000 0.188
4840.000 0.188
4845.000 0.188
4850.000 0.189
4855.000 0.189
4860.000 0.189
4865.000 0.189
4870.000 0.192
4875.000 0.193
4880.000 0.195
4885.000 0.193
4890.000 0.192
4895.000 0.191
4900.000 0.194
4905.000 0.193
4910.000 0.191
4915.000 0.195
4920.000 0.193
4925.000 0.192
4930.000 0.194
4935.000 0.195
4940.000 0.194
4945.000 0.190
4950.000 0.193
4955.000 0.197
4960.000 0.190
4965.000 0.196
4970.000 0.191
4975.000 0.198
4980.000 0.198
4985.000 0.190
4990.000 0.195
4995.000 0.191
5000.000 0.199
5005.000 0.192
5010.000 0.192
5015.000 0.192
5020.000 0.203
5025.000 0.197
5030.000 0.200
5035.000 0.199
5040.000 0.197
5045.000 0.197
5050.000 0.204
5055.000 0.203
5060.000 0.204
5065.000 0.204
5070.000 0.200
5075.000 0.202
5080.000 0.205
5085.000 0.205
5090.000 0.201
5095.000 0.205
5100.000 0.206
5105.000 0.207
5110.000 0.211
5115.000 0.209
5120.000 0.213
5125.000 0.217
5130.000 0.219
5135.000 0.220
5140.000 0.222
5145.000 0.223
5150.000 0.226
5155.000 0.226
5160.000 0.233
5165.000 0.236
5170.000 0.235
5175.000 0.239
5180.000 0.241
5185.000 0.246
5190.000 0.247
5195.000 0.255
5200.000 0.258
5205.000 0.265
5210.000 0.265
5215.000 0.265
5220.000 0.266
5225.000 0.268
5230.000 0.268
5235.000 0.273
5240.000 0.275
5245.000 0.276
5250.000 0.275
5255.000 0.276
5260.000 0.278
5265.000 0.279
5270.000 0.282
5275.000 0.284
5280.000 0.284
5285.000 0.285
5290.000 0.289
5295.000 0.292
5300.000 0.292
5305.000 0.294
5310.000 0.293
5315.000 0.294
5320.000 0.292
5325.000 0.294
5330.000 0.293
5335.000 0.292
5340.000 0.294
5345.000 0.293
5350.000 0.294
5355.000 0.298
5360.000 0.299
5365.000 0.300
5370.000 0.299
5375.000 0.300
5380.000 0.299
5385.000 0.300
5390.000 0.301
5395.000 0.307
5400.000 0.308
5405.000 0.308
5410.000 0.308
5415.000 0.308
5420.000 0.311
5425.000 0.310
5430.000 0.311
5435.000 0.311
5440.000 0.314
5445.000 0.315
5450.000 0.316
5455.000 0.317
5460.000 0.322
5465.000 0.321
5470.000 0.324
5475.000 0.320
5480.000 0.327
5485.000 0.327
5490.000 0.328
5495.000 0.331
5500.000 0.334
5505.000 0.331
5510.000 0.339
5515.000 0.336
5520.000 0.345
5525.000 0.344
5530.000 0.344
5535.000 0.346
5540.000 0.348
5545.000 0.346
5550.000 0.346
5555.000 0.345
5560.000 0.343
5565.000 0.347
5570.000 0.347
5575.000 0.346
5580.000 0.347
5585.000 0.349
5590.000 0.355
5595.000 0.353
5600.000 0.349
5605.000 0.352
5610.000 0.354
5615.000 0.350
5620.000 0.349
5625.000 0.351
5630.000 0.351
5635.000 0.352
5640.000 0.350
5645.000 0.349
5650.000 0.351
5655.000 0.350
5660.000 0.350
5665.000 0.353
5670.000 0.350
5675.000 0.351
5680.000 0.352
5685.000 0.355
5690.000 0.357
5695.000 0.353
5700.000 0.351
5705.000 0.357
5710.000 0.353
5715.000 0.357
5720.000 0.355
5725.000 0.358
5730.000 0.354
5735.000 0.355
5740.000 0.357
5745.000 0.358
5750.000 0.359
5755.000 0.357
5760.000 0.358
5765.000 0.356
5770.000 0.362
5775.000 0.366
5780.000 0.363
5785.000 0.357
5790.000 0.358
5795.000 0.355
5800.000 0.357
5805.000 0.357
5810.000 0.356
5815.000 0.355
5820.000 0.357
5825.000 0.354
5830.000 0.353
5835.000 0.354
5840.000 0.356
5845.000 0.355
5850.000 0.354
5855.000 0.354
5860.000 0.356
5865.000 0.356
5870.000 0.356
5875.000 0.355
5880.000 0.355
5885.000 0.358
5890.000 0.359
5895.000 0.364
5900.000 0.363
5905.000 0.358
5910.000 0.363
5915.000 0.363
5920.000 0.362
5925.000 0.361
5930.000 0.360
5935.000 0.358
5940.000 0.363
5945.000 0.366
5950.000 0.365
5955.000 0.361
5960.000 0.362
5965.000 0.360
5970.000 0.366
5975.000 0.365
5980.000 0.368
5985.000 0.372
5990.000 0.358
5995.000 0.357
6000.000 0.371
6005.000 0.363
6010.000 0.359
6015.000 0.368
6020.000 0.375
6025.000 0.361
6030.000 0.364
6035.000 0.364
6040.000 0.375
6045.000 0.374
6050.000 0.368
6055.000 0.375
6060.000 0.367
6065.000 0.366
6070.000 0.371
6075.000 0.370
6080.000 0.367
6085.000 0.367
6090.000 0.370
6095.000 0.372
6100.000 0.372
6105.000 0.377
6110.000 0.382
6115.000 0.378
6120.000 0.373
6125.000 0.375
6130.000 0.374
6135.000 0.372
6140.000 0.375
6145.000 0.374
6150.000 0.373
6155.000 0.375
6160.000 0.375
6165.000 0.375
6170.000 0.375
6175.000 0.373
6180.000 0.373
6185.000 0.373
6190.000 0.372
6195.000 0.371
6200.000 0.371
6205.000 0.369
6210.000 0.371
6215.000 0.372
6220.000 0.374
6225.000 0.373
6230.000 0.373
6235.000 0.382
6240.000 0.383
6245.000 0.382
6250.000 0.382
6255.000 0.378
6260.000 0.380
6265.000 0.386
6270.000 0.393
6275.000 0.392
6280.000 0.395
6285.000 0.390
6290.000 0.391
6295.000 0.393
6300.000 0.393
6305.000 0.394
6310.000 0.396
6315.000 0.403
6320.000 0.396
6325.000 0.392
6330.000 0.393
6335.000 0.422
6340.000 0.439
6345.000 0.425
6350.000 0.421
6355.000 0.417
6360.000 0.416
6365.000 0.413
6370.000 0.411
6375.000 0.411
6380.000 0.409
6385.000 0.408
6390.000 0.407
6395.000 0.405
6400.000 0.408
6405.000 0.405
6410.000 0.403
6415.000 0.411
6420.000 0.416
6425.000 0.413
6430.000 0.415
6435.000 0.413
6440.000 0.414
6445.000 0.416
6450.000 0.421
6455.000 0.424
6460.000 0.428
6465.000 0.430
6470.000 0.431
6475.000 0.436
6480.000 0.438
6485.000 0.442
6490.000 0.445
6495.000 0.454
6500.000 0.457
6505.000 0.456
6510.000 0.463
6515.000 0.468
6520.000 0.475
6525.000 0.491
6530.000 0.495
6535.000 0.498
6540.000 0.505
6545.000 0.509
6550.000 0.518
6555.000 0.530
6560.000 0.533
6565.000 0.543
6570.000 0.546
6575.000 0.562
6580.000 0.575
6585.000 0.582
6590.000 0.602
6595.000 0.612
6600.000 0.630
6605.000 0.650
6610.000 0.661
6615.000 0.687
6620.000 0.700
6625.000 0.737
6630.000 0.773
6635.000 0.793
6640.000 0.833
6645.000 0.854
6650.000 0.898
6655.000 0.961
6660.000 0.988
6665.000 1.055
6670.000 1.095
6675.000 1.222
6680.000 1.328
6685.000 1.385
6690.000 1.519
6695.000 1.603
6700.000 1.806
6705.000 2.074
6710.000 2.245
6715.000 2.680
6720.000 2.954
6725.000 3.664
6730.000 4.667
6735.000 5.310
6740.000 6.971
6745.000 7.998
6750.000 10.524
6755.000 13.581
6760.000 15.115
6765.000 18.096
6770.000 19.143
6775.000 19.581
6780.000 17.292
6785.000 15.595
6790.000 12.245
6795.000 10.775
6800.000 8.531
6805.000 6.883
6810.000 6.243
6815.000 5.256
6820.000 4.891
6825.000 4.325
6830.000 3.979
6835.000 3.832
6840.000 3.622
6845.000 3.578
6850.000 3.575
6855.000 3.547
6860.000 3.560
6865.000 3.591
6870.000 3.624
6875.000 3.699
6880.000 3.794
6885.000 3.858
6890.000 4.020
6895.000 4.111
6900.000 4.339
6905.000 4.618
6910.000 4.790
6915.000 5.231
6920.000 5.508
6925.000 6.274
6930.000 7.347
6935.000 8.016
6940.000 9.777
6945.000 10.906
6950.000 13.694
6955.000 16.846
6960.000 18.333
6965.000 20.196
6970.000 20.174
6975.000 17.703
6980.000 13.952
6985.000 12.228
6990.000 9.505
6995.000 8.464
7000.000 6.876
7005.000 5.751
7010.000 5.324
7015.000 4.735
7020.000 4.509
7025.000 4.145
7030.000 3.847
7035.000 3.720
7040.000 3.499
7045.000 3.386
7050.000 3.192
7055.000 3.031
7060.000 2.950
7065.000 2.825
7070.000 2.765
7075.000 2.663
7080.000 2.578
7085.000 2.538
7090.000 2.467
7095.000 2.435
7100.000 2.381
7105.000 2.334
7110.000 2.314
7115.000 2.282
7120.000 2.263
7125.000 2.238
7130.000 2.214
7135.000 2.208
7140.000 2.198
7145.000 2.199
7150.000 2.201
7155.000 2.211
7160.000 2.225
7165.000 2.253
7170.000 2.266
7175.000 2.293
7180.000 2.301
7185.000 2.370
7190.000 2.455
7195.000 2.476
7200.000 2.517
7205.000 2.550
7210.000 2.613
7215.000 2.704
7220.000 2.762
7225.000 2.893
7230.000 2.963
7235.000 3.112
7240.000 3.324
7245.000 3.438
7250.000 3.699
7255.000 3.851
7260.000 4.234
7265.000 4.773
7270.000 5.107
7275.000 5.965
7280.000 6.516
7285.000 7.868
7290.000 9.505
7295.000 10.345
7300.000 11.699
7305.000 12.006
7310.000 11.328
7315.000 9.403
7320.000 8.354
7325.000 6.528
7330.000 5.798
7335.000 4.665
7340.000 3.887
7345.000 3.608
7350.000 3.169
7355.000 2.994
7360.000 2.677
7365.000 2.441
7370.000 2.341
7375.000 2.115
7380.000 2.023
7385.000 1.854
7390.000 1.693
7395.000 1.608
7400.000 1.478
7405.000 1.412
7410.000 1.302
7415.000 1.206
7420.000 1.170
7425.000 1.090
7430.000 1.064
7435.000 1.000
7440.000 0.950
7445.000 0.928
7450.000 0.885
7455.000 0.868
7460.000 0.834
7465.000 0.822
7470.000 0.797
7475.000 0.772
7480.000 0.763
7485.000 0.749
7490.000 0.742
7495.000 0.733
7500.000 0.727
7505.000 0.727
7510.000 0.728
7515.000 0.734
7520.000 0.744
7525.000 0.747
7530.000 0.752
7535.000 0.765
7540.000 0.775
7545.000 0.801
7550.000 0.832
7555.000 0.853
7560.000 0.898
7565.000 0.929
7570.000 1.007
7575.000 1.109
7580.000 1.175
7585.000 1.350
7590.000 1.461
7595.000 1.757
7600.000 2.116
7605.000 2.298
7610.000 2.609
7615.000 2.741
7620.000 2.812
7625.000 2.502
7630.000 2.278
7635.000 1.859
7640.000 1.683
7645.000 1.416
7650.000 1.190
7655.000 1.098
7660.000 0.948
7665.000 0.890
7670.000 0.791
7675.000 0.713
7680.000 0.680
7685.000 0.625
7690.000 0.601
7695.000 0.563
7700.000 0.539
7705.000 0.525
7710.000 0.495
7715.000 0.485
7720.000 0.464
7725.000 0.445
7730.000 0.438
7735.000 0.424
7740.000 0.417
7745.000 0.407
7750.000 0.397
7755.000 0.394
7760.000 0.383
7765.000 0.381
7770.000 0.372
7775.000 0.370
7780.000 0.370
7785.000 0.363
7790.000 0.361
7795.000 0.354
7800.000 0.352
7805.000 0.347
7810.000 0.344
7815.000 0.343
7820.000 0.340
7825.000 0.338
7830.000 0.337
7835.000 0.335
7840.000 0.339
7845.000 0.336
7850.000 0.335
7855.000 0.335
7860.000 0.332
7865.000 0.331
7870.000 0.334
7875.000 0.330
7880.000 0.331
7885.000 0.329
7890.000 0.328
7895.000 0.326
7900.000 0.323
7905.000 0.324
7910.000 0.324
7915.000 0.323
7920.000 0.323
7925.000 0.321
7930.000 0.319
7935.000 0.319
7940.000 0.319
7945.000 0.320
7950.000 0.319
7955.000 0.315
7960.000 0.319
7965.000 0.316
7970.000 0.340
7975.000 0.333
7980.000 0.334
7985.000 0.334
7990.000 0.327
7995.000 0.328
8000.000 0.321
8005.000 0.321
8010.000 0.326
8015.000 0.323
8020.000 0.316
8025.000 0.317
8030.000 0.325
8035.000 0.319
8040.000 0.321
8045.000 0.312
8050.000 0.310
8055.000 0.312
8060.000 0.308
8065.000 0.303
8070.000 0.304
8075.000 0.303
8080.000 0.305
8085.000 0.314
8090.000 0.314
8095.000 0.318
8100.000 0.319
8105.000 0.319
8110.000 0.323
8115.000 0.322
8120.000 0.320
8125.000 0.318
8130.000 0.319
8135.000 0.315
8140.000 0.316
8145.000 0.315
8150.000 0.314
8155.000 0.317
8160.000 0.317
8165.000 0.315
8170.000 0.318
8175.000 0.317
8180.000 0.317
8185.000 0.315
8190.000 0.315
8195.000 0.317
8200.000 0.315
8205.000 0.315
8210.000 0.316
8215.000 0.319
8220.000 0.320
8225.000 0.317
8230.000 0.319
8235.000 0.318
8240.000 0.318
8245.000 0.318
8250.000 0.319
8255.000 0.319
8260.000 0.319
8265.000 0.321
8270.000 0.318
8275.000 0.322
8280.000 0.321
8285.000 0.322
8290.000 0.321
8295.000 0.323
8300.000 0.323
8305.000 0.324
8310.000 0.323
8315.000 0.323
8320.000 0.321
8325.000 0.321
8330.000 0.324
8335.000 0.325
8340.000 0.325
8345.000 0.324
8350.000 0.326
8355.000 0.324
8360.000 0.323
8365.000 0.325
8370.000 0.326
8375.000 0.326
8380.000 0.327
8385.000 0.328
8390.000 0.330
8395.000 0.326
8400.000 0.328
8405.000 0.328
8410.000 0.331
8415.000 0.330
8420.000 0.332
8425.000 0.333
8430.000 0.330
8435.000 0.331
8440.000 0.333
8445.000 0.331
8450.000 0.328
8455.000 0.330
8460.000 0.329
8465.000 0.332
8470.000 0.330
8475.000 0.332
8480.000 0.333
8485.000 0.335
8490.000 0.332
8495.000 0.331
8500.000 0.332
8505.000 0.333
8510.000 0.332
8515.000 0.333
8520.000 0.330
8525.000 0.333
8530.000 0.332
8535.000 0.333
8540.000 0.333
8545.000 0.337
8550.000 0.333
8555.000 0.335
8560.000 0.334
8565.000 0.334
8570.000 0.338
8575.000 0.336
8580.000 0.337
8585.000 0.338
8590.000 0.339
8595.000 0.337
8600.000 0.340
8605.000 0.336
8610.000 0.338
8615.000 0.339
8620.000 0.340
8625.000 0.338
8630.000 0.340
8635.000 0.340
8640.000 0.339
8645.000 0.340
8650.000 0.338
8655.000 0.342
8660.000 0.340
8665.000 0.344
8670.000 0.342
8675.000 0.344
8680.000 0.340
8685.000 0.341
8690.000 0.342
8695.000 0.342
8700.000 0.343
8705.000 0.341
8710.000 0.339
8715.000 0.341
8720.000 0.343
8725.000 0.345
8730.000 0.345
8735.000 0.346
8740.000 0.345
8745.000 0.346
8750.000 0.345
8755.000 0.347
8760.000 0.345
8765.000 0.345
8770.000 0.345
8775.000 0.347
8780.000 0.353
8785.000 0.354
8790.000 0.359
8795.000 0.363
8800.000 0.363
8805.000 0.362
8810.000 0.362
8815.000 0.366
8820.000 0.370
8825.000 0.365
8830.000 0.381
8835.000 0.365
8840.000 0.355
8845.000 0.354
8850.000 0.356
8855.000 0.352
8860.000 0.351
8865.000 0.360
8870.000 0.359
8875.000 0.362
8880.000 0.360
8885.000 0.358
8890.000 0.354
8895.000 0.354
8900.000 0.351
8905.000 0.362
8910.000 0.360
8915.000 0.361
8920.000 0.361
8925.000 0.365
8930.000 0.362
8935.000 0.363
8940.000 0.358
8945.000 0.359
8950.000 0.357
8955.000 0.362
8960.000 0.363
8965.000 0.364
8970.000 0.360
8975.000 0.356
8980.000 0.359
8985.000 0.361
8990.000 0.367
8995.000 0.368
9000.000 0.368
9005.000 0.364
9010.000 0.369
9015.000 0.365
9020.000 0.371
9025.000 0.369
9030.000 0.371
9035.000 0.376
9040.000 0.373
9045.000 0.379
9050.000 0.382
9055.000 0.377
9060.000 0.379
9065.000 0.378
9070.000 0.376
9075.000 0.377
9080.000 0.377
9085.000 0.373
9090.000 0.374
9095.000 0.374
9100.000 0.372
9105.000 0.375
9110.000 0.377
9115.000 0.377
9120.000 0.392
9125.000 0.389
9130.000 0.384
9135.000 0.384
9140.000 0.385
9145.000 0.383
9150.000 0.384
9155.000 0.384
9160.000 0.383
9165.000 0.383
9170.000 0.383
9175.000 0.387
9180.000 0.385
9185.000 0.384
9190.000 0.387
9195.000 0.389
9200.000 0.389
9205.000 0.386
9210.000 0.387
9215.000 0.389
9220.000 0.390
9225.000 0.389
9230.000 0.390
9235.000 0.390
9240.000 0.391
9245.000 0.389
9250.000 0.392
9255.000 0.393
9260.000 0.393
9265.000 0.394
9270.000 0.395
9275.000 0.397
9280.000 0.400
9285.000 0.399
9290.000 0.398
9295.000 0.399
9300.000 0.396
9305.000 0.398
9310.000 0.398
9315.000 0.397
9320.000 0.401
9325.000 0.401
9330.000 0.400
9335.000 0.401
9340.000 0.399
9345.000 0.401
9350.000 0.402
9355.000 0.403
9360.000 0.407
9365.000 0.421
9370.000 0.417
9375.000 0.412
9380.000 0.410
9385.000 0.409
9390.000 0.411
9395.000 0.409
9400.000 0.415
9405.000 0.410
9410.000 0.413
9415.000 0.417
9420.000 0.414
9425.000 0.410
9430.000 0.412
9435.000 0.412
9440.000 0.408
9445.000 0.412
9450.000 0.410
9455.000 0.406
9460.000 0.403
9465.000 0.404
9470.000 0.404
9475.000 0.406
9480.000 0.404
9485.000 0.405
9490.000 0.402
9495.000 0.404
9500.000 0.401
9505.000 0.405
9510.000 0.405
9515.000 0.408
9520.000 0.405
9525.000 0.412
9530.000 0.417
9535.000 0.425
9540.000 0.418
9545.000 0.419
9550.000 0.412
9555.000 0.412
9560.000 0.413
9565.000 0.412
9570.000 0.411
9575.000 0.413
9580.000 0.408
9585.000 0.417
9590.000 0.415
9595.000 0.416
9600.000 0.412
9605.000 0.415
9610.000 0.414
9615.000 0.420
9620.000 0.414
9625.000 0.418
9630.000 0.416
9635.000 0.415
9640.000 0.422
9645.000 0.422
9650.000 0.421
9655.000 0.422
9660.000 0.423
9665.000 0.421
9670.000 0.419
9675.000 0.419
9680.000 0.418
9685.000 0.420
9690.000 0.421
9695.000 0.421
9700.000 0.424
9705.000 0.428
9710.000 0.426
9715.000 0.419
9720.000 0.422
9725.000 0.422
9730.000 0.424
9735.000 0.425
9740.000 0.427
9745.000 0.429
9750.000 0.430
9755.000 0.424
9760.000 0.430
9765.000 0.434
9770.000 0.442
9775.000 0.440
9780.000 0.445
9785.000 0.443
9790.000 0.444
9795.000 0.447
9800.000 0.446
9805.000 0.446
9810.000 0.446
9815.000 0.455
9820.000 0.452
9825.000 0.455
9830.000 0.453
9835.000 0.454
9840.000 0.464
9845.000 0.469
9850.000 0.467
9855.000 0.468
9860.000 0.471
9865.000 0.467
9870.000 0.472
9875.000 0.475
9880.000 0.475
9885.000 0.483
9890.000 0.483
9895.000 0.488
9900.000 0.494
9905.000 0.495
9910.000 0.501
9915.000 0.515
9920.000 0.522
9925.000 0.527
9930.000 0.529
9935.000 0.535
9940.000 0.542
9945.000 0.544
9950.000 0.558
9955.000 0.561
9960.000 0.573
9965.000 0.586
9970.000 0.599
9975.000 0.607
9980.000 0.619
9985.000 0.643
9990.000 0.667
9995.000 0.682
10000.000 0.710
10005.000 0.721
10010.000 0.747
10015.000 0.798
10020.000 0.827
10025.000 0.877
10030.000 0.906
10035.000 0.973
10040.000 1.059
10045.000 1.115
10050.000 1.244
10055.000 1.330
10060.000 1.541
10065.000 1.856
10070.000 2.060
10075.000 2.587
10080.000 2.910
10085.000 3.638
10090.000 4.276
10095.000 4.458
10100.000 4.346
10105.000 4.053
10110.000 3.309
10115.000 2.602
10120.000 2.321
10125.000 1.888
10130.000 1.740
10135.000 1.475
10140.000 1.303
10145.000 1.243
10150.000 1.159
10155.000 1.136
10160.000 1.091
10165.000 1.074
10170.000 1.072
10175.000 1.058
10180.000 1.060
10185.000 1.070
10190.000 1.100
10195.000 1.118
10200.000 1.156
10205.000 1.187
10210.000 1.254
10215.000 1.337
10220.000 1.400
10225.000 1.539
10230.000 1.615
10235.000 1.813
10240.000 2.078
10245.000 2.259
10250.000 2.695
10255.000 2.989
10260.000 3.693
10265.000 4.612
10270.000 5.120
10275.000 6.167
10280.000 6.627
10285.000 7.202
10290.000 7.063
10295.000 6.673
10300.000 5.675
10305.000 5.166
10310.000 4.337
10315.000 3.629
10320.000 3.345
10325.000 2.889
10330.000 2.704
10335.000 2.410
10340.000 2.225
10345.000 2.161
10350.000 2.046
10355.000 1.991
10360.000 1.895
10365.000 1.811
10370.000 1.783
10375.000 1.720
10380.000 1.694
10385.000 1.660
10390.000 1.607
10395.000 1.603
10400.000 1.565
10405.000 1.554
10410.000 1.536
10415.000 1.519
10420.000 1.516
10425.000 1.507
10430.000 1.499
10435.000 1.502
10440.000 1.506
10445.000 1.517
10450.000 1.528
10455.000 1.536
10460.000 1.558
10465.000 1.569
10470.000 1.602
10475.000 1.637
10480.000 1.665
10485.000 1.712
10490.000 1.737
10495.000 1.798
10500.000 1.863
10505.000 1.907
10510.000 2.000
10515.000 2.054
10520.000 2.172
10525.000 2.321
10530.000 2.407
10535.000 2.607
10540.000 2.724
10545.000 2.977
10550.000 3.267
10555.000 3.395
10560.000 3.573
10565.000 3.590
10570.000 3.454
10575.000 3.209
10580.000 3.032
10585.000 2.635
10590.000 2.437
10595.000 2.069
10600.000 1.758
10605.000 1.625
10610.000 1.385
10615.000 1.281
10620.000 1.110
10625.000 0.970
10630.000 0.914
10635.000 0.813
10640.000 0.770
10645.000 0.695
10650.000 0.633
10655.000 0.608
10660.000 0.549
10665.000 0.517
10670.000 0.453
10675.000 0.401
10680.000 0.384
10685.000 0.343
10690.000 0.328
10695.000 0.297
10700.000 0.270
10705.000 0.260
10710.000 0.239
10715.000 0.231
10720.000 0.217
10725.000 0.214
10730.000 0.204
10735.000 0.201
10740.000 0.200
10745.000 0.203
10750.000 0.207
10755.000 0.217
10760.000 0.233
10765.000 0.246
10770.000 0.274
10775.000 0.290
10780.000 0.338
10785.000 0.404
10790.000 0.455
10795.000 0.572
10800.000 0.656
10805.000 0.872
10810.000 1.152
10815.000 1.299
10820.000 1.611
10825.000 1.757
10830.000 1.979
10835.000 2.046
10840.000 2.004
10845.000 1.811
10850.000 1.686
10855.000 1.429
10860.000 1.206
10865.000 1.111
10870.000 0.959
10875.000 0.898
10880.000 0.802
10885.000 0.723
10890.000 0.694
10895.000 0.655
10900.000 0.643
10905.000 0.614
10910.000 0.590
10915.000 0.579
10920.000 0.565
10925.000 0.558
10930.000 0.545
10935.000 0.533
10940.000 0.526
10945.000 0.516
10950.000 0.509
10955.000 0.502
10960.000 0.499
10965.000 0.491
10970.000 0.483
10975.000 0.479
10980.000 0.471
10985.000 0.467
10990.000 0.470
10995.000 0.464
11000.000 0.453
11005.000 0.457
11010.000 0.450
11015.000 0.452
11020.000 0.443
11025.000 0.448
11030.000 0.448
11035.000 0.443
11040.000 0.462
11045.000 0.452
11050.000 0.445
11055.000 0.438
11060.000 0.433
11065.000 0.429
11070.000 0.427
11075.000 0.428
11080.000 0.422
11085.000 0.421
11090.000 0.422
11095.000 0.420
11100.000 0.419
11105.000 0.416
11110.000 0.416
11115.000 0.416
11120.000 0.413
11125.000 0.413
11130.000 0.408
11135.000 0.411
11140.000 0.411
11145.000 0.412
11150.000 0.410
11155.000 0.410
11160.000 0.406
11165.000 0.407
11170.000 0.404
11175.000 0.404
11180.000 0.408
11185.000 0.406
11190.000 0.404
11195.000 0.407
11200.000 0.405
11205.000 0.405
11210.000 0.398
11215.000 0.401
11220.000 0.399
11225.000 0.400
11230.000 0.395
11235.000 0.396
11240.000 0.395
11245.000 0.394
11250.000 0.394
11255.000 0.391
11260.000 0.392
11265.000 0.395
11270.000 0.392
11275.000 0.396
11280.000 0.392
11285.000 0.396
11290.000 0.393
11295.000 0.393
11300.000 0.388
11305.000 0.388
11310.000 0.394
11315.000 0.395
11320.000 0.393
11325.000 0.394
11330.000 0.394
11335.000 0.393
11340.000 0.392
11345.000 0.392
11350.000 0.391
11355.000 0.391
11360.000 0.390
11365.000 0.390
11370.000 0.394
11375.000 0.395
11380.000 0.393
11385.000 0.391
11390.000 0.391
11395.000 0.394
11400.000 0.391
11405.000 0.392
11410.000 0.392
11415.000 0.391
11420.000 0.393
11425.000 0.389
11430.000 0.388
11435.000 0.389
11440.000 0.389
11445.000 0.387
11450.000 0.387
11455.000 0.388
11460.000 0.387
11465.000 0.387
11470.000 0.385
11475.000 0.388
11480.000 0.386
11485.000 0.385
11490.000 0.384
11495.000 0.388
11500.000 0.389
11505.000 0.385
11510.000 0.385
11515.000 0.383
11520.000 0.384
11525.000 0.384
11530.000 0.384
11535.000 0.386
11540.000 0.385
11545.000 0.382
11550.000 0.384
11555.000 0.383
11560.000 0.384
11565.000 0.384
11570.000 0.385
11575.000 0.385
11580.000 0.386
11585.000 0.382
11590.000 0.385
11595.000 0.381
11600.000 0.382
11605.000 0.384
11610.000 0.381
11615.000 0.383
11620.000 0.386
11625.000 0.387
11630.000 0.383
11635.000 0.384
11640.000 0.384
11645.000 0.387
11650.000 0.385
11655.000 0.382
11660.000 0.383
11665.000 0.381
11670.000 0.380
11675.000 0.379
11680.000 0.380
11685.000 0.383
11690.000 0.382
11695.000 0.382
11700.000 0.386
11705.000 0.380
11710.000 0.379
11715.000 0.384
11720.000 0.388
11725.000 0.385
11730.000 0.381
11735.000 0.380
11740.000 0.384
11745.000 0.383
11750.000 0.381
11755.000 0.378
11760.000 0.377
11765.000 0.377
11770.000 0.375
11775.000 0.372
11780.000 0.376
11785.000 0.377
11790.000 0.379
11795.000 0.374
11800.000 0.378
11805.000 0.376
11810.000 0.373
11815.000 0.374
11820.000 0.373
11825.000 0.372
11830.000 0.372
11835.000 0.372
11840.000 0.372
11845.000 0.380
11850.000 0.377
11855.000 0.375
11860.000 0.374
11865.000 0.371
11870.000 0.371
11875.000 0.370
11880.000 0.366
11885.000 0.366
11890.000 0.369
11895.000 0.368
11900.000 0.368
11905.000 0.372
11910.000 0.372
11915.000 0.372
11920.000 0.373
11925.000 0.371
11930.000 0.375
11935.000 0.369
11940.000 0.373
11945.000 0.371
11950.000 0.372
11955.000 0.372
11960.000 0.374
11965.000 0.374
11970.000 0.372
11975.000 0.373
11980.000 0.372
11985.000 0.370
11990.000 0.373
11995.000 0.371
12000.000 0.371
