1801.000 0.003
1802.000 0.006
1803.000 3.910
1804.000 3.920
1805.000 3.940
1806.000 3.957
1807.000 3.970
1808.000 3.980
1809.000 4.122
1810.000 4.113
1811.000 4.101
1812.000 4.013
1813.000 4.013
1814.000 4.011
1815.000 4.018
1816.000 4.015
1817.000 4.029
1818.000 4.037
1819.000 4.064
1820.000 4.072
1821.000 4.078
1822.000 4.081
1823.000 4.103
1824.000 4.105
1825.000 4.121
1826.000 4.119
1827.000 4.118
1828.000 4.124
1829.000 4.116
1830.000 4.099
1831.000 4.098
1832.000 4.084
1833.000 4.060
1834.000 4.037
1835.000 4.009
1836.000 3.969
1837.000 3.927
1838.000 3.889
1839.000 3.855
1840.000 3.811
1841.000 3.770
1842.000 3.733
1843.000 3.688
1844.000 3.642
1845.000 3.592
1846.000 3.539
1847.000 3.477
1848.000 3.430
1849.000 3.381
1850.000 3.346
1851.000 3.326
1852.000 3.292
1853.000 3.275
1854.000 3.281
1855.000 3.276
1856.000 3.280
1857.000 3.275
1858.000 3.255
1859.000 3.242
1860.000 3.217
1861.000 3.179
1862.000 3.133
1863.000 3.107
1864.000 3.040
1865.000 2.959
1866.000 2.862
1867.000 2.753
1868.000 2.629
1869.000 2.517
1870.000 2.395
1871.000 2.283
1872.000 2.185
1873.000 2.092
1874.000 2.027
1875.000 2.015
1876.000 2.016
1877.000 2.026
1878.000 2.024
1879.000 2.035
1880.000 2.039
1881.000 2.041
1882.000 2.045
1883.000 2.049
1884.000 2.055
1885.000 2.057
1886.000 2.058
1887.000 2.065
1888.000 2.066
1889.000 2.072
1890.000 2.076
1891.000 2.078
1892.000 2.086
1893.000 2.086
1894.000 2.094
1895.000 2.098
1896.000 2.100
1897.000 2.110
1898.000 2.110
1899.000 2.114
1900.000 2.118
1901.000 2.124
1902.000 2.131
1903.000 2.132
1904.000 2.137
1905.000 2.145
1906.000 2.143
1907.000 2.143
1908.000 2.151
1909.000 2.154
1910.000 2.158
1911.000 2.159
1912.000 2.164
1913.000 2.165
1914.000 2.169
1915.000 2.170
1916.000 2.175
1917.000 2.176
1918.000 2.177
1919.000 2.181
1920.000 2.181
1921.000 2.187
1922.000 2.192
1923.000 2.192
1924.000 2.194
1925.000 2.198
1926.000 2.202
1927.000 2.201
1928.000 2.205
1929.000 2.214
1930.000 2.219
1931.000 2.220
1932.000 2.224
1933.000 2.229
1934.000 2.231
1935.000 2.236
1936.000 2.237
1937.000 2.239
1938.000 2.246
1939.000 2.247
1940.000 2.254
1941.000 2.254
1942.000 2.261
1943.000 2.267
1944.000 2.266
1945.000 2.279
1946.000 2.276
1947.000 2.283
1948.000 2.294
1949.000 2.294
1950.000 2.292
1951.000 2.300
1952.000 2.308
1953.000 2.313
1954.000 2.323
1955.000 2.339
1956.000 2.339
1957.000 2.342
1958.000 2.344
1959.000 2.359
1960.000 2.348
1961.000 2.367
1962.000 2.364
1963.000 2.377
1964.000 2.372
1965.000 2.381
1966.000 2.390
1967.000 2.392
1968.000 2.394
1969.000 2.404
1970.000 2.414
1971.000 2.427
1972.000 2.425
1973.000 2.427
1974.000 2.444
1975.000 2.458
1976.000 2.458
1977.000 2.477
1978.000 2.478
1979.000 2.495
1980.000 2.490
1981.000 2.506
1982.000 2.506
1983.000 2.504
1984.000 2.508
1985.000 2.523
1986.000 2.524
1987.000 2.535
1988.000 2.546
1989.000 2.554
1990.000 2.553
1991.000 2.564
1992.000 2.584
1993.000 2.580
1994.000 2.605
1995.000 2.603
1996.000 2.615
1997.000 2.629
1998.000 2.623
1999.000 2.649
2000.000 2.666
2001.000 2.680
2002.000 2.684
2003.000 2.701
2004.000 2.705
2005.000 2.709
2006.000 2.715
2007.000 2.734
2008.000 2.762
2009.000 2.757
2010.000 2.791
2011.000 2.786
2012.000 2.821
2013.000 2.820
2014.000 2.834
2015.000 2.860
2016.000 2.875
2017.000 2.892
2018.000 2.907
2019.000 2.928
2020.000 2.949
2021.000 2.943
2022.000 2.970
2023.000 2.994
2024.000 3.000
2025.000 3.045
2026.000 3.058
2027.000 3.091
2028.000 3.100
2029.000 3.143
2030.000 3.157
2031.000 3.166
2032.000 3.200
2033.000 3.227
2034.000 3.243
2035.000 3.286
2036.000 3.305
2037.000 3.331
2038.000 3.373
2039.000 3.407
2040.000 3.420
2041.000 3.467
2042.000 3.496
2043.000 3.543
2044.000 3.568
2045.000 3.619
2046.000 3.637
2047.000 3.675
2048.000 3.725
2049.000 3.774
2050.000 3.823
2051.000 3.867
2052.000 3.913
2053.000 3.964
2054.000 4.020
2055.000 4.110
2056.000 4.185
2057.000 4.246
2058.000 4.274
2059.000 4.353
2060.000 4.409
2061.000 4.485
2062.000 4.569
2063.000 4.647
2064.000 4.729
2065.000 4.822
2066.000 4.922
2067.000 5.013
2068.000 5.135
2069.000 5.256
2070.000 5.317
2071.000 5.441
2072.000 5.570
2073.000 5.721
2074.000 5.862
2075.000 6.033
2076.000 6.224
2077.000 6.412
2078.000 6.628
2079.000 6.838
2080.000 7.083
2081.000 7.340
2082.000 7.619
2083.000 7.776
2084.000 8.084
2085.000 8.446
2086.000 8.818
2087.000 9.243
2088.000 9.693
2089.000 10.194
2090.000 10.737
2091.000 11.322
2092.000 11.969
2093.000 12.688
2094.000 13.431
2095.000 13.860
2096.000 14.648
2097.000 15.386
2098.000 16.081
2099.000 16.628
2100.000 16.999
2101.000 17.096
2102.000 16.829
2103.000 16.212
2104.000 15.384
2105.000 14.329
2106.000 13.777
2107.000 12.668
2108.000 11.652
2109.000 10.705
2110.000 9.853
2111.000 9.106
2112.000 8.452
2113.000 7.848
2114.000 7.315
2115.000 6.829
2116.000 6.384
2117.000 6.001
2118.000 5.629
2119.000 5.466
2120.000 5.147
2121.000 4.856
2122.000 4.595
2123.000 4.346
2124.000 4.108
2125.000 3.897
2126.000 3.700
2127.000 3.521
2128.000 3.346
2129.000 3.202
2130.000 3.043
2131.000 2.968
2132.000 2.767
2133.000 2.565
2134.000 2.385
2135.000 2.224
2136.000 2.074
2137.000 1.948
2138.000 1.829
2139.000 1.723
2140.000 1.625
2141.000 1.539
2142.000 1.454
2143.000 1.379
2144.000 1.342
2145.000 1.270
2146.000 1.204
2147.000 1.140
2148.000 1.082
2149.000 1.028
2150.000 0.979
2151.000 0.929
2152.000 0.887
2153.000 0.846
2154.000 0.806
2155.000 0.786
2156.000 0.748
2157.000 0.714
2158.000 0.677
2159.000 0.645
2160.000 0.613
2161.000 0.583
2162.000 0.552
2163.000 0.526
2164.000 0.499
2165.000 0.471
2166.000 0.447
2167.000 0.435
2168.000 0.412
2169.000 0.387
2170.000 0.363
2171.000 0.342
2172.000 0.320
2173.000 0.298
2174.000 0.277
2175.000 0.259
2176.000 0.237
2177.000 0.217
2178.000 0.201
2179.000 0.184
2180.000 0.175
2181.000 0.160
2182.000 0.146
2183.000 0.134
2184.000 0.120
2185.000 0.109
2186.000 0.102
2187.000 0.097
2188.000 0.097
2189.000 0.097
2190.000 0.102
2191.000 0.110
2192.000 0.116
2193.000 0.126
2194.000 0.139
2195.000 0.151
2196.000 0.166
2197.000 0.179
2198.000 0.193
2199.000 0.209
2200.000 0.228
2201.000 0.243
2202.000 0.257
2203.000 0.267
2204.000 0.284
2205.000 0.301
2206.000 0.319
2207.000 0.339
2208.000 0.359
2209.000 0.381
2210.000 0.399
2211.000 0.418
2212.000 0.440
2213.000 0.461
2214.000 0.486
2215.000 0.508
2216.000 0.518
2217.000 0.544
2218.000 0.570
2219.000 0.593
2220.000 0.618
2221.000 0.644
2222.000 0.669
2223.000 0.694
2224.000 0.732
2225.000 0.763
2226.000 0.792
2227.000 0.824
2228.000 0.874
2229.000 0.896
2230.000 0.938
2231.000 0.983
2232.000 1.037
2233.000 1.093
2234.000 1.160
2235.000 1.230
2236.000 1.309
2237.000 1.401
2238.000 1.499
2239.000 1.590
2240.000 1.660
2241.000 1.696
2242.000 1.777
2243.000 1.864
2244.000 1.954
2245.000 2.033
2246.000 2.121
2247.000 2.211
2248.000 2.305
2249.000 2.404
2250.000 2.519
2251.000 2.641
2252.000 2.706
2253.000 2.841
2254.000 2.992
2255.000 3.171
2256.000 3.337
2257.000 3.536
2258.000 3.742
2259.000 3.976
2260.000 4.234
2261.000 4.525
2262.000 4.873
2263.000 5.251
2264.000 5.702
2265.000 5.939
2266.000 6.460
2267.000 7.008
2268.000 7.613
2269.000 8.229
2270.000 8.802
2271.000 9.202
2272.000 9.334
2273.000 9.126
2274.000 8.880
2275.000 8.601
2276.000 8.173
2277.000 7.928
2278.000 7.377
2279.000 6.837
2280.000 6.333
2281.000 5.850
2282.000 5.416
2283.000 5.040
2284.000 4.694
2285.000 4.389
2286.000 4.121
2287.000 3.882
2288.000 3.670
2289.000 3.478
2290.000 3.384
2291.000 3.226
2292.000 3.066
2293.000 2.921
2294.000 2.796
2295.000 2.677
2296.000 2.567
2297.000 2.466
2298.000 2.367
2299.000 2.277
2300.000 2.194
2301.000 2.157
2302.000 2.083
2303.000 2.013
2304.000 1.952
2305.000 1.882
2306.000 1.824
2307.000 1.776
2308.000 1.723
2309.000 1.680
2310.000 1.633
2311.000 1.588
2312.000 1.546
2313.000 1.521
2314.000 1.479
2315.000 1.440
2316.000 1.406
2317.000 1.372
2318.000 1.333
2319.000 1.298
2320.000 1.250
2321.000 1.202
2322.000 1.158
2323.000 1.124
2324.000 1.083
2325.000 1.051
2326.000 1.032
2327.000 0.998
2328.000 0.970
2329.000 0.941
2330.000 0.912
2331.000 0.887
2332.000 0.864
2333.000 0.840
2334.000 0.823
2335.000 0.799
2336.000 0.774
2337.000 0.754
2338.000 0.748
2339.000 0.728
2340.000 0.712
2341.000 0.697
2342.000 0.686
2343.000 0.666
2344.000 0.649
2345.000 0.635
2346.000 0.621
2347.000 0.608
2348.000 0.604
2349.000 0.596
2350.000 0.581
2351.000 0.569
2352.000 0.557
2353.000 0.545
2354.000 0.537
2355.000 0.528
2356.000 0.520
2357.000 0.509
2358.000 0.499
2359.000 0.489
2360.000 0.482
2361.000 0.474
2362.000 0.469
2363.000 0.461
2364.000 0.452
2365.000 0.444
2366.000 0.439
2367.000 0.428
2368.000 0.422
2369.000 0.414
2370.000 0.406
2371.000 0.403
2372.000 0.396
2373.000 0.388
2374.000 0.385
2375.000 0.379
2376.000 0.372
2377.000 0.366
2378.000 0.362
2379.000 0.357
2380.000 0.348
2381.000 0.342
2382.000 0.336
2383.000 0.334
2384.000 0.330
2385.000 0.325
2386.000 0.318
2387.000 0.315
2388.000 0.312
2389.000 0.306
2390.000 0.302
2391.000 0.296
2392.000 0.292
2393.000 0.285
2394.000 0.283
2395.000 0.279
2396.000 0.275
2397.000 0.272
2398.000 0.271
2399.000 0.268
2400.000 0.261
2401.000 0.257
2402.000 0.253
2403.000 0.254
2404.000 0.248
2405.000 0.243
2406.000 0.238
2407.000 0.236
2408.000 0.232
2409.000 0.227
2410.000 0.224
2411.000 0.225
2412.000 0.221
2413.000 0.216
2414.000 0.212
2415.000 0.210
2416.000 0.206
2417.000 0.203
2418.000 0.200
2419.000 0.196
2420.000 0.193
2421.000 0.193
2422.000 0.190
2423.000 0.187
2424.000 0.184
2425.000 0.180
2426.000 0.179
2427.000 0.174
2428.000 0.173
2429.000 0.172
2430.000 0.167
2431.000 0.164
2432.000 0.162
2433.000 0.160
2434.000 0.156
2435.000 0.153
2436.000 0.156
2437.000 0.153
2438.000 0.150
2439.000 0.146
2440.000 0.145
2441.000 0.141
2442.000 0.139
2443.000 0.137
2444.000 0.137
2445.000 0.133
2446.000 0.130
2447.000 0.128
2448.000 0.127
2449.000 0.126
2450.000 0.124
2451.000 0.119
2452.000 0.119
2453.000 0.116
2454.000 0.117
2455.000 0.112
2456.000 0.113
2457.000 0.109
2458.000 0.107
2459.000 0.108
2460.000 0.104
2461.000 0.103
2462.000 0.101
2463.000 0.101
2464.000 0.095
2465.000 0.097
2466.000 0.096
2467.000 0.094
2468.000 0.091
2469.000 0.093
2470.000 0.089
2471.000 0.088
2472.000 0.087
2473.000 0.084
2474.000 0.084
2475.000 0.082
2476.000 0.079
2477.000 0.079
2478.000 0.077
2479.000 0.077
2480.000 0.075
2481.000 0.070
2482.000 0.071
2483.000 0.071
2484.000 0.069
2485.000 0.067
2486.000 0.066
2487.000 0.065
2488.000 0.065
2489.000 0.061
2490.000 0.064
2491.000 0.061
2492.000 0.059
2493.000 0.057
2494.000 0.059
2495.000 0.057
2496.000 0.055
2497.000 0.053
2498.000 0.050
2499.000 0.050
2500.000 0.051
2501.000 0.049
2502.000 0.049
2503.000 0.048
2504.000 0.046
2505.000 0.046
2506.000 0.045
2507.000 0.046
2508.000 0.044
2509.000 0.044
2510.000 0.042
2511.000 0.043
2512.000 0.042
2513.000 0.041
2514.000 0.044
2515.000 0.041
2516.000 0.042
2517.000 0.044
2518.000 0.043
2519.000 0.041
2520.000 0.041
2521.000 0.043
2522.000 0.041
2523.000 0.041
2524.000 0.042
2525.000 0.041
2526.000 0.041
2527.000 0.041
2528.000 0.040
2529.000 0.040
2530.000 0.040
2531.000 0.044
2532.000 0.041
2533.000 0.043
2534.000 0.042
2535.000 0.045
2536.000 0.045
2537.000 0.045
2538.000 0.045
2539.000 0.044
2540.000 0.044
2541.000 0.046
2542.000 0.046
2543.000 0.047
2544.000 0.047
2545.000 0.049
2546.000 0.050
2547.000 0.051
2548.000 0.051
2549.000 0.050
2550.000 0.052
2551.000 0.053
2552.000 0.053
2553.000 0.056
2554.000 0.054
2555.000 0.056
2556.000 0.057
2557.000 0.057
2558.000 0.060
2559.000 0.060
2560.000 0.060
2561.000 0.062
2562.000 0.060
2563.000 0.063
2564.000 0.065
2565.000 0.065
2566.000 0.064
2567.000 0.066
2568.000 0.066
2569.000 0.070
2570.000 0.069
2571.000 0.071
2572.000 0.072
2573.000 0.072
2574.000 0.073
2575.000 0.074
2576.000 0.075
2577.000 0.078
2578.000 0.077
2579.000 0.078
2580.000 0.080
2581.000 0.081
2582.000 0.082
2583.000 0.084
2584.000 0.084
2585.000 0.085
2586.000 0.086
2587.000 0.089
2588.000 0.090
2589.000 0.091
2590.000 0.092
2591.000 0.092
2592.000 0.095
2593.000 0.097
2594.000 0.097
2595.000 0.097
2596.000 0.100
2597.000 0.102
2598.000 0.102
2599.000 0.105
2600.000 0.107
