105.000 0.079
110.000 1.789
115.000 2.504
120.000 2.979
125.000 3.316
130.000 3.435
135.000 3.842
140.000 3.818
145.000 3.697
150.000 3.680
155.000 3.680
160.000 3.717
165.000 3.541
170.000 3.570
175.000 3.483
180.000 3.350
185.000 3.407
190.000 3.306
195.000 3.465
200.000 3.494
205.000 3.542
210.000 3.707
215.000 3.702
220.000 3.670
225.000 3.778
230.000 3.831
235.000 3.859
240.000 3.957
245.000 4.044
250.000 4.057
255.000 4.114
260.000 4.179
265.000 4.222
270.000 4.210
275.000 4.237
280.000 4.151
285.000 4.176
290.000 4.120
295.000 4.174
300.000 4.163
305.000 4.199
310.000 4.241
315.000 4.375
320.000 4.445
325.000 4.629
330.000 4.809
335.000 4.972
340.000 5.060
345.000 5.275
350.000 5.496
355.000 5.764
360.000 6.012
365.000 6.295
370.000 6.598
375.000 6.937
380.000 7.280
385.000 7.637
390.000 7.971
395.000 8.318
400.000 8.552
405.000 8.681
410.000 8.785
415.000 8.798
420.000 8.693
425.000 8.370
430.000 7.873
435.000 7.197
440.000 6.374
445.000 5.494
450.000 4.721
455.000 4.035
460.000 3.459
465.000 3.231
470.000 2.850
475.000 2.535
480.000 2.305
485.000 2.158
490.000 2.017
495.000 1.912
500.000 1.805
505.000 1.693
510.000 1.611
515.000 1.529
520.000 1.449
525.000 1.385
530.000 1.332
535.000 1.264
540.000 1.220
545.000 1.161
550.000 1.122
555.000 1.069
560.000 1.005
565.000 0.954
570.000 0.907
575.000 0.855
580.000 0.827
585.000 0.804
590.000 0.775
595.000 0.743
600.000 0.713
605.000 0.688
610.000 0.664
615.000 0.639
620.000 0.624
625.000 0.602
630.000 0.593
635.000 0.571
640.000 0.558
645.000 0.555
650.000 0.535
655.000 0.529
660.000 0.512
665.000 0.499
670.000 0.492
675.000 0.479
680.000 0.474
685.000 0.469
690.000 0.465
695.000 0.454
700.000 0.444
705.000 0.431
710.000 0.428
715.000 0.422
720.000 0.412
725.000 0.411
730.000 0.402
735.000 0.391
740.000 0.391
745.000 0.385
750.000 0.382
755.000 0.371
760.000 0.379
765.000 0.377
770.000 0.363
775.000 0.371
780.000 0.361
785.000 0.366
790.000 0.363
795.000 0.358
800.000 0.351
805.000 0.350
810.000 0.346
815.000 0.338
820.000 0.339
825.000 0.340
830.000 0.335
835.000 0.337
840.000 0.335
845.000 0.328
850.000 0.327
855.000 0.327
860.000 0.328
865.000 0.321
870.000 0.320
875.000 0.322
880.000 0.322
885.000 0.315
890.000 0.318
895.000 0.322
900.000 0.313
905.000 0.314
910.000 0.310
915.000 0.310
920.000 0.313
925.000 0.311
930.000 0.313
935.000 0.314
940.000 0.310
945.000 0.303
950.000 0.312
955.000 0.314
960.000 0.308
965.000 0.314
970.000 0.303
975.000 0.311
980.000 0.307
985.000 0.307
990.000 0.300
995.000 0.297
1000.000 0.310
1005.000 0.296
1010.000 0.303
1015.000 0.306
1020.000 0.315
1025.000 0.318
1030.000 0.306
1035.000 0.306
1040.000 0.300
1045.000 0.309
1050.000 0.300
1055.000 0.308
1060.000 0.300
1065.000 0.300
1070.000 0.297
1075.000 0.299
1080.000 0.305
1085.000 0.299
1090.000 0.300
1095.000 0.299
1100.000 0.304
1105.000 0.309
1110.000 0.304
1115.000 0.301
1120.000 0.307
1125.000 0.298
1130.000 0.307
1135.000 0.303
1140.000 0.310
1145.000 0.309
1150.000 0.305
1155.000 0.307
1160.000 0.305
1165.000 0.311
1170.000 0.308
1175.000 0.308
1180.000 0.310
1185.000 0.312
1190.000 0.315
1195.000 0.307
1200.000 0.308
1205.000 0.313
1210.000 0.312
1215.000 0.314
1220.000 0.315
1225.000 0.319
1230.000 0.319
1235.000 0.322
1240.000 0.319
1245.000 0.317
1250.000 0.321
1255.000 0.318
1260.000 0.324
1265.000 0.323
1270.000 0.323
1275.000 0.327
1280.000 0.332
1285.000 0.326
1290.000 0.332
1295.000 0.332
1300.000 0.331
1305.000 0.333
1310.000 0.333
1315.000 0.334
1320.000 0.333
1325.000 0.332
1330.000 0.335
1335.000 0.346
1340.000 0.346
1345.000 0.343
1350.000 0.344
1355.000 0.346
1360.000 0.347
1365.000 0.351
1370.000 0.346
1375.000 0.349
1380.000 0.349
1385.000 0.353
1390.000 0.350
1395.000 0.350
1400.000 0.349
1405.000 0.349
1410.000 0.347
1415.000 0.349
1420.000 0.345
1425.000 0.343
1430.000 0.339
1435.000 0.342
1440.000 0.344
1445.000 0.342
1450.000 0.345
1455.000 0.352
1460.000 0.358
1465.000 0.361
1470.000 0.371
1475.000 0.379
1480.000 0.382
1485.000 0.390
1490.000 0.395
1495.000 0.400
1500.000 0.403
1505.000 0.413
1510.000 0.417
1515.000 0.425
1520.000 0.428
1525.000 0.437
1530.000 0.447
1535.000 0.450
1540.000 0.456
1545.000 0.461
1550.000 0.469
1555.000 0.469
1560.000 0.476
1565.000 0.483
1570.000 0.491
1575.000 0.499
1580.000 0.512
1585.000 0.520
1590.000 0.523
1595.000 0.544
1600.000 0.547
1605.000 0.552
1610.000 0.563
1615.000 0.572
1620.000 0.576
1625.000 0.589
1630.000 0.600
1635.000 0.611
1640.000 0.622
1645.000 0.639
1650.000 0.648
1655.000 0.661
1660.000 0.676
1665.000 0.690
1670.000 0.702
1675.000 0.712
1680.000 0.720
1685.000 0.742
1690.000 0.755
1695.000 0.771
1700.000 0.781
1705.000 0.806
1710.000 0.817
1715.000 0.840
1720.000 0.861
1725.000 0.884
1730.000 0.904
1735.000 0.918
1740.000 0.941
1745.000 0.955
1750.000 0.972
1755.000 0.995
1760.000 1.021
1765.000 1.049
1770.000 1.073
1775.000 1.100
1780.000 1.123
1785.000 1.145
1790.000 1.168
1795.000 1.195
1800.000 1.210
1805.000 1.237
1810.000 1.264
1815.000 1.291
1820.000 1.313
1825.000 1.333
1830.000 1.359
1835.000 1.378
1840.000 1.406
1845.000 1.424
1850.000 1.442
1855.000 1.456
1860.000 1.464
1865.000 1.482
1870.000 1.500
1875.000 1.512
1880.000 1.521
1885.000 1.530
1890.000 1.538
1895.000 1.549
1900.000 1.552
1905.000 1.558
1910.000 1.561
1915.000 1.559
1920.000 1.551
1925.000 1.551
1930.000 1.554
1935.000 1.551
1940.000 1.542
1945.000 1.543
1950.000 1.531
1955.000 1.532
1960.000 1.523
1965.000 1.525
1970.000 1.507
1975.000 1.507
1980.000 1.502
1985.000 1.499
1990.000 1.496
1995.000 1.498
2000.000 1.481
2005.000 1.489
2010.000 1.488
2015.000 1.466
2020.000 1.473
2025.000 1.472
2030.000 1.464
2035.000 1.452
2040.000 1.443
2045.000 1.442
2050.000 1.447
2055.000 1.444
2060.000 1.447
2065.000 1.441
2070.000 1.440
2075.000 1.444
2080.000 1.441
2085.000 1.447
2090.000 1.458
2095.000 1.455
2100.000 1.457
2105.000 1.460
2110.000 1.470
2115.000 1.477
2120.000 1.480
2125.000 1.492
2130.000 1.507
2135.000 1.518
2140.000 1.526
2145.000 1.546
2150.000 1.562
2155.000 1.584
2160.000 1.604
2165.000 1.609
2170.000 1.634
2175.000 1.655
2180.000 1.685
2185.000 1.714
2190.000 1.751
2195.000 1.796
2200.000 1.833
2205.000 1.888
2210.000 1.940
2215.000 2.002
2220.000 2.064
2225.000 2.135
2230.000 2.180
2235.000 2.272
2240.000 2.367
2245.000 2.493
2250.000 2.635
2255.000 2.800
2260.000 3.003
2265.000 3.275
2270.000 3.617
2275.000 4.110
2280.000 4.847
2285.000 5.344
2290.000 6.791
2295.000 9.274
2300.000 13.423
2305.000 19.635
2310.000 27.060
2315.000 31.755
2320.000 30.577
2325.000 27.022
2330.000 13.326
2335.000 8.295
2340.000 5.801
2345.000 4.305
2350.000 3.780
2355.000 2.997
2360.000 2.428
2365.000 2.007
2370.000 1.686
2375.000 1.434
2380.000 1.238
2385.000 1.083
2390.000 0.957
2395.000 0.852
2400.000 0.763
2405.000 0.689
2410.000 0.653
2415.000 0.596
2420.000 0.543
2425.000 0.498
2430.000 0.458
2435.000 0.425
2440.000 0.392
2445.000 0.365
2450.000 0.339
2455.000 0.315
2460.000 0.299
2465.000 0.278
2470.000 0.261
2475.000 0.253
2480.000 0.239
2485.000 0.224
2490.000 0.211
2495.000 0.202
2500.000 0.191
2505.000 0.182
2510.000 0.179
2515.000 0.172
2520.000 0.167
2525.000 0.161
2530.000 0.161
2535.000 0.157
2540.000 0.155
2545.000 0.154
2550.000 0.151
2555.000 0.151
2560.000 0.152
2565.000 0.155
2570.000 0.156
2575.000 0.158
2580.000 0.161
2585.000 0.164
2590.000 0.165
2595.000 0.168
2600.000 0.171
2605.000 0.173
2610.000 0.177
2615.000 0.181
2620.000 0.184
2625.000 0.192
2630.000 0.196
2635.000 0.202
2640.000 0.207
2645.000 0.211
2650.000 0.216
2655.000 0.220
2660.000 0.223
2665.000 0.230
2670.000 0.234
2675.000 0.241
2680.000 0.246
2685.000 0.254
2690.000 0.258
2695.000 0.263
2700.000 0.271
2705.000 0.276
2710.000 0.285
2715.000 0.289
2720.000 0.298
2725.000 0.304
2730.000 0.310
2735.000 0.315
2740.000 0.326
2745.000 0.332
2750.000 0.340
2755.000 0.349
2760.000 0.355
2765.000 0.364
2770.000 0.370
2775.000 0.381
2780.000 0.387
2785.000 0.395
2790.000 0.403
2795.000 0.412
2800.000 0.420
2805.000 0.428
2810.000 0.439
2815.000 0.448
2820.000 0.454
2825.000 0.463
2830.000 0.476
2835.000 0.479
2840.000 0.489
2845.000 0.498
2850.000 0.508
2855.000 0.519
2860.000 0.526
2865.000 0.536
2870.000 0.542
2875.000 0.546
2880.000 0.552
2885.000 0.557
2890.000 0.569
2895.000 0.570
2900.000 0.579
2905.000 0.582
2910.000 0.588
2915.000 0.594
2920.000 0.597
2925.000 0.606
2930.000 0.608
2935.000 0.613
2940.000 0.619
2945.000 0.622
2950.000 0.628
2955.000 0.630
2960.000 0.636
2965.000 0.636
2970.000 0.630
2975.000 0.637
2980.000 0.640
2985.000 0.641
2990.000 0.634
2995.000 0.637
3000.000 0.652
3005.000 0.638
3010.000 0.643
3015.000 0.642
3020.000 0.652
3025.000 0.659
3030.000 0.655
3035.000 0.650
3040.000 0.645
3045.000 0.649
3050.000 0.657
3055.000 0.656
3060.000 0.657
3065.000 0.651
3070.000 0.653
3075.000 0.653
3080.000 0.651
3085.000 0.658
3090.000 0.658
3095.000 0.661
3100.000 0.659
3105.000 0.655
3110.000 0.660
3115.000 0.659
3120.000 0.659
3125.000 0.660
3130.000 0.656
3135.000 0.661
3140.000 0.663
3145.000 0.662
3150.000 0.663
3155.000 0.667
3160.000 0.665
3165.000 0.674
3170.000 0.674
3175.000 0.673
3180.000 0.675
3185.000 0.675
3190.000 0.677
3195.000 0.680
3200.000 0.682
3205.000 0.683
3210.000 0.685
3215.000 0.687
3220.000 0.688
3225.000 0.688
3230.000 0.693
3235.000 0.695
3240.000 0.699
3245.000 0.698
3250.000 0.702
3255.000 0.704
3260.000 0.707
3265.000 0.711
3270.000 0.714
3275.000 0.718
3280.000 0.723
3285.000 0.727
3290.000 0.730
3295.000 0.736
3300.000 0.741
3305.000 0.743
3310.000 0.750
3315.000 0.754
3320.000 0.757
3325.000 0.763
3330.000 0.769
3335.000 0.774
3340.000 0.781
3345.000 0.792
3350.000 0.795
3355.000 0.803
3360.000 0.810
3365.000 0.818
3370.000 0.826
3375.000 0.841
3380.000 0.848
3385.000 0.854
3390.000 0.864
3395.000 0.874
3400.000 0.893
3405.000 0.913
3410.000 0.918
3415.000 0.929
3420.000 0.941
3425.000 0.956
3430.000 0.974
3435.000 0.990
3440.000 1.009
3445.000 1.018
3450.000 1.038
3455.000 1.059
3460.000 1.085
3465.000 1.110
3470.000 1.136
3475.000 1.167
3480.000 1.195
3485.000 1.228
3490.000 1.263
3495.000 1.284
3500.000 1.315
3505.000 1.333
3510.000 1.360
3515.000 1.392
3520.000 1.423
3525.000 1.456
3530.000 1.491
3535.000 1.531
3540.000 1.578
3545.000 1.617
3550.000 1.661
3555.000 1.713
3560.000 1.768
3565.000 1.796
3570.000 1.856
3575.000 1.920
3580.000 1.993
3585.000 2.072
3590.000 2.159
3595.000 2.246
3600.000 2.343
3605.000 2.458
3610.000 2.569
3615.000 2.704
3620.000 2.857
3625.000 2.943
3630.000 3.116
3635.000 3.310
3640.000 3.546
3645.000 3.832
3650.000 4.178
3655.000 4.636
3660.000 5.216
3665.000 6.006
3670.000 7.124
3675.000 8.731
3680.000 11.153
3685.000 14.795
3690.000 17.268
3695.000 23.499
3700.000 31.171
3705.000 39.480
3710.000 47.096
3715.000 51.309
3720.000 41.165
3725.000 24.238
3730.000 16.573
3735.000 11.927
3740.000 9.152
3745.000 7.337
3750.000 6.661
3755.000 5.533
3760.000 4.725
3765.000 4.098
3770.000 3.605
3775.000 3.211
3780.000 2.888
3785.000 2.623
3790.000 2.400
3795.000 2.211
3800.000 2.054
3805.000 1.983
3810.000 1.851
3815.000 1.746
3820.000 1.650
3825.000 1.561
3830.000 1.490
3835.000 1.421
3840.000 1.360
3845.000 1.302
3850.000 1.254
3855.000 1.209
3860.000 1.166
3865.000 1.128
3870.000 1.110
3875.000 1.075
3880.000 1.044
3885.000 1.013
3890.000 0.985
3895.000 0.958
3900.000 0.936
3905.000 0.912
3910.000 0.890
3915.000 0.869
3920.000 0.850
3925.000 0.832
3930.000 0.824
3935.000 0.808
3940.000 0.790
3945.000 0.775
3950.000 0.759
3955.000 0.750
3960.000 0.737
3965.000 0.725
3970.000 0.707
3975.000 0.696
3980.000 0.683
3985.000 0.683
3990.000 0.665
3995.000 0.662
4000.000 0.647
4005.000 0.648
4010.000 0.641
4015.000 0.627
4020.000 0.624
4025.000 0.612
4030.000 0.609
4035.000 0.593
4040.000 0.586
4045.000 0.583
4050.000 0.584
4055.000 0.573
4060.000 0.567
4065.000 0.566
4070.000 0.557
4075.000 0.550
4080.000 0.544
4085.000 0.535
4090.000 0.529
4095.000 0.524
4100.000 0.515
4105.000 0.510
4110.000 0.503
4115.000 0.502
4120.000 0.494
4125.000 0.488
4130.000 0.480
4135.000 0.475
4140.000 0.470
4145.000 0.465
4150.000 0.459
4155.000 0.452
4160.000 0.448
4165.000 0.441
4170.000 0.436
4175.000 0.433
4180.000 0.428
4185.000 0.425
4190.000 0.417
4195.000 0.416
4200.000 0.411
4205.000 0.407
4210.000 0.405
4215.000 0.405
4220.000 0.404
4225.000 0.402
4230.000 0.404
4235.000 0.404
4240.000 0.403
4245.000 0.405
4250.000 0.405
4255.000 0.406
4260.000 0.408
4265.000 0.409
4270.000 0.408
4275.000 0.409
4280.000 0.411
4285.000 0.410
4290.000 0.412
4295.000 0.412
4300.000 0.410
4305.000 0.413
4310.000 0.410
4315.000 0.411
4320.000 0.413
4325.000 0.413
4330.000 0.413
4335.000 0.412
4340.000 0.414
4345.000 0.412
4350.000 0.412
4355.000 0.413
4360.000 0.413
4365.000 0.413
4370.000 0.415
4375.000 0.413
4380.000 0.417
4385.000 0.416
4390.000 0.417
4395.000 0.417
4400.000 0.417
4405.000 0.417
4410.000 0.418
4415.000 0.420
4420.000 0.418
4425.000 0.428
4430.000 0.426
4435.000 0.423
4440.000 0.423
4445.000 0.422
4450.000 0.421
4455.000 0.422
4460.000 0.424
4465.000 0.424
4470.000 0.426
4475.000 0.427
4480.000 0.427
4485.000 0.428
4490.000 0.429
4495.000 0.432
4500.000 0.433
4505.000 0.432
4510.000 0.435
4515.000 0.435
4520.000 0.438
4525.000 0.441
4530.000 0.444
4535.000 0.444
4540.000 0.447
4545.000 0.448
4550.000 0.450
4555.000 0.451
4560.000 0.453
4565.000 0.455
4570.000 0.458
4575.000 0.462
4580.000 0.463
4585.000 0.467
4590.000 0.469
4595.000 0.471
4600.000 0.474
4605.000 0.477
4610.000 0.480
4615.000 0.482
4620.000 0.487
4625.000 0.489
4630.000 0.493
4635.000 0.498
4640.000 0.504
4645.000 0.506
4650.000 0.511
4655.000 0.517
4660.000 0.519
4665.000 0.522
4670.000 0.530
4675.000 0.535
4680.000 0.543
4685.000 0.547
4690.000 0.552
4695.000 0.560
4700.000 0.567
4705.000 0.573
4710.000 0.583
4715.000 0.591
4720.000 0.601
4725.000 0.606
4730.000 0.616
4735.000 0.627
4740.000 0.635
4745.000 0.648
4750.000 0.659
4755.000 0.672
4760.000 0.687
4765.000 0.704
4770.000 0.720
4775.000 0.738
4780.000 0.746
4785.000 0.764
4790.000 0.786
4795.000 0.807
4800.000 0.835
4805.000 0.863
4810.000 0.892
4815.000 0.928
4820.000 0.964
4825.000 1.005
4830.000 1.053
4835.000 1.104
4840.000 1.136
4845.000 1.197
4850.000 1.241
4855.000 1.282
4860.000 1.323
4865.000 1.370
4870.000 1.425
4875.000 1.484
4880.000 1.543
4885.000 1.618
4890.000 1.696
4895.000 1.783
4900.000 1.893
4905.000 1.962
4910.000 2.095
4915.000 2.254
4920.000 2.392
4925.000 2.551
4930.000 2.739
4935.000 2.969
4940.000 3.281
4945.000 3.679
4950.000 4.154
4955.000 4.731
4960.000 5.500
4965.000 6.504
4970.000 7.081
4975.000 8.276
4980.000 9.325
4985.000 17.502
4990.000 35.983
4995.000 34.284
5000.000 40.115
5005.000 40.375
5010.000 27.653
5015.000 18.379
5020.000 12.885
5025.000 11.093
5030.000 8.328
5035.000 6.618
5040.000 5.424
5045.000 4.601
5050.000 3.997
5055.000 3.519
5060.000 3.135
5065.000 2.822
5070.000 2.568
5075.000 2.353
5080.000 2.174
5085.000 2.099
5090.000 1.960
5095.000 1.840
5100.000 1.732
5105.000 1.637
5110.000 1.553
5115.000 1.483
5120.000 1.418
5125.000 1.362
5130.000 1.310
5135.000 1.263
5140.000 1.218
5145.000 1.181
5150.000 1.163
5155.000 1.128
5160.000 1.098
5165.000 1.070
5170.000 1.044
5175.000 1.017
5180.000 0.994
5185.000 0.973
5190.000 0.954
5195.000 0.936
5200.000 0.916
5205.000 0.902
5210.000 0.895
5215.000 0.878
5220.000 0.865
5225.000 0.853
5230.000 0.840
5235.000 0.827
5240.000 0.818
5245.000 0.809
5250.000 0.802
5255.000 0.792
5260.000 0.788
5265.000 0.783
5270.000 0.776
5275.000 0.771
5280.000 0.766
5285.000 0.762
5290.000 0.758
5295.000 0.753
5300.000 0.751
5305.000 0.749
5310.000 0.746
5315.000 0.742
5320.000 0.741
5325.000 0.739
5330.000 0.739
5335.000 0.738
5340.000 0.736
5345.000 0.735
5350.000 0.734
5355.000 0.733
5360.000 0.734
5365.000 0.732
5370.000 0.732
5375.000 0.730
5380.000 0.733
5385.000 0.730
5390.000 0.731
5395.000 0.732
5400.000 0.731
5405.000 0.733
5410.000 0.733
5415.000 0.733
5420.000 0.731
5425.000 0.735
5430.000 0.732
5435.000 0.731
5440.000 0.731
5445.000 0.729
5450.000 0.729
5455.000 0.727
5460.000 0.727
5465.000 0.724
5470.000 0.723
5475.000 0.724
5480.000 0.723
5485.000 0.722
5490.000 0.722
5495.000 0.723
5500.000 0.722
5505.000 0.720
5510.000 0.721
5515.000 0.721
5520.000 0.722
5525.000 0.727
5530.000 0.731
5535.000 0.725
5540.000 0.719
5545.000 0.719
5550.000 0.718
5555.000 0.717
5560.000 0.719
5565.000 0.718
5570.000 0.718
5575.000 0.717
5580.000 0.716
5585.000 0.717
5590.000 0.718
5595.000 0.719
5600.000 0.717
5605.000 0.718
5610.000 0.718
5615.000 0.720
5620.000 0.720
5625.000 0.720
5630.000 0.723
5635.000 0.724
5640.000 0.723
5645.000 0.725
5650.000 0.727
5655.000 0.731
5660.000 0.731
5665.000 0.731
5670.000 0.732
5675.000 0.735
5680.000 0.737
5685.000 0.740
5690.000 0.740
5695.000 0.742
5700.000 0.743
5705.000 0.748
5710.000 0.749
5715.000 0.750
5720.000 0.758
5725.000 0.760
5730.000 0.761
5735.000 0.764
5740.000 0.766
5745.000 0.770
5750.000 0.774
5755.000 0.776
5760.000 0.780
5765.000 0.787
5770.000 0.790
5775.000 0.797
5780.000 0.801
5785.000 0.808
5790.000 0.810
5795.000 0.816
5800.000 0.822
5805.000 0.826
5810.000 0.830
5815.000 0.836
5820.000 0.841
5825.000 0.852
5830.000 0.858
5835.000 0.867
5840.000 0.875
5845.000 0.882
5850.000 0.892
5855.000 0.901
5860.000 0.911
5865.000 0.922
5870.000 0.931
5875.000 0.942
5880.000 0.950
5885.000 0.961
5890.000 0.980
5895.000 0.988
5900.000 1.002
5905.000 1.017
5910.000 1.033
5915.000 1.052
5920.000 1.067
5925.000 1.085
5930.000 1.105
5935.000 1.127
5940.000 1.138
5945.000 1.160
5950.000 1.187
5955.000 1.221
5960.000 1.246
5965.000 1.285
5970.000 1.306
5975.000 1.348
5980.000 1.389
5985.000 1.420
5990.000 1.466
5995.000 1.490
6000.000 1.518
6005.000 1.538
6010.000 1.561
6015.000 1.606
6020.000 1.617
6025.000 1.654
6030.000 1.684
6035.000 1.727
6040.000 1.760
6045.000 1.793
6050.000 1.829
6055.000 1.870
6060.000 1.902
6065.000 1.944
6070.000 1.998
6075.000 2.052
6080.000 2.106
6085.000 2.174
6090.000 2.230
6095.000 2.302
6100.000 2.378
6105.000 2.457
6110.000 2.547
6115.000 2.627
6120.000 2.675
6125.000 2.777
6130.000 2.874
6135.000 2.991
6140.000 3.117
6145.000 3.257
6150.000 3.417
6155.000 3.588
6160.000 3.782
6165.000 3.998
6170.000 4.242
6175.000 4.521
6180.000 4.856
6185.000 5.053
6190.000 5.516
6195.000 6.117
6200.000 6.902
6205.000 7.979
6210.000 9.454
6215.000 11.582
6220.000 14.678
6225.000 19.121
6230.000 25.478
6235.000 32.596
6240.000 36.166
6245.000 42.265
6250.000 44.442
6255.000 37.399
6260.000 25.027
6265.000 17.326
6270.000 12.713
6275.000 9.886
6280.000 8.057
6285.000 6.817
6290.000 5.942
6295.000 5.357
6300.000 5.189
6305.000 4.916
6310.000 4.542
6315.000 4.167
6320.000 3.794
6325.000 3.477
6330.000 3.197
6335.000 2.954
6340.000 2.742
6345.000 2.560
6350.000 2.405
6355.000 2.266
6360.000 2.143
6365.000 2.085
6370.000 1.987
6375.000 1.894
6380.000 1.812
6385.000 1.741
6390.000 1.675
6395.000 1.616
6400.000 1.563
6405.000 1.513
6410.000 1.469
6415.000 1.430
6420.000 1.393
6425.000 1.374
6430.000 1.343
6435.000 1.316
6440.000 1.288
6445.000 1.262
6450.000 1.242
6455.000 1.222
6460.000 1.204
6465.000 1.190
6470.000 1.176
6475.000 1.164
6480.000 1.159
6485.000 1.153
6490.000 1.148
6495.000 1.146
6500.000 1.148
6505.000 1.152
6510.000 1.161
6515.000 1.173
6520.000 1.192
6525.000 1.218
6530.000 1.253
6535.000 1.300
6540.000 1.364
6545.000 1.404
6550.000 1.508
6555.000 1.663
6560.000 1.905
6565.000 2.336
6570.000 3.234
6575.000 5.615
6580.000 12.243
6585.000 20.696
6590.000 20.838
6595.000 3.247
6600.000 1.069
6605.000 2.758
6610.000 0.912
6615.000 0.717
6620.000 0.486
6625.000 0.365
6630.000 0.309
6635.000 0.277
6640.000 0.265
6645.000 0.259
6650.000 0.265
6655.000 0.268
6660.000 0.273
6665.000 0.278
6670.000 0.281
6675.000 0.286
6680.000 0.290
6685.000 0.293
6690.000 0.298
6695.000 0.302
6700.000 0.304
6705.000 0.308
6710.000 0.314
6715.000 0.315
6720.000 0.318
6725.000 0.319
6730.000 0.321
6735.000 0.325
6740.000 0.326
6745.000 0.329
6750.000 0.330
6755.000 0.332
6760.000 0.333
6765.000 0.333
6770.000 0.336
6775.000 0.336
6780.000 0.335
6785.000 0.339
6790.000 0.339
6795.000 0.339
6800.000 0.342
6805.000 0.340
6810.000 0.344
6815.000 0.344
6820.000 0.345
6825.000 0.345
6830.000 0.347
6835.000 0.346
6840.000 0.348
6845.000 0.349
6850.000 0.350
6855.000 0.350
6860.000 0.352
6865.000 0.351
6870.000 0.355
6875.000 0.354
6880.000 0.356
6885.000 0.357
6890.000 0.358
6895.000 0.360
6900.000 0.359
6905.000 0.363
6910.000 0.363
6915.000 0.366
6920.000 0.368
6925.000 0.370
6930.000 0.369
6935.000 0.373
6940.000 0.372
6945.000 0.373
6950.000 0.376
6955.000 0.382
6960.000 0.385
6965.000 0.386
6970.000 0.388
6975.000 0.387
6980.000 0.391
6985.000 0.399
6990.000 0.395
6995.000 0.396
7000.000 0.407
7005.000 0.402
7010.000 0.405
7015.000 0.413
7020.000 0.411
7025.000 0.416
7030.000 0.424
7035.000 0.423
7040.000 0.429
7045.000 0.432
7050.000 0.441
7055.000 0.441
7060.000 0.448
7065.000 0.458
7070.000 0.459
7075.000 0.467
7080.000 0.472
7085.000 0.480
7090.000 0.486
7095.000 0.489
7100.000 0.497
7105.000 0.505
7110.000 0.513
7115.000 0.525
7120.000 0.531
7125.000 0.541
7130.000 0.552
7135.000 0.562
7140.000 0.570
7145.000 0.581
7150.000 0.588
7155.000 0.593
7160.000 0.601
7165.000 0.614
7170.000 0.629
7175.000 0.636
7180.000 0.648
7185.000 0.662
7190.000 0.676
7195.000 0.689
7200.000 0.704
7205.000 0.719
7210.000 0.738
7215.000 0.754
7220.000 0.763
7225.000 0.784
7230.000 0.804
7235.000 0.825
7240.000 0.850
7245.000 0.875
7250.000 0.902
7255.000 0.928
7260.000 0.961
7265.000 0.992
7270.000 1.029
7275.000 1.048
7280.000 1.091
7285.000 1.136
7290.000 1.185
7295.000 1.241
7300.000 1.304
7305.000 1.376
7310.000 1.458
7315.000 1.547
7320.000 1.656
7325.000 1.773
7330.000 1.866
7335.000 1.914
7340.000 2.009
7345.000 2.124
7350.000 2.279
7355.000 2.446
7360.000 2.714
7365.000 2.870
7370.000 3.039
7375.000 3.211
7380.000 3.409
7385.000 3.649
7390.000 3.949
7395.000 4.303
7400.000 4.515
7405.000 5.022
7410.000 5.665
7415.000 6.492
7420.000 7.592
7425.000 9.077
7430.000 11.062
7435.000 13.766
7440.000 17.320
7445.000 21.669
7450.000 26.502
7455.000 31.210
7460.000 33.200
7465.000 35.348
7470.000 32.923
7475.000 25.746
7480.000 19.071
7485.000 14.292
7490.000 11.079
7495.000 8.973
7500.000 7.499
7505.000 6.413
7510.000 5.604
7515.000 5.292
7520.000 4.866
7525.000 4.559
7530.000 4.296
7535.000 4.061
7540.000 3.848
7545.000 3.661
7550.000 3.431
7555.000 3.206
7560.000 3.006
7565.000 2.832
7570.000 2.661
7575.000 2.504
7580.000 2.434
7585.000 2.305
7590.000 2.195
7595.000 2.102
7600.000 2.021
7605.000 1.945
7610.000 1.884
7615.000 1.828
7620.000 1.768
7625.000 1.709
7630.000 1.656
7635.000 1.609
7640.000 1.565
7645.000 1.544
7650.000 1.509
7655.000 1.472
7660.000 1.441
7665.000 1.414
7670.000 1.387
7675.000 1.362
7680.000 1.339
7685.000 1.315
7690.000 1.294
7695.000 1.275
7700.000 1.257
7705.000 1.247
7710.000 1.234
7715.000 1.216
7720.000 1.202
7725.000 1.190
7730.000 1.177
7735.000 1.164
7740.000 1.148
7745.000 1.141
7750.000 1.130
7755.000 1.122
7760.000 1.117
7765.000 1.110
7770.000 1.100
7775.000 1.095
7780.000 1.089
7785.000 1.080
7790.000 1.076
7795.000 1.070
7800.000 1.063
7805.000 1.058
7810.000 1.054
7815.000 1.051
7820.000 1.048
7825.000 1.047
7830.000 1.044
7835.000 1.042
7840.000 1.041
7845.000 1.041
7850.000 1.040
7855.000 1.038
7860.000 1.040
7865.000 1.041
7870.000 1.044
7875.000 1.043
7880.000 1.047
7885.000 1.049
7890.000 1.052
7895.000 1.056
7900.000 1.062
7905.000 1.068
7910.000 1.074
7915.000 1.082
7920.000 1.088
7925.000 1.099
7930.000 1.110
7935.000 1.121
7940.000 1.135
7945.000 1.152
7950.000 1.157
7955.000 1.178
7960.000 1.192
7965.000 1.217
7970.000 1.249
7975.000 1.274
7980.000 1.309
7985.000 1.337
7990.000 1.372
7995.000 1.413
8000.000 1.444
8005.000 1.473
8010.000 1.537
8015.000 1.603
8020.000 1.699
8025.000 1.813
8030.000 1.965
8035.000 2.139
8040.000 2.410
8045.000 2.741
8050.000 3.251
8055.000 4.120
8060.000 5.877
8065.000 7.370
8070.000 12.306
8075.000 18.581
8080.000 20.696
8085.000 7.926
8090.000 3.772
8095.000 1.816
8100.000 1.194
8105.000 0.676
8110.000 0.451
8115.000 0.298
8120.000 0.238
8125.000 0.227
8130.000 0.235
8135.000 0.261
8140.000 0.291
8145.000 0.320
8150.000 0.347
8155.000 0.371
8160.000 0.392
8165.000 0.412
8170.000 0.431
8175.000 0.449
8180.000 0.466
8185.000 0.480
8190.000 0.491
8195.000 0.505
8200.000 0.519
8205.000 0.535
8210.000 0.549
8215.000 0.564
8220.000 0.580
8225.000 0.593
8230.000 0.606
8235.000 0.619
8240.000 0.635
8245.000 0.640
8250.000 0.654
8255.000 0.667
8260.000 0.682
8265.000 0.695
8270.000 0.709
8275.000 0.722
8280.000 0.734
8285.000 0.750
8290.000 0.765
8295.000 0.779
8300.000 0.795
8305.000 0.810
8310.000 0.818
8315.000 0.836
8320.000 0.852
8325.000 0.870
8330.000 0.892
8335.000 0.912
8340.000 0.932
8345.000 0.957
8350.000 0.981
8355.000 1.006
8360.000 1.026
8365.000 1.046
8370.000 1.057
8375.000 1.077
8380.000 1.099
8385.000 1.123
8390.000 1.144
8395.000 1.172
8400.000 1.200
8405.000 1.226
8410.000 1.255
8415.000 1.288
8420.000 1.327
8425.000 1.359
8430.000 1.404
8435.000 1.429
8440.000 1.473
8445.000 1.521
8450.000 1.575
8455.000 1.625
8460.000 1.673
8465.000 1.715
8470.000 1.758
8475.000 1.806
8480.000 1.854
8485.000 1.909
8490.000 1.934
8495.000 1.998
8500.000 2.062
8505.000 2.137
8510.000 2.220
8515.000 2.306
8520.000 2.414
8525.000 2.535
8530.000 2.686
8535.000 2.871
8540.000 3.140
8545.000 3.611
8550.000 4.554
8555.000 5.380
8560.000 7.514
8565.000 5.540
8570.000 2.993
8575.000 1.989
8580.000 3.086
8585.000 3.529
8590.000 3.973
8595.000 4.445
8600.000 4.981
8605.000 5.640
8610.000 6.415
8615.000 6.867
8620.000 7.945
8625.000 9.304
8630.000 11.032
8635.000 13.151
8640.000 15.708
8645.000 18.613
8650.000 21.613
8655.000 24.262
8660.000 25.703
8665.000 25.101
8670.000 21.500
8675.000 16.922
8680.000 14.870
8685.000 11.456
8690.000 8.979
8695.000 7.239
8700.000 6.000
8705.000 5.110
8710.000 4.548
8715.000 4.186
8720.000 3.896
8725.000 3.635
8730.000 3.396
8735.000 3.294
8740.000 3.103
8745.000 2.925
8750.000 2.763
8755.000 2.618
8760.000 2.455
8765.000 2.300
8770.000 2.156
8775.000 2.022
8780.000 1.886
8785.000 1.761
8790.000 1.657
8795.000 1.604
8800.000 1.515
8805.000 1.435
8810.000 1.361
8815.000 1.299
8820.000 1.236
8825.000 1.198
8830.000 1.126
8835.000 1.102
8840.000 1.058
8845.000 1.014
8850.000 0.981
8855.000 0.947
8860.000 0.932
8865.000 0.903
8870.000 0.877
8875.000 0.851
8880.000 0.828
8885.000 0.806
8890.000 0.787
8895.000 0.769
8900.000 0.752
8905.000 0.734
8910.000 0.715
8915.000 0.695
8920.000 0.687
8925.000 0.670
8930.000 0.653
8935.000 0.639
8940.000 0.625
8945.000 0.613
8950.000 0.600
8955.000 0.586
8960.000 0.574
8965.000 0.566
8970.000 0.555
8975.000 0.554
8980.000 0.542
8985.000 0.530
8990.000 0.525
8995.000 0.518
9000.000 0.507
9005.000 0.504
9010.000 0.497
9015.000 0.484
9020.000 0.482
9025.000 0.475
9030.000 0.468
9035.000 0.460
9040.000 0.456
9045.000 0.451
9050.000 0.451
9055.000 0.444
9060.000 0.441
9065.000 0.438
9070.000 0.433
9075.000 0.428
9080.000 0.422
9085.000 0.420
9090.000 0.416
9095.000 0.411
9100.000 0.411
9105.000 0.409
9110.000 0.403
9115.000 0.402
9120.000 0.400
9125.000 0.396
9130.000 0.395
9135.000 0.394
9140.000 0.393
9145.000 0.392
9150.000 0.391
9155.000 0.390
9160.000 0.387
9165.000 0.387
9170.000 0.385
9175.000 0.386
9180.000 0.386
9185.000 0.386
9190.000 0.386
9195.000 0.386
9200.000 0.388
9205.000 0.389
9210.000 0.391
9215.000 0.391
9220.000 0.392
9225.000 0.395
9230.000 0.395
9235.000 0.398
9240.000 0.401
9245.000 0.403
9250.000 0.407
9255.000 0.408
9260.000 0.413
9265.000 0.417
9270.000 0.420
9275.000 0.425
9280.000 0.428
9285.000 0.434
9290.000 0.440
9295.000 0.447
9300.000 0.450
9305.000 0.459
9310.000 0.467
9315.000 0.477
9320.000 0.486
9325.000 0.494
9330.000 0.504
9335.000 0.516
9340.000 0.530
9345.000 0.536
9350.000 0.550
9355.000 0.567
9360.000 0.586
9365.000 0.605
9370.000 0.626
9375.000 0.654
9380.000 0.680
9385.000 0.707
9390.000 0.743
9395.000 0.777
9400.000 0.810
9405.000 0.840
9410.000 0.862
9415.000 0.906
9420.000 0.953
9425.000 1.009
9430.000 1.076
9435.000 1.158
9440.000 1.257
9445.000 1.384
9450.000 1.551
9455.000 1.721
9460.000 1.946
9465.000 2.095
9470.000 2.511
9475.000 3.174
9480.000 4.292
9485.000 6.229
9490.000 9.346
9495.000 13.741
9500.000 18.909
9505.000 20.435
9510.000 9.537
9515.000 5.670
9520.000 3.454
9525.000 2.724
9530.000 1.939
9535.000 1.437
9540.000 1.088
9545.000 0.845
9550.000 0.665
9555.000 0.526
9560.000 0.418
9565.000 0.331
9570.000 0.258
9575.000 0.196
9580.000 0.144
9585.000 0.094
9590.000 0.071
9595.000 0.033
9600.000 0.008
9605.000 0.043
9610.000 0.078
9615.000 0.109
9620.000 0.140
9625.000 0.173
9630.000 0.203
9635.000 0.233
9640.000 0.263
9645.000 0.294
9650.000 0.310
9655.000 0.342
9660.000 0.375
9665.000 0.408
9670.000 0.442
9675.000 0.477
9680.000 0.517
9685.000 0.558
9690.000 0.603
9695.000 0.653
9700.000 0.703
9705.000 0.733
9710.000 0.791
9715.000 0.859
9720.000 0.937
9725.000 1.029
9730.000 1.139
9735.000 1.269
9740.000 1.430
9745.000 1.635
9750.000 1.836
9755.000 2.054
9760.000 2.316
9765.000 2.637
9770.000 2.820
9775.000 3.253
9780.000 3.764
9785.000 4.363
9790.000 5.070
9795.000 5.876
9800.000 6.835
9805.000 7.982
9810.000 9.315
9815.000 10.962
9820.000 12.874
9825.000 14.955
9830.000 16.021
9835.000 17.990
9840.000 19.326
9845.000 19.495
9850.000 18.132
9855.000 15.611
9860.000 12.991
9865.000 10.662
9870.000 8.703
9875.000 7.201
9880.000 6.062
9885.000 5.189
9890.000 4.525
9895.000 4.267
9900.000 3.874
9905.000 3.582
9910.000 3.380
9915.000 3.207
9920.000 3.057
9925.000 2.920
9930.000 2.794
9935.000 2.673
9940.000 2.567
9945.000 2.469
9950.000 2.426
9955.000 2.335
9960.000 2.261
9965.000 2.185
9970.000 2.113
9975.000 2.059
9980.000 2.002
9985.000 1.954
9990.000 1.898
9995.000 1.858
10000.000 1.818
10005.000 1.761
10010.000 1.741
10015.000 1.703
10020.000 1.650
10025.000 1.617
10030.000 1.572
10035.000 1.546
10040.000 1.509
10045.000 1.480
10050.000 1.446
10055.000 1.412
10060.000 1.385
10065.000 1.353
10070.000 1.321
10075.000 1.312
10080.000 1.284
10085.000 1.262
10090.000 1.240
10095.000 1.214
10100.000 1.195
10105.000 1.175
10110.000 1.156
10115.000 1.139
10120.000 1.123
10125.000 1.106
10130.000 1.087
10135.000 1.079
10140.000 1.071
10145.000 1.054
10150.000 1.027
10155.000 0.991
10160.000 0.937
10165.000 0.871
10170.000 0.798
10175.000 0.713
10180.000 0.598
10185.000 0.448
10190.000 0.447
10195.000 0.776
10200.000 3.533
10205.000 4.859
10210.000 4.462
10215.000 2.628
10220.000 2.266
10225.000 2.037
10230.000 1.757
10235.000 1.603
10240.000 1.505
10245.000 1.432
10250.000 1.376
10255.000 1.354
10260.000 1.297
10265.000 1.242
10270.000 1.208
10275.000 1.189
10280.000 1.176
10285.000 1.166
10290.000 1.159
10295.000 1.151
10300.000 1.142
10305.000 1.133
10310.000 1.129
10315.000 1.122
10320.000 1.122
10325.000 1.113
10330.000 1.111
10335.000 1.101
10340.000 1.099
10345.000 1.096
10350.000 1.094
10355.000 1.087
10360.000 1.083
10365.000 1.085
10370.000 1.077
10375.000 1.079
10380.000 1.075
10385.000 1.081
10390.000 1.078
10395.000 1.081
10400.000 1.077
10405.000 1.075
10410.000 1.073
10415.000 1.074
10420.000 1.075
10425.000 1.076
10430.000 1.076
10435.000 1.074
10440.000 1.076
10445.000 1.077
10450.000 1.077
10455.000 1.077
10460.000 1.081
10465.000 1.082
10470.000 1.087
10475.000 1.093
10480.000 1.103
10485.000 1.116
10490.000 1.110
10495.000 1.102
10500.000 1.101
10505.000 1.099
10510.000 1.102
10515.000 1.106
10520.000 1.111
10525.000 1.110
10530.000 1.121
10535.000 1.125
10540.000 1.143
10545.000 1.157
10550.000 1.162
10555.000 1.162
10560.000 1.161
10565.000 1.154
10570.000 1.164
10575.000 1.166
10580.000 1.176
10585.000 1.179
10590.000 1.184
10595.000 1.188
10600.000 1.197
10605.000 1.205
10610.000 1.210
10615.000 1.212
10620.000 1.220
10625.000 1.228
10630.000 1.236
10635.000 1.244
10640.000 1.252
10645.000 1.267
10650.000 1.283
10655.000 1.288
10660.000 1.304
10665.000 1.314
10670.000 1.327
10675.000 1.349
10680.000 1.364
10685.000 1.369
10690.000 1.388
10695.000 1.404
10700.000 1.429
10705.000 1.448
10710.000 1.463
10715.000 1.485
10720.000 1.508
10725.000 1.531
10730.000 1.552
10735.000 1.580
10740.000 1.591
10745.000 1.618
10750.000 1.656
10755.000 1.686
10760.000 1.722
10765.000 1.766
10770.000 1.816
10775.000 1.858
10780.000 1.919
10785.000 1.973
10790.000 2.045
10795.000 2.109
10800.000 2.188
10805.000 2.230
10810.000 2.327
10815.000 2.442
10820.000 2.566
10825.000 2.728
10830.000 2.903
10835.000 3.128
10840.000 3.431
10845.000 3.853
10850.000 4.443
10855.000 5.326
10860.000 6.628
10865.000 7.473
10870.000 9.455
10875.000 11.103
10880.000 10.700
10885.000 7.788
10890.000 4.812
10895.000 3.037
10900.000 1.969
10905.000 1.264
10910.000 0.779
10915.000 0.436
10920.000 0.200
10925.000 0.180
10930.000 0.246
10935.000 0.413
10940.000 0.569
10945.000 0.724
10950.000 0.933
10955.000 1.242
10960.000 1.668
10965.000 2.252
10970.000 2.983
10975.000 3.817
10980.000 4.675
10985.000 5.101
10990.000 5.991
10995.000 6.905
11000.000 7.865
11005.000 8.833
11010.000 9.693
11015.000 10.255
11020.000 10.282
11025.000 9.789
11030.000 8.899
11035.000 7.962
11040.000 7.037
11045.000 6.608
11050.000 5.792
11055.000 5.064
11060.000 4.372
11065.000 3.723
11070.000 3.142
11075.000 2.650
11080.000 2.242
11085.000 1.913
11090.000 1.660
11095.000 1.477
11100.000 1.339
11105.000 1.236
11110.000 1.198
11115.000 1.129
11120.000 1.070
11125.000 1.008
11130.000 0.936
11135.000 0.871
11140.000 0.813
11145.000 0.762
11150.000 0.714
11155.000 0.671
11160.000 0.633
11165.000 0.600
11170.000 0.570
11175.000 0.556
11180.000 0.530
11185.000 0.505
11190.000 0.483
11195.000 0.461
11200.000 0.443
11205.000 0.425
11210.000 0.410
11215.000 0.394
11220.000 0.379
11225.000 0.366
11230.000 0.360
11235.000 0.347
11240.000 0.335
11245.000 0.326
11250.000 0.316
11255.000 0.306
11260.000 0.296
11265.000 0.286
11270.000 0.278
11275.000 0.270
11280.000 0.260
11285.000 0.252
11290.000 0.249
11295.000 0.243
11300.000 0.235
11305.000 0.229
11310.000 0.223
11315.000 0.217
11320.000 0.211
11325.000 0.205
11330.000 0.200
11335.000 0.196
11340.000 0.191
11345.000 0.191
11350.000 0.190
11355.000 0.191
11360.000 0.193
11365.000 0.188
11370.000 0.182
11375.000 0.175
11380.000 0.168
11385.000 0.161
11390.000 0.154
11395.000 0.149
11400.000 0.144
11405.000 0.139
11410.000 0.135
11415.000 0.133
11420.000 0.130
11425.000 0.127
11430.000 0.123
11435.000 0.120
11440.000 0.118
11445.000 0.114
11450.000 0.112
11455.000 0.109
11460.000 0.107
11465.000 0.106
11470.000 0.104
11475.000 0.103
11480.000 0.101
11485.000 0.099
11490.000 0.097
11495.000 0.096
11500.000 0.094
11505.000 0.094
11510.000 0.093
11515.000 0.096
11520.000 0.091
11525.000 0.090
11530.000 0.089
11535.000 0.088
11540.000 0.086
11545.000 0.084
11550.000 0.085
11555.000 0.083
11560.000 0.082
11565.000 0.081
11570.000 0.080
11575.000 0.080
11580.000 0.079
11585.000 0.077
11590.000 0.076
11595.000 0.078
11600.000 0.077
11605.000 0.077
11610.000 0.078
11615.000 0.077
11620.000 0.075
11625.000 0.074
11630.000 0.074
11635.000 0.072
11640.000 0.073
11645.000 0.072
11650.000 0.068
11655.000 0.071
11660.000 0.070
11665.000 0.070
11670.000 0.067
11675.000 0.068
11680.000 0.068
11685.000 0.067
11690.000 0.068
11695.000 0.069
11700.000 0.076
11705.000 0.082
11710.000 0.092
11715.000 0.103
11720.000 0.128
11725.000 0.171
11730.000 0.243
11735.000 0.389
11740.000 0.814
11745.000 1.838
11750.000 3.106
11755.000 3.200
11760.000 1.454
11765.000 1.258
11770.000 0.949
11775.000 0.832
11780.000 0.695
11785.000 0.591
11790.000 0.524
11795.000 0.474
11800.000 0.443
11805.000 0.419
11810.000 0.408
11815.000 0.402
11820.000 0.400
11825.000 0.397
11830.000 0.403
11835.000 0.397
11840.000 0.401
11845.000 0.408
11850.000 0.409
11855.000 0.415
11860.000 0.418
11865.000 0.426
11870.000 0.435
11875.000 0.440
11880.000 0.447
11885.000 0.459
11890.000 0.470
11895.000 0.481
11900.000 0.488
11905.000 0.498
11910.000 0.510
11915.000 0.524
11920.000 0.536
11925.000 0.552
11930.000 0.568
11935.000 0.586
11940.000 0.603
11945.000 0.626
11950.000 0.646
11955.000 0.660
11960.000 0.684
11965.000 0.710
11970.000 0.741
11975.000 0.781
11980.000 0.827
11985.000 0.848
11990.000 0.870
11995.000 0.900
12000.000 0.939
