105.000 0.050
110.000 1.981
115.000 2.679
120.000 2.894
125.000 3.244
130.000 3.312
135.000 3.522
140.000 3.636
145.000 3.586
150.000 3.493
155.000 3.613
160.000 3.508
165.000 3.584
170.000 3.369
175.000 3.429
180.000 3.253
185.000 3.296
190.000 3.322
195.000 3.298
200.000 3.477
205.000 3.589
210.000 3.575
215.000 3.654
220.000 3.755
225.000 3.754
230.000 3.882
235.000 3.844
240.000 4.005
245.000 4.059
250.000 3.991
255.000 4.096
260.000 4.115
265.000 4.155
270.000 4.216
275.000 4.154
280.000 4.139
285.000 4.110
290.000 4.123
295.000 4.138
300.000 4.112
305.000 4.184
310.000 4.229
315.000 4.275
320.000 4.428
325.000 4.569
330.000 4.694
335.000 4.872
340.000 5.108
345.000 5.284
350.000 5.490
355.000 5.745
360.000 6.046
365.000 6.304
370.000 6.665
375.000 6.845
380.000 7.181
385.000 7.533
390.000 7.886
395.000 8.231
400.000 8.532
405.000 9.091
410.000 9.086
415.000 9.137
420.000 8.890
425.000 8.580
430.000 8.299
435.000 7.763
440.000 6.848
445.000 6.019
450.000 5.222
455.000 4.476
460.000 3.798
465.000 3.250
470.000 2.887
475.000 2.564
480.000 2.326
485.000 2.166
490.000 2.111
495.000 1.975
500.000 1.857
505.000 1.748
510.000 1.671
515.000 1.581
520.000 1.542
525.000 1.424
530.000 1.367
535.000 1.295
540.000 1.235
545.000 1.174
550.000 1.121
555.000 1.085
560.000 1.023
565.000 0.966
570.000 0.912
575.000 0.876
580.000 0.832
585.000 0.803
590.000 0.764
595.000 0.738
600.000 0.703
605.000 0.688
610.000 0.660
615.000 0.653
620.000 0.630
625.000 0.610
630.000 0.593
635.000 0.580
640.000 0.565
645.000 0.542
650.000 0.537
655.000 0.525
660.000 0.512
665.000 0.492
670.000 0.488
675.000 0.489
680.000 0.473
685.000 0.465
690.000 0.464
695.000 0.454
700.000 0.437
705.000 0.441
710.000 0.429
715.000 0.423
720.000 0.411
725.000 0.408
730.000 0.410
735.000 0.403
740.000 0.399
745.000 0.385
750.000 0.379
755.000 0.373
760.000 0.377
765.000 0.368
770.000 0.369
775.000 0.366
780.000 0.359
785.000 0.365
790.000 0.358
795.000 0.362
800.000 0.352
805.000 0.353
810.000 0.352
815.000 0.340
820.000 0.339
825.000 0.340
830.000 0.335
835.000 0.331
840.000 0.329
845.000 0.329
850.000 0.332
855.000 0.331
860.000 0.330
865.000 0.329
870.000 0.326
875.000 0.327
880.000 0.319
885.000 0.322
890.000 0.321
895.000 0.315
900.000 0.312
905.000 0.315
910.000 0.321
915.000 0.317
920.000 0.317
925.000 0.316
930.000 0.309
935.000 0.307
940.000 0.310
945.000 0.311
950.000 0.305
955.000 0.303
960.000 0.306
965.000 0.303
970.000 0.311
975.000 0.317
980.000 0.310
985.000 0.305
990.000 0.310
995.000 0.312
1000.000 0.312
1005.000 0.295
1010.000 0.296
1015.000 0.296
1020.000 0.306
1025.000 0.313
1030.000 0.300
1035.000 0.315
1040.000 0.305
1045.000 0.305
1050.000 0.306
1055.000 0.305
1060.000 0.307
1065.000 0.306
1070.000 0.301
1075.000 0.306
1080.000 0.305
1085.000 0.313
1090.000 0.304
1095.000 0.308
1100.000 0.312
1105.000 0.303
1110.000 0.307
1115.000 0.306
1120.000 0.307
1125.000 0.313
1130.000 0.308
1135.000 0.307
1140.000 0.305
1145.000 0.310
1150.000 0.309
1155.000 0.306
1160.000 0.309
1165.000 0.306
1170.000 0.319
1175.000 0.312
1180.000 0.313
1185.000 0.306
1190.000 0.310
1195.000 0.322
1200.000 0.342
1205.000 0.328
1210.000 0.319
1215.000 0.318
1220.000 0.315
1225.000 0.315
1230.000 0.315
1235.000 0.318
1240.000 0.317
1245.000 0.321
1250.000 0.317
1255.000 0.322
1260.000 0.319
1265.000 0.322
1270.000 0.322
1275.000 0.325
1280.000 0.322
1285.000 0.325
1290.000 0.327
1295.000 0.328
1300.000 0.327
1305.000 0.324
1310.000 0.327
1315.000 0.329
1320.000 0.331
1325.000 0.336
1330.000 0.336
1335.000 0.339
1340.000 0.340
1345.000 0.344
1350.000 0.341
1355.000 0.344
1360.000 0.345
1365.000 0.347
1370.000 0.347
1375.000 0.346
1380.000 0.348
1385.000 0.349
1390.000 0.353
1395.000 0.349
1400.000 0.349
1405.000 0.347
1410.000 0.349
1415.000 0.346
1420.000 0.345
1425.000 0.337
1430.000 0.338
1435.000 0.347
1440.000 0.342
1445.000 0.341
1450.000 0.344
1455.000 0.354
1460.000 0.357
1465.000 0.362
1470.000 0.366
1475.000 0.371
1480.000 0.384
1485.000 0.389
1490.000 0.391
1495.000 0.403
1500.000 0.403
1505.000 0.408
1510.000 0.416
1515.000 0.422
1520.000 0.433
1525.000 0.434
1530.000 0.440
1535.000 0.447
1540.000 0.451
1545.000 0.461
1550.000 0.465
1555.000 0.472
1560.000 0.481
1565.000 0.519
1570.000 0.505
1575.000 0.505
1580.000 0.510
1585.000 0.513
1590.000 0.523
1595.000 0.536
1600.000 0.538
1605.000 0.550
1610.000 0.560
1615.000 0.568
1620.000 0.580
1625.000 0.593
1630.000 0.602
1635.000 0.613
1640.000 0.625
1645.000 0.635
1650.000 0.648
1655.000 0.661
1660.000 0.672
1665.000 0.684
1670.000 0.701
1675.000 0.719
1680.000 0.725
1685.000 0.751
1690.000 0.765
1695.000 0.785
1700.000 0.803
1705.000 0.808
1710.000 0.824
1715.000 0.844
1720.000 0.863
1725.000 0.884
1730.000 0.906
1735.000 0.925
1740.000 0.945
1745.000 0.969
1750.000 0.995
1755.000 1.021
1760.000 1.052
1765.000 1.071
1770.000 1.080
1775.000 1.104
1780.000 1.132
1785.000 1.155
1790.000 1.180
1795.000 1.203
1800.000 1.229
1805.000 1.254
1810.000 1.275
1815.000 1.308
1820.000 1.326
1825.000 1.346
1830.000 1.368
1835.000 1.381
1840.000 1.396
1845.000 1.425
1850.000 1.446
1855.000 1.462
1860.000 1.477
1865.000 1.495
1870.000 1.501
1875.000 1.511
1880.000 1.519
1885.000 1.524
1890.000 1.532
1895.000 1.532
1900.000 1.538
1905.000 1.538
1910.000 1.543
1915.000 1.541
1920.000 1.535
1925.000 1.542
1930.000 1.535
1935.000 1.529
1940.000 1.528
1945.000 1.525
1950.000 1.520
1955.000 1.511
1960.000 1.507
1965.000 1.503
1970.000 1.487
1975.000 1.485
1980.000 1.479
1985.000 1.463
1990.000 1.476
1995.000 1.473
2000.000 1.455
2005.000 1.462
2010.000 1.458
2015.000 1.441
2020.000 1.428
2025.000 1.418
2030.000 1.412
2035.000 1.429
2040.000 1.419
2045.000 1.415
2050.000 1.414
2055.000 1.417
2060.000 1.422
2065.000 1.409
2070.000 1.412
2075.000 1.410
2080.000 1.408
2085.000 1.421
2090.000 1.426
2095.000 1.430
2100.000 1.428
2105.000 1.435
2110.000 1.437
2115.000 1.450
2120.000 1.450
2125.000 1.459
2130.000 1.464
2135.000 1.478
2140.000 1.488
2145.000 1.500
2150.000 1.514
2155.000 1.532
2160.000 1.563
2165.000 1.581
2170.000 1.607
2175.000 1.632
2180.000 1.660
2185.000 1.684
2190.000 1.719
2195.000 1.740
2200.000 1.782
2205.000 1.823
2210.000 1.872
2215.000 1.929
2220.000 1.987
2225.000 2.056
2230.000 2.127
2235.000 2.218
2240.000 2.316
2245.000 2.431
2250.000 2.580
2255.000 2.652
2260.000 2.827
2265.000 3.070
2270.000 3.368
2275.000 3.777
2280.000 4.404
2285.000 5.287
2290.000 6.687
2295.000 9.135
2300.000 13.148
2305.000 19.151
2310.000 26.484
2315.000 31.567
2320.000 30.854
2325.000 29.018
2330.000 18.031
2335.000 10.381
2340.000 6.978
2345.000 4.976
2350.000 3.774
2355.000 2.998
2360.000 2.427
2365.000 2.005
2370.000 1.677
2375.000 1.425
2380.000 1.319
2385.000 1.144
2390.000 1.006
2395.000 0.894
2400.000 0.804
2405.000 0.718
2410.000 0.650
2415.000 0.587
2420.000 0.536
2425.000 0.493
2430.000 0.457
2435.000 0.439
2440.000 0.402
2445.000 0.374
2450.000 0.344
2455.000 0.321
2460.000 0.302
2465.000 0.283
2470.000 0.265
2475.000 0.249
2480.000 0.237
2485.000 0.225
2490.000 0.211
2495.000 0.202
2500.000 0.196
2505.000 0.190
2510.000 0.181
2515.000 0.175
2520.000 0.170
2525.000 0.165
2530.000 0.162
2535.000 0.159
2540.000 0.156
2545.000 0.155
2550.000 0.154
2555.000 0.152
2560.000 0.153
2565.000 0.154
2570.000 0.155
2575.000 0.157
2580.000 0.158
2585.000 0.161
2590.000 0.166
2595.000 0.167
2600.000 0.172
2605.000 0.175
2610.000 0.179
2615.000 0.184
2620.000 0.188
2625.000 0.191
2630.000 0.194
2635.000 0.201
2640.000 0.204
2645.000 0.206
2650.000 0.213
2655.000 0.218
2660.000 0.226
2665.000 0.230
2670.000 0.234
2675.000 0.240
2680.000 0.242
2685.000 0.248
2690.000 0.253
2695.000 0.258
2700.000 0.266
2705.000 0.271
2710.000 0.276
2715.000 0.283
2720.000 0.289
2725.000 0.297
2730.000 0.302
2735.000 0.311
2740.000 0.317
2745.000 0.322
2750.000 0.329
2755.000 0.337
2760.000 0.345
2765.000 0.353
2770.000 0.358
2775.000 0.367
2780.000 0.375
2785.000 0.383
2790.000 0.392
2795.000 0.401
2800.000 0.409
2805.000 0.412
2810.000 0.428
2815.000 0.433
2820.000 0.442
2825.000 0.450
2830.000 0.460
2835.000 0.465
2840.000 0.476
2845.000 0.486
2850.000 0.494
2855.000 0.505
2860.000 0.512
2865.000 0.519
2870.000 0.519
2875.000 0.529
2880.000 0.534
2885.000 0.542
2890.000 0.550
2895.000 0.560
2900.000 0.563
2905.000 0.570
2910.000 0.574
2915.000 0.580
2920.000 0.587
2925.000 0.589
2930.000 0.592
2935.000 0.597
2940.000 0.600
2945.000 0.606
2950.000 0.606
2955.000 0.619
2960.000 0.616
2965.000 0.618
2970.000 0.622
2975.000 0.631
2980.000 0.630
2985.000 0.626
2990.000 0.634
2995.000 0.633
3000.000 0.639
3005.000 0.627
3010.000 0.629
3015.000 0.634
3020.000 0.643
3025.000 0.648
3030.000 0.643
3035.000 0.644
3040.000 0.640
3045.000 0.644
3050.000 0.650
3055.000 0.642
3060.000 0.645
3065.000 0.653
3070.000 0.645
3075.000 0.646
3080.000 0.650
3085.000 0.650
3090.000 0.647
3095.000 0.648
3100.000 0.651
3105.000 0.651
3110.000 0.651
3115.000 0.650
3120.000 0.654
3125.000 0.654
3130.000 0.655
3135.000 0.651
3140.000 0.654
3145.000 0.658
3150.000 0.661
3155.000 0.660
3160.000 0.662
3165.000 0.662
3170.000 0.666
3175.000 0.664
3180.000 0.666
3185.000 0.663
3190.000 0.669
3195.000 0.671
3200.000 0.671
3205.000 0.676
3210.000 0.677
3215.000 0.678
3220.000 0.679
3225.000 0.681
3230.000 0.681
3235.000 0.683
3240.000 0.687
3245.000 0.689
3250.000 0.693
3255.000 0.696
3260.000 0.700
3265.000 0.707
3270.000 0.712
3275.000 0.714
3280.000 0.720
3285.000 0.724
3290.000 0.723
3295.000 0.727
3300.000 0.732
3305.000 0.735
3310.000 0.745
3315.000 0.749
3320.000 0.756
3325.000 0.761
3330.000 0.767
3335.000 0.774
3340.000 0.782
3345.000 0.790
3350.000 0.801
3355.000 0.804
3360.000 0.810
3365.000 0.818
3370.000 0.830
3375.000 0.839
3380.000 0.848
3385.000 0.858
3390.000 0.871
3395.000 0.883
3400.000 0.902
3405.000 0.920
3410.000 0.931
3415.000 0.936
3420.000 0.949
3425.000 0.966
3430.000 0.977
3435.000 0.996
3440.000 1.015
3445.000 1.037
3450.000 1.061
3455.000 1.080
3460.000 1.109
3465.000 1.131
3470.000 1.146
3475.000 1.176
3480.000 1.206
3485.000 1.238
3490.000 1.258
3495.000 1.281
3500.000 1.307
3505.000 1.341
3510.000 1.361
3515.000 1.393
3520.000 1.426
3525.000 1.465
3530.000 1.508
3535.000 1.523
3540.000 1.566
3545.000 1.604
3550.000 1.644
3555.000 1.691
3560.000 1.746
3565.000 1.799
3570.000 1.864
3575.000 1.927
3580.000 1.999
3585.000 2.077
3590.000 2.158
3595.000 2.249
3600.000 2.298
3605.000 2.402
3610.000 2.514
3615.000 2.639
3620.000 2.776
3625.000 2.927
3630.000 3.095
3635.000 3.291
3640.000 3.517
3645.000 3.801
3650.000 4.141
3655.000 4.345
3660.000 4.916
3665.000 5.532
3670.000 6.384
3675.000 7.608
3680.000 9.415
3685.000 12.378
3690.000 16.443
3695.000 22.333
3700.000 29.718
3705.000 37.770
3710.000 45.139
3715.000 48.488
3720.000 51.830
3725.000 36.547
3730.000 22.196
3735.000 15.288
3740.000 11.173
3745.000 8.675
3750.000 7.017
3755.000 5.848
3760.000 4.960
3765.000 4.273
3770.000 3.745
3775.000 3.320
3780.000 3.136
3785.000 2.824
3790.000 2.563
3795.000 2.346
3800.000 2.167
3805.000 2.012
3810.000 1.882
3815.000 1.766
3820.000 1.669
3825.000 1.580
3830.000 1.502
3835.000 1.433
3840.000 1.401
3845.000 1.341
3850.000 1.287
3855.000 1.240
3860.000 1.195
3865.000 1.153
3870.000 1.116
3875.000 1.080
3880.000 1.048
3885.000 1.017
3890.000 0.988
3895.000 0.974
3900.000 0.948
3905.000 0.925
3910.000 0.902
3915.000 0.880
3920.000 0.864
3925.000 0.844
3930.000 0.827
3935.000 0.806
3940.000 0.795
3945.000 0.780
3950.000 0.766
3955.000 0.750
3960.000 0.746
3965.000 0.732
3970.000 0.713
3975.000 0.707
3980.000 0.695
3985.000 0.679
3990.000 0.675
3995.000 0.667
4000.000 0.648
4005.000 0.650
4010.000 0.641
4015.000 0.626
4020.000 0.623
4025.000 0.614
4030.000 0.605
4035.000 0.607
4040.000 0.593
4045.000 0.589
4050.000 0.584
4055.000 0.576
4060.000 0.573
4065.000 0.563
4070.000 0.559
4075.000 0.552
4080.000 0.544
4085.000 0.542
4090.000 0.533
4095.000 0.528
4100.000 0.525
4105.000 0.518
4110.000 0.511
4115.000 0.503
4120.000 0.497
4125.000 0.492
4130.000 0.487
4135.000 0.481
4140.000 0.476
4145.000 0.470
4150.000 0.467
4155.000 0.461
4160.000 0.453
4165.000 0.447
4170.000 0.442
4175.000 0.437
4180.000 0.431
4185.000 0.427
4190.000 0.422
4195.000 0.419
4200.000 0.414
4205.000 0.409
4210.000 0.408
4215.000 0.407
4220.000 0.405
4225.000 0.406
4230.000 0.405
4235.000 0.404
4240.000 0.405
4245.000 0.408
4250.000 0.408
4255.000 0.408
4260.000 0.408
4265.000 0.409
4270.000 0.411
4275.000 0.409
4280.000 0.412
4285.000 0.411
4290.000 0.412
4295.000 0.411
4300.000 0.413
4305.000 0.412
4310.000 0.412
4315.000 0.413
4320.000 0.413
4325.000 0.414
4330.000 0.414
4335.000 0.415
4340.000 0.414
4345.000 0.414
4350.000 0.415
4355.000 0.415
4360.000 0.416
4365.000 0.416
4370.000 0.416
4375.000 0.417
4380.000 0.417
4385.000 0.417
4390.000 0.418
4395.000 0.419
4400.000 0.419
4405.000 0.419
4410.000 0.420
4415.000 0.422
4420.000 0.426
4425.000 0.426
4430.000 0.425
4435.000 0.423
4440.000 0.424
4445.000 0.425
4450.000 0.424
4455.000 0.425
4460.000 0.426
4465.000 0.429
4470.000 0.428
4475.000 0.431
4480.000 0.433
4485.000 0.432
4490.000 0.433
4495.000 0.436
4500.000 0.436
4505.000 0.438
4510.000 0.439
4515.000 0.438
4520.000 0.441
4525.000 0.445
4530.000 0.445
4535.000 0.448
4540.000 0.450
4545.000 0.453
4550.000 0.454
4555.000 0.456
4560.000 0.459
4565.000 0.461
4570.000 0.462
4575.000 0.465
4580.000 0.468
4585.000 0.470
4590.000 0.473
4595.000 0.476
4600.000 0.480
4605.000 0.483
4610.000 0.488
4615.000 0.491
4620.000 0.496
4625.000 0.497
4630.000 0.505
4635.000 0.507
4640.000 0.509
4645.000 0.514
4650.000 0.521
4655.000 0.525
4660.000 0.530
4665.000 0.534
4670.000 0.541
4675.000 0.547
4680.000 0.556
4685.000 0.561
4690.000 0.562
4695.000 0.570
4700.000 0.578
4705.000 0.589
4710.000 0.596
4715.000 0.606
4720.000 0.614
4725.000 0.623
4730.000 0.636
4735.000 0.646
4740.000 0.656
4745.000 0.669
4750.000 0.674
4755.000 0.687
4760.000 0.701
4765.000 0.716
4770.000 0.731
4775.000 0.761
4780.000 0.783
4785.000 0.797
4790.000 0.815
4795.000 0.833
4800.000 0.851
4805.000 0.876
4810.000 0.902
4815.000 0.915
4820.000 0.963
4825.000 0.992
4830.000 1.027
4835.000 1.064
4840.000 1.106
4845.000 1.157
4850.000 1.212
4855.000 1.255
4860.000 1.293
4865.000 1.333
4870.000 1.378
4875.000 1.401
4880.000 1.458
4885.000 1.518
4890.000 1.581
4895.000 1.650
4900.000 1.730
4905.000 1.849
4910.000 1.984
4915.000 2.109
4920.000 2.213
4925.000 2.334
4930.000 2.405
4935.000 2.608
4940.000 2.815
4945.000 3.086
4950.000 3.442
4955.000 3.903
4960.000 4.463
4965.000 5.193
4970.000 6.094
4975.000 7.174
4980.000 8.176
4985.000 10.800
4990.000 28.001
4995.000 34.558
5000.000 32.960
5005.000 38.287
5010.000 38.589
5015.000 27.716
5020.000 17.552
5025.000 12.162
5030.000 8.897
5035.000 6.878
5040.000 5.513
5045.000 4.602
5050.000 3.928
5055.000 3.655
5060.000 3.214
5065.000 2.856
5070.000 2.558
5075.000 2.328
5080.000 2.128
5085.000 1.964
5090.000 1.828
5095.000 1.709
5100.000 1.608
5105.000 1.517
5110.000 1.437
5115.000 1.368
5120.000 1.338
5125.000 1.284
5130.000 1.231
5135.000 1.184
5140.000 1.147
5145.000 1.112
5150.000 1.080
5155.000 1.051
5160.000 1.027
5165.000 1.004
5170.000 0.981
5175.000 0.972
5180.000 0.954
5185.000 0.938
5190.000 0.924
5195.000 0.911
5200.000 0.903
5205.000 0.894
5210.000 0.881
5215.000 0.871
5220.000 0.859
5225.000 0.849
5230.000 0.841
5235.000 0.837
5240.000 0.831
5245.000 0.824
5250.000 0.817
5255.000 0.813
5260.000 0.809
5265.000 0.804
5270.000 0.799
5275.000 0.797
5280.000 0.795
5285.000 0.789
5290.000 0.788
5295.000 0.786
5300.000 0.785
5305.000 0.783
5310.000 0.783
5315.000 0.780
5320.000 0.779
5325.000 0.777
5330.000 0.778
5335.000 0.776
5340.000 0.773
5345.000 0.773
5350.000 0.773
5355.000 0.772
5360.000 0.771
5365.000 0.771
5370.000 0.770
5375.000 0.770
5380.000 0.769
5385.000 0.783
5390.000 0.782
5395.000 0.777
5400.000 0.773
5405.000 0.774
5410.000 0.775
5415.000 0.769
5420.000 0.767
5425.000 0.765
5430.000 0.771
5435.000 0.774
5440.000 0.772
5445.000 0.767
5450.000 0.762
5455.000 0.759
5460.000 0.760
5465.000 0.762
5470.000 0.765
5475.000 0.756
5480.000 0.755
5485.000 0.759
5490.000 0.758
5495.000 0.754
5500.000 0.753
5505.000 0.752
5510.000 0.750
5515.000 0.750
5520.000 0.751
5525.000 0.754
5530.000 0.749
5535.000 0.744
5540.000 0.742
5545.000 0.740
5550.000 0.740
5555.000 0.739
5560.000 0.739
5565.000 0.739
5570.000 0.735
5575.000 0.736
5580.000 0.736
5585.000 0.734
5590.000 0.736
5595.000 0.735
5600.000 0.738
5605.000 0.739
5610.000 0.738
5615.000 0.738
5620.000 0.738
5625.000 0.739
5630.000 0.748
5635.000 0.749
5640.000 0.746
5645.000 0.745
5650.000 0.745
5655.000 0.751
5660.000 0.754
5665.000 0.756
5670.000 0.755
5675.000 0.761
5680.000 0.763
5685.000 0.759
5690.000 0.766
5695.000 0.767
5700.000 0.772
5705.000 0.771
5710.000 0.770
5715.000 0.774
5720.000 0.778
5725.000 0.776
5730.000 0.778
5735.000 0.784
5740.000 0.787
5745.000 0.790
5750.000 0.793
5755.000 0.799
5760.000 0.801
5765.000 0.804
5770.000 0.815
5775.000 0.826
5780.000 0.826
5785.000 0.829
5790.000 0.832
5795.000 0.838
5800.000 0.841
5805.000 0.846
5810.000 0.852
5815.000 0.862
5820.000 0.868
5825.000 0.873
5830.000 0.884
5835.000 0.891
5840.000 0.902
5845.000 0.911
5850.000 0.916
5855.000 0.927
5860.000 0.936
5865.000 0.946
5870.000 0.959
5875.000 0.972
5880.000 0.987
5885.000 1.002
5890.000 1.018
5895.000 1.032
5900.000 1.044
5905.000 1.052
5910.000 1.066
5915.000 1.088
5920.000 1.108
5925.000 1.125
5930.000 1.150
5935.000 1.170
5940.000 1.198
5945.000 1.227
5950.000 1.253
5955.000 1.283
5960.000 1.309
5965.000 1.335
5970.000 1.362
5975.000 1.410
5980.000 1.439
5985.000 1.452
5990.000 1.484
5995.000 1.506
6000.000 1.526
6005.000 1.554
6010.000 1.577
6015.000 1.616
6020.000 1.628
6025.000 1.655
6030.000 1.686
6035.000 1.709
6040.000 1.751
6045.000 1.782
6050.000 1.816
6055.000 1.858
6060.000 1.901
6065.000 1.948
6070.000 2.000
6075.000 2.050
6080.000 2.108
6085.000 2.169
6090.000 2.204
6095.000 2.269
6100.000 2.350
6105.000 2.417
6110.000 2.485
6115.000 2.568
6120.000 2.661
6125.000 2.757
6130.000 2.873
6135.000 2.979
6140.000 3.098
6145.000 3.164
6150.000 3.295
6155.000 3.465
6160.000 3.636
6165.000 3.833
6170.000 4.042
6175.000 4.293
6180.000 4.574
6185.000 4.920
6190.000 5.346
6195.000 5.878
6200.000 6.583
6205.000 7.523
6210.000 8.121
6215.000 9.638
6220.000 11.835
6225.000 15.019
6230.000 19.579
6235.000 25.671
6240.000 32.855
6245.000 39.729
6250.000 44.163
6255.000 42.188
6260.000 30.683
6265.000 21.601
6270.000 15.240
6275.000 13.121
6280.000 10.139
6285.000 8.283
6290.000 6.982
6295.000 6.060
6300.000 5.462
6305.000 5.134
6310.000 4.842
6315.000 4.489
6320.000 4.086
6325.000 3.729
6330.000 3.413
6335.000 3.271
6340.000 3.018
6345.000 2.800
6350.000 2.613
6355.000 2.448
6360.000 2.308
6365.000 2.181
6370.000 2.063
6375.000 1.962
6380.000 1.876
6385.000 1.800
6390.000 1.763
6395.000 1.696
6400.000 1.635
6405.000 1.581
6410.000 1.536
6415.000 1.487
6420.000 1.446
6425.000 1.409
6430.000 1.374
6435.000 1.344
6440.000 1.315
6445.000 1.289
6450.000 1.267
6455.000 1.256
6460.000 1.237
6465.000 1.218
6470.000 1.203
6475.000 1.190
6480.000 1.178
6485.000 1.171
6490.000 1.164
6495.000 1.161
6500.000 1.161
6505.000 1.164
6510.000 1.168
6515.000 1.175
6520.000 1.188
6525.000 1.206
6530.000 1.233
6535.000 1.265
6540.000 1.316
6545.000 1.379
6550.000 1.469
6555.000 1.598
6560.000 1.791
6565.000 2.113
6570.000 2.724
6575.000 4.116
6580.000 5.621
6585.000 12.203
6590.000 20.598
6595.000 20.195
6600.000 3.692
6605.000 1.759
6610.000 1.472
6615.000 0.935
6620.000 0.627
6625.000 0.485
6630.000 0.310
6635.000 0.325
6640.000 0.282
6645.000 0.258
6650.000 0.259
6655.000 0.260
6660.000 0.265
6665.000 0.270
6670.000 0.275
6675.000 0.283
6680.000 0.285
6685.000 0.290
6690.000 0.294
6695.000 0.299
6700.000 0.302
6705.000 0.305
6710.000 0.308
6715.000 0.313
6720.000 0.313
6725.000 0.318
6730.000 0.320
6735.000 0.323
6740.000 0.324
6745.000 0.325
6750.000 0.327
6755.000 0.329
6760.000 0.329
6765.000 0.332
6770.000 0.332
6775.000 0.333
6780.000 0.334
6785.000 0.335
6790.000 0.337
6795.000 0.339
6800.000 0.339
6805.000 0.341
6810.000 0.344
6815.000 0.343
6820.000 0.342
6825.000 0.344
6830.000 0.346
6835.000 0.345
6840.000 0.347
6845.000 0.347
6850.000 0.349
6855.000 0.350
6860.000 0.352
6865.000 0.351
6870.000 0.352
6875.000 0.354
6880.000 0.354
6885.000 0.356
6890.000 0.357
6895.000 0.358
6900.000 0.359
6905.000 0.361
6910.000 0.363
6915.000 0.364
6920.000 0.365
6925.000 0.368
6930.000 0.373
6935.000 0.374
6940.000 0.377
6945.000 0.378
6950.000 0.380
6955.000 0.378
6960.000 0.383
6965.000 0.384
6970.000 0.384
6975.000 0.385
6980.000 0.386
6985.000 0.395
6990.000 0.393
6995.000 0.396
7000.000 0.405
7005.000 0.403
7010.000 0.401
7015.000 0.410
7020.000 0.416
7025.000 0.422
7030.000 0.422
7035.000 0.425
7040.000 0.425
7045.000 0.430
7050.000 0.444
7055.000 0.444
7060.000 0.448
7065.000 0.449
7070.000 0.458
7075.000 0.463
7080.000 0.469
7085.000 0.474
7090.000 0.480
7095.000 0.490
7100.000 0.497
7105.000 0.505
7110.000 0.514
7115.000 0.523
7120.000 0.528
7125.000 0.539
7130.000 0.548
7135.000 0.555
7140.000 0.563
7145.000 0.572
7150.000 0.582
7155.000 0.587
7160.000 0.599
7165.000 0.609
7170.000 0.622
7175.000 0.634
7180.000 0.643
7185.000 0.654
7190.000 0.684
7195.000 0.711
7200.000 0.728
7205.000 0.740
7210.000 0.750
7215.000 0.760
7220.000 0.772
7225.000 0.788
7230.000 0.805
7235.000 0.823
7240.000 0.845
7245.000 0.854
7250.000 0.880
7255.000 0.904
7260.000 0.934
7265.000 0.962
7270.000 0.997
7275.000 1.033
7280.000 1.068
7285.000 1.114
7290.000 1.165
7295.000 1.215
7300.000 1.275
7305.000 1.343
7310.000 1.378
7315.000 1.458
7320.000 1.550
7325.000 1.660
7330.000 1.776
7335.000 1.873
7340.000 1.968
7345.000 2.100
7350.000 2.228
7355.000 2.446
7360.000 2.513
7365.000 2.859
7370.000 2.997
7375.000 3.141
7380.000 3.312
7385.000 3.507
7390.000 3.757
7395.000 4.052
7400.000 4.422
7405.000 4.871
7410.000 5.461
7415.000 6.209
7420.000 7.177
7425.000 7.753
7430.000 9.250
7435.000 11.233
7440.000 13.889
7445.000 17.373
7450.000 21.653
7455.000 26.450
7460.000 31.170
7465.000 34.775
7470.000 35.301
7475.000 30.635
7480.000 23.038
7485.000 17.216
7490.000 15.025
7495.000 11.663
7500.000 9.381
7505.000 7.782
7510.000 6.626
7515.000 5.764
7520.000 5.159
7525.000 4.786
7530.000 4.494
7535.000 4.233
7540.000 4.008
7545.000 3.802
7550.000 3.709
7555.000 3.487
7560.000 3.259
7565.000 3.054
7570.000 2.875
7575.000 2.706
7580.000 2.545
7585.000 2.407
7590.000 2.283
7595.000 2.175
7600.000 2.085
7605.000 2.008
7610.000 1.965
7615.000 1.901
7620.000 1.844
7625.000 1.784
7630.000 1.724
7635.000 1.670
7640.000 1.622
7645.000 1.580
7650.000 1.542
7655.000 1.506
7660.000 1.472
7665.000 1.440
7670.000 1.424
7675.000 1.400
7680.000 1.374
7685.000 1.349
7690.000 1.328
7695.000 1.308
7700.000 1.285
7705.000 1.269
7710.000 1.251
7715.000 1.237
7720.000 1.221
7725.000 1.204
7730.000 1.199
7735.000 1.186
7740.000 1.172
7745.000 1.163
7750.000 1.154
7755.000 1.140
7760.000 1.132
7765.000 1.122
7770.000 1.114
7775.000 1.106
7780.000 1.099
7785.000 1.092
7790.000 1.084
7795.000 1.080
7800.000 1.076
7805.000 1.073
7810.000 1.069
7815.000 1.062
7820.000 1.059
7825.000 1.054
7830.000 1.054
7835.000 1.052
7840.000 1.050
7845.000 1.049
7850.000 1.049
7855.000 1.048
7860.000 1.049
7865.000 1.048
7870.000 1.051
7875.000 1.050
7880.000 1.052
7885.000 1.055
7890.000 1.060
7895.000 1.063
7900.000 1.064
7905.000 1.070
7910.000 1.074
7915.000 1.080
7920.000 1.095
7925.000 1.102
7930.000 1.110
7935.000 1.121
7940.000 1.130
7945.000 1.144
7950.000 1.159
7955.000 1.174
7960.000 1.195
7965.000 1.214
7970.000 1.236
7975.000 1.248
7980.000 1.276
7985.000 1.312
7990.000 1.338
7995.000 1.368
8000.000 1.404
8005.000 1.456
8010.000 1.508
8015.000 1.562
8020.000 1.642
8025.000 1.745
8030.000 1.870
8035.000 1.934
8040.000 2.096
8045.000 2.343
8050.000 2.686
8055.000 3.121
8060.000 3.891
8065.000 5.398
8070.000 8.533
8075.000 14.071
8080.000 19.396
8085.000 15.086
8090.000 8.756
8095.000 1.655
8100.000 2.984
8105.000 1.323
8110.000 0.748
8115.000 0.474
8120.000 0.325
8125.000 0.243
8130.000 0.228
8135.000 0.242
8140.000 0.272
8145.000 0.302
8150.000 0.330
8155.000 0.343
8160.000 0.368
8165.000 0.391
8170.000 0.412
8175.000 0.431
8180.000 0.449
8185.000 0.467
8190.000 0.486
8195.000 0.503
8200.000 0.518
8205.000 0.532
8210.000 0.548
8215.000 0.563
8220.000 0.569
8225.000 0.586
8230.000 0.601
8235.000 0.616
8240.000 0.629
8245.000 0.643
8250.000 0.658
8255.000 0.672
8260.000 0.686
8265.000 0.700
8270.000 0.716
8275.000 0.732
8280.000 0.739
8285.000 0.754
8290.000 0.769
8295.000 0.785
8300.000 0.804
8305.000 0.823
8310.000 0.842
8315.000 0.857
8320.000 0.875
8325.000 0.891
8330.000 0.910
8335.000 0.936
8340.000 0.952
8345.000 0.962
8350.000 0.978
8355.000 0.997
8360.000 1.011
8365.000 1.038
8370.000 1.067
8375.000 1.097
8380.000 1.113
8385.000 1.130
8390.000 1.148
8395.000 1.170
8400.000 1.182
8405.000 1.204
8410.000 1.233
8415.000 1.261
8420.000 1.294
8425.000 1.333
8430.000 1.366
8435.000 1.412
8440.000 1.453
8445.000 1.498
8450.000 1.544
8455.000 1.597
8460.000 1.634
8465.000 1.678
8470.000 1.715
8475.000 1.754
8480.000 1.798
8485.000 1.843
8490.000 1.900
8495.000 1.962
8500.000 2.022
8505.000 2.089
8510.000 2.166
8515.000 2.248
8520.000 2.338
8525.000 2.397
8530.000 2.509
8535.000 2.641
8540.000 2.809
8545.000 3.036
8550.000 3.407
8555.000 4.102
8560.000 5.558
8565.000 7.560
8570.000 4.776
8575.000 3.443
8580.000 2.499
8585.000 3.161
8590.000 3.234
8595.000 3.839
8600.000 4.347
8605.000 4.907
8610.000 5.541
8615.000 6.294
8620.000 7.235
8625.000 8.399
8630.000 9.866
8635.000 11.710
8640.000 12.781
8645.000 15.289
8650.000 18.126
8655.000 21.134
8660.000 23.868
8665.000 25.577
8670.000 25.361
8675.000 22.232
8680.000 17.641
8685.000 13.614
8690.000 10.523
8695.000 8.355
8700.000 6.826
8705.000 6.241
8710.000 5.338
8715.000 4.715
8720.000 4.314
8725.000 4.009
8730.000 3.737
8735.000 3.488
8740.000 3.270
8745.000 3.084
8750.000 2.907
8755.000 2.745
8760.000 2.597
8765.000 2.513
8770.000 2.349
8775.000 2.207
8780.000 2.070
8785.000 1.936
8790.000 1.803
8795.000 1.691
8800.000 1.593
8805.000 1.502
8810.000 1.424
8815.000 1.346
8820.000 1.301
8825.000 1.227
8830.000 1.217
8835.000 1.156
8840.000 1.116
8845.000 1.061
8850.000 1.026
8855.000 0.987
8860.000 0.955
8865.000 0.925
8870.000 0.894
8875.000 0.869
8880.000 0.844
8885.000 0.830
8890.000 0.810
8895.000 0.793
8900.000 0.772
8905.000 0.755
8910.000 0.738
8915.000 0.718
8920.000 0.700
8925.000 0.680
8930.000 0.662
8935.000 0.650
8940.000 0.633
8945.000 0.618
8950.000 0.611
8955.000 0.602
8960.000 0.590
8965.000 0.577
8970.000 0.568
8975.000 0.557
8980.000 0.549
8985.000 0.538
8990.000 0.532
8995.000 0.522
9000.000 0.511
9005.000 0.506
9010.000 0.501
9015.000 0.497
9020.000 0.483
9025.000 0.480
9030.000 0.471
9035.000 0.467
9040.000 0.459
9045.000 0.453
9050.000 0.452
9055.000 0.447
9060.000 0.442
9065.000 0.435
9070.000 0.432
9075.000 0.431
9080.000 0.424
9085.000 0.421
9090.000 0.415
9095.000 0.413
9100.000 0.410
9105.000 0.406
9110.000 0.410
9115.000 0.408
9120.000 0.403
9125.000 0.401
9130.000 0.398
9135.000 0.395
9140.000 0.393
9145.000 0.392
9150.000 0.393
9155.000 0.390
9160.000 0.388
9165.000 0.390
9170.000 0.396
9175.000 0.391
9180.000 0.391
9185.000 0.388
9190.000 0.387
9195.000 0.389
9200.000 0.389
9205.000 0.390
9210.000 0.388
9215.000 0.394
9220.000 0.405
9225.000 0.404
9230.000 0.405
9235.000 0.401
9240.000 0.403
9245.000 0.403
9250.000 0.405
9255.000 0.406
9260.000 0.407
9265.000 0.409
9270.000 0.415
9275.000 0.418
9280.000 0.426
9285.000 0.430
9290.000 0.433
9295.000 0.437
9300.000 0.447
9305.000 0.452
9310.000 0.461
9315.000 0.465
9320.000 0.471
9325.000 0.479
9330.000 0.488
9335.000 0.504
9340.000 0.512
9345.000 0.527
9350.000 0.537
9355.000 0.554
9360.000 0.569
9365.000 0.586
9370.000 0.598
9375.000 0.616
9380.000 0.642
9385.000 0.667
9390.000 0.698
9395.000 0.729
9400.000 0.767
9405.000 0.806
9410.000 0.838
9415.000 0.874
9420.000 0.913
9425.000 0.963
9430.000 1.019
9435.000 1.055
9440.000 1.131
9445.000 1.224
9450.000 1.339
9455.000 1.493
9460.000 1.661
9465.000 1.860
9470.000 2.148
9475.000 2.581
9480.000 3.284
9485.000 4.487
9490.000 6.542
9495.000 8.029
9500.000 11.930
9505.000 16.954
9510.000 20.337
9515.000 13.058
9520.000 7.365
9525.000 3.748
9530.000 2.623
9535.000 1.914
9540.000 1.429
9545.000 1.085
9550.000 0.839
9555.000 0.663
9560.000 0.589
9565.000 0.468
9570.000 0.375
9575.000 0.293
9580.000 0.227
9585.000 0.170
9590.000 0.115
9595.000 0.071
9600.000 0.030
9605.000 0.009
9610.000 0.045
9615.000 0.059
9620.000 0.096
9625.000 0.126
9630.000 0.158
9635.000 0.188
9640.000 0.219
9645.000 0.251
9650.000 0.280
9655.000 0.313
9660.000 0.344
9665.000 0.378
9670.000 0.413
9675.000 0.429
9680.000 0.465
9685.000 0.503
9690.000 0.545
9695.000 0.588
9700.000 0.634
9705.000 0.684
9710.000 0.749
9715.000 0.807
9720.000 0.878
9725.000 0.992
9730.000 1.094
9735.000 1.202
9740.000 1.267
9745.000 1.421
9750.000 1.625
9755.000 1.894
9760.000 2.088
9765.000 2.339
9770.000 2.642
9775.000 3.011
9780.000 3.454
9785.000 3.992
9790.000 4.596
9795.000 5.307
9800.000 5.706
9805.000 6.627
9810.000 7.670
9815.000 8.975
9820.000 10.495
9825.000 12.261
9830.000 14.241
9835.000 16.452
9840.000 18.322
9845.000 19.468
9850.000 19.421
9855.000 17.826
9860.000 16.587
9865.000 13.902
9870.000 11.444
9875.000 9.342
9880.000 7.682
9885.000 6.412
9890.000 5.449
9895.000 4.745
9900.000 4.214
9905.000 3.846
9910.000 3.571
9915.000 3.372
9920.000 3.292
9925.000 3.133
9930.000 2.990
9935.000 2.856
9940.000 2.735
9945.000 2.622
9950.000 2.520
9955.000 2.426
9960.000 2.339
9965.000 2.265
9970.000 2.189
9975.000 2.123
9980.000 2.070
9985.000 2.033
9990.000 1.992
9995.000 1.935
10000.000 1.889
