105.000 0.071
110.000 2.046
115.000 2.481
120.000 2.805
125.000 3.159
130.000 3.306
135.000 3.600
140.000 3.623
145.000 3.749
150.000 3.612
155.000 3.703
160.000 3.499
165.000 3.452
170.000 3.501
175.000 3.428
180.000 3.309
185.000 3.408
190.000 3.435
195.000 3.353
200.000 3.398
205.000 3.432
210.000 3.541
215.000 3.664
220.000 3.683
225.000 3.701
230.000 3.853
235.000 3.831
240.000 3.958
245.000 4.078
250.000 4.077
255.000 4.048
260.000 4.099
265.000 4.289
270.000 4.202
275.000 4.324
280.000 4.036
285.000 4.203
290.000 4.193
295.000 4.189
300.000 4.318
305.000 4.277
310.000 4.362
315.000 4.302
320.000 4.412
325.000 4.650
330.000 4.687
335.000 4.766
340.000 4.904
345.000 5.096
350.000 5.325
355.000 5.443
360.000 5.635
365.000 5.863
370.000 6.254
375.000 6.539
380.000 6.855
385.000 7.242
390.000 7.545
395.000 7.873
400.000 8.137
405.000 8.241
410.000 8.417
415.000 8.337
420.000 8.265
425.000 7.923
430.000 7.353
435.000 6.616
440.000 5.763
445.000 4.978
450.000 4.337
455.000 3.999
460.000 3.230
465.000 2.871
470.000 2.587
475.000 2.468
480.000 2.313
485.000 2.169
490.000 2.009
495.000 1.898
500.000 1.762
505.000 1.671
510.000 1.579
515.000 1.510
520.000 1.420
525.000 1.399
530.000 1.287
535.000 1.255
540.000 1.189
545.000 1.147
550.000 1.088
555.000 1.043
560.000 0.972
565.000 0.921
570.000 0.873
575.000 0.835
580.000 0.788
585.000 0.755
590.000 0.721
595.000 0.698
600.000 0.687
605.000 0.667
610.000 0.643
615.000 0.623
620.000 0.605
625.000 0.575
630.000 0.573
635.000 0.548
640.000 0.536
645.000 0.527
650.000 0.508
655.000 0.502
660.000 0.495
665.000 0.488
670.000 0.482
675.000 0.463
680.000 0.466
685.000 0.516
690.000 0.533
695.000 0.537
700.000 0.473
705.000 0.435
710.000 0.423
715.000 0.416
720.000 0.403
725.000 0.399
730.000 0.389
735.000 0.391
740.000 0.386
745.000 0.384
750.000 0.374
755.000 0.372
760.000 0.365
765.000 0.358
770.000 0.361
775.000 0.361
780.000 0.365
785.000 0.365
790.000 0.364
795.000 0.360
800.000 0.357
805.000 0.355
810.000 0.345
815.000 0.342
820.000 0.343
825.000 0.342
830.000 0.339
835.000 0.333
840.000 0.335
845.000 0.335
850.000 0.326
855.000 0.329
860.000 0.328
865.000 0.322
870.000 0.330
875.000 0.324
880.000 0.322
885.000 0.323
890.000 0.330
895.000 0.326
900.000 0.315
905.000 0.317
910.000 0.330
915.000 0.317
920.000 0.318
925.000 0.317
930.000 0.319
935.000 0.315
940.000 0.317
945.000 0.320
950.000 0.320
955.000 0.309
960.000 0.315
965.000 0.320
970.000 0.313
975.000 0.313
980.000 0.319
985.000 0.324
990.000 0.319
995.000 0.313
1000.000 0.326
1005.000 0.305
1010.000 0.311
1015.000 0.315
1020.000 0.310
1025.000 0.311
1030.000 0.314
1035.000 0.323
1040.000 0.323
1045.000 0.312
1050.000 0.310
1055.000 0.319
1060.000 0.320
1065.000 0.313
1070.000 0.316
1075.000 0.316
1080.000 0.313
1085.000 0.309
1090.000 0.308
1095.000 0.307
1100.000 0.316
1105.000 0.311
1110.000 0.312
1115.000 0.311
1120.000 0.318
1125.000 0.312
1130.000 0.315
1135.000 0.316
1140.000 0.315
1145.000 0.318
1150.000 0.314
1155.000 0.314
1160.000 0.312
1165.000 0.307
1170.000 0.313
1175.000 0.315
1180.000 0.318
1185.000 0.317
1190.000 0.315
1195.000 0.319
1200.000 0.315
1205.000 0.315
1210.000 0.315
1215.000 0.317
1220.000 0.320
1225.000 0.325
1230.000 0.324
1235.000 0.322
1240.000 0.321
1245.000 0.324
1250.000 0.324
1255.000 0.324
1260.000 0.321
1265.000 0.327
1270.000 0.328
1275.000 0.329
1280.000 0.326
1285.000 0.329
1290.000 0.328
1295.000 0.323
1300.000 0.327
1305.000 0.324
1310.000 0.326
1315.000 0.327
1320.000 0.328
1325.000 0.330
1330.000 0.329
1335.000 0.332
1340.000 0.327
1345.000 0.330
1350.000 0.328
1355.000 0.332
1360.000 0.331
1365.000 0.335
1370.000 0.326
1375.000 0.329
1380.000 0.329
1385.000 0.331
1390.000 0.332
1395.000 0.333
1400.000 0.331
1405.000 0.331
1410.000 0.333
1415.000 0.326
1420.000 0.324
1425.000 0.324
1430.000 0.323
1435.000 0.321
1440.000 0.329
1445.000 0.325
1450.000 0.322
1455.000 0.324
1460.000 0.329
1465.000 0.329
1470.000 0.331
1475.000 0.336
1480.000 0.335
1485.000 0.332
1490.000 0.342
1495.000 0.348
1500.000 0.348
1505.000 0.352
1510.000 0.353
1515.000 0.356
1520.000 0.356
1525.000 0.361
1530.000 0.363
1535.000 0.360
1540.000 0.365
1545.000 0.362
1550.000 0.369
1555.000 0.369
1560.000 0.372
1565.000 0.376
1570.000 0.378
1575.000 0.379
1580.000 0.380
1585.000 0.386
1590.000 0.383
1595.000 0.388
1600.000 0.386
1605.000 0.393
1610.000 0.393
1615.000 0.395
1620.000 0.401
1625.000 0.409
1630.000 0.407
1635.000 0.412
1640.000 0.415
1645.000 0.418
1650.000 0.426
1655.000 0.425
1660.000 0.433
1665.000 0.435
1670.000 0.440
1675.000 0.448
1680.000 0.447
1685.000 0.444
1690.000 0.462
1695.000 0.466
1700.000 0.471
1705.000 0.478
1710.000 0.475
1715.000 0.484
1720.000 0.490
1725.000 0.497
1730.000 0.506
1735.000 0.511
1740.000 0.518
1745.000 0.522
1750.000 0.525
1755.000 0.532
1760.000 0.537
1765.000 0.561
1770.000 0.552
1775.000 0.562
1780.000 0.563
1785.000 0.572
1790.000 0.575
1795.000 0.580
1800.000 0.583
1805.000 0.593
1810.000 0.593
1815.000 0.601
1820.000 0.609
1825.000 0.608
1830.000 0.612
1835.000 0.617
1840.000 0.618
1845.000 0.623
1850.000 0.627
1855.000 0.626
1860.000 0.623
1865.000 0.630
1870.000 0.627
1875.000 0.626
1880.000 0.618
1885.000 0.618
1890.000 0.620
1895.000 0.615
1900.000 0.609
1905.000 0.602
1910.000 0.600
1915.000 0.595
1920.000 0.587
1925.000 0.584
1930.000 0.586
1935.000 0.578
1940.000 0.574
1945.000 0.560
1950.000 0.553
1955.000 0.553
1960.000 0.552
1965.000 0.548
1970.000 0.530
1975.000 0.533
1980.000 0.527
1985.000 0.510
1990.000 0.514
1995.000 0.500
2000.000 0.503
2005.000 0.498
2010.000 0.491
2015.000 0.481
2020.000 0.478
2025.000 0.464
2030.000 0.466
2035.000 0.469
2040.000 0.465
2045.000 0.467
2050.000 0.445
2055.000 0.446
2060.000 0.445
2065.000 0.442
2070.000 0.435
2075.000 0.426
2080.000 0.427
2085.000 0.419
2090.000 0.421
2095.000 0.416
2100.000 0.416
2105.000 0.412
2110.000 0.405
2115.000 0.402
2120.000 0.404
2125.000 0.398
2130.000 0.395
2135.000 0.391
2140.000 0.386
2145.000 0.383
2150.000 0.382
2155.000 0.381
2160.000 0.378
2165.000 0.371
2170.000 0.370
2175.000 0.370
2180.000 0.364
2185.000 0.361
2190.000 0.359
2195.000 0.356
2200.000 0.351
2205.000 0.345
2210.000 0.345
2215.000 0.337
2220.000 0.337
2225.000 0.326
2230.000 0.322
2235.000 0.312
2240.000 0.312
2245.000 0.303
2250.000 0.294
2255.000 0.292
2260.000 0.277
2265.000 0.259
2270.000 0.245
2275.000 0.227
2280.000 0.219
2285.000 0.234
2290.000 0.335
2295.000 0.798
2300.000 1.339
2305.000 3.137
2310.000 7.273
2315.000 15.028
2320.000 23.570
2325.000 14.790
2330.000 3.059
2335.000 0.967
2340.000 0.127
2345.000 0.173
2350.000 0.207
2355.000 0.227
2360.000 0.242
2365.000 0.246
2370.000 0.249
2375.000 0.250
2380.000 0.247
2385.000 0.248
2390.000 0.247
2395.000 0.247
2400.000 0.247
2405.000 0.247
2410.000 0.246
2415.000 0.245
2420.000 0.247
2425.000 0.247
2430.000 0.248
2435.000 0.249
2440.000 0.249
2445.000 0.250
2450.000 0.250
2455.000 0.253
2460.000 0.252
2465.000 0.249
2470.000 0.254
2475.000 0.253
2480.000 0.253
2485.000 0.254
2490.000 0.256
2495.000 0.259
2500.000 0.262
2505.000 0.260
2510.000 0.261
2515.000 0.261
2520.000 0.264
2525.000 0.264
2530.000 0.264
2535.000 0.265
2540.000 0.268
2545.000 0.268
2550.000 0.270
2555.000 0.272
2560.000 0.274
2565.000 0.273
2570.000 0.275
2575.000 0.278
2580.000 0.278
2585.000 0.280
2590.000 0.282
2595.000 0.283
2600.000 0.287
2605.000 0.287
2610.000 0.292
2615.000 0.293
2620.000 0.295
2625.000 0.296
2630.000 0.298
2635.000 0.301
2640.000 0.303
2645.000 0.306
2650.000 0.310
2655.000 0.315
2660.000 0.316
2665.000 0.319
2670.000 0.320
2675.000 0.327
2680.000 0.328
2685.000 0.331
2690.000 0.335
2695.000 0.339
2700.000 0.344
2705.000 0.347
2710.000 0.349
2715.000 0.356
2720.000 0.357
2725.000 0.359
2730.000 0.364
2735.000 0.365
2740.000 0.371
2745.000 0.371
2750.000 0.377
2755.000 0.380
2760.000 0.384
2765.000 0.392
2770.000 0.396
2775.000 0.399
2780.000 0.404
2785.000 0.405
2790.000 0.412
2795.000 0.417
2800.000 0.419
2805.000 0.423
2810.000 0.427
2815.000 0.432
2820.000 0.438
2825.000 0.439
2830.000 0.446
2835.000 0.449
2840.000 0.457
2845.000 0.460
2850.000 0.464
2855.000 0.468
2860.000 0.471
2865.000 0.475
2870.000 0.479
2875.000 0.481
2880.000 0.486
2885.000 0.488
2890.000 0.492
2895.000 0.496
2900.000 0.495
2905.000 0.499
2910.000 0.504
2915.000 0.506
2920.000 0.508
2925.000 0.509
2930.000 0.514
2935.000 0.514
2940.000 0.517
2945.000 0.516
2950.000 0.523
2955.000 0.522
2960.000 0.523
2965.000 0.519
2970.000 0.520
2975.000 0.515
2980.000 0.520
2985.000 0.527
2990.000 0.517
2995.000 0.520
3000.000 0.517
3005.000 0.526
3010.000 0.527
3015.000 0.518
3020.000 0.526
3025.000 0.520
3030.000 0.526
3035.000 0.512
3040.000 0.511
3045.000 0.514
3050.000 0.516
3055.000 0.511
3060.000 0.512
3065.000 0.513
3070.000 0.510
3075.000 0.510
3080.000 0.512
3085.000 0.511
3090.000 0.509
3095.000 0.510
3100.000 0.509
3105.000 0.509
3110.000 0.510
3115.000 0.505
3120.000 0.507
3125.000 0.508
3130.000 0.505
3135.000 0.504
3140.000 0.505
3145.000 0.504
3150.000 0.504
3155.000 0.505
3160.000 0.508
3165.000 0.506
3170.000 0.505
3175.000 0.503
3180.000 0.504
3185.000 0.503
3190.000 0.505
3195.000 0.502
3200.000 0.505
3205.000 0.504
3210.000 0.504
3215.000 0.504
3220.000 0.502
3225.000 0.506
3230.000 0.506
3235.000 0.507
3240.000 0.507
3245.000 0.507
3250.000 0.509
3255.000 0.513
3260.000 0.513
3265.000 0.518
3270.000 0.518
3275.000 0.516
3280.000 0.519
3285.000 0.516
3290.000 0.519
3295.000 0.520
3300.000 0.521
3305.000 0.522
3310.000 0.526
3315.000 0.527
3320.000 0.529
3325.000 0.536
3330.000 0.537
3335.000 0.539
3340.000 0.542
3345.000 0.547
3350.000 0.550
3355.000 0.552
3360.000 0.554
3365.000 0.556
3370.000 0.558
3375.000 0.564
3380.000 0.569
3385.000 0.570
3390.000 0.577
3395.000 0.583
3400.000 0.590
3405.000 0.597
3410.000 0.598
3415.000 0.602
3420.000 0.606
3425.000 0.614
3430.000 0.619
3435.000 0.627
3440.000 0.637
3445.000 0.646
3450.000 0.653
3455.000 0.665
3460.000 0.672
3465.000 0.681
3470.000 0.693
3475.000 0.704
3480.000 0.715
3485.000 0.729
3490.000 0.743
3495.000 0.761
3500.000 0.775
3505.000 0.790
3510.000 0.807
3515.000 0.821
3520.000 0.835
3525.000 0.853
3530.000 0.870
3535.000 0.878
3540.000 0.898
3545.000 0.917
3550.000 0.936
3555.000 0.957
3560.000 0.981
3565.000 1.007
3570.000 1.045
3575.000 1.071
3580.000 1.102
3585.000 1.138
3590.000 1.173
3595.000 1.210
3600.000 1.236
3605.000 1.283
3610.000 1.339
3615.000 1.400
3620.000 1.468
3625.000 1.534
3630.000 1.613
3635.000 1.699
3640.000 1.811
3645.000 1.928
3650.000 2.071
3655.000 2.154
3660.000 2.350
3665.000 2.614
3670.000 2.964
3675.000 3.448
3680.000 4.131
3685.000 5.115
3690.000 6.566
3695.000 8.809
3700.000 12.677
3705.000 20.904
3710.000 34.592
3715.000 40.953
3720.000 36.690
3725.000 21.152
3730.000 12.833
3735.000 8.577
3740.000 6.080
3745.000 4.592
3750.000 3.592
3755.000 2.897
3760.000 2.408
3765.000 2.211
3770.000 1.768
3775.000 1.560
3780.000 1.473
3785.000 1.324
3790.000 1.198
3795.000 1.099
3800.000 1.012
3805.000 0.940
3810.000 0.882
3815.000 0.827
3820.000 0.780
3825.000 0.740
3830.000 0.704
3835.000 0.674
3840.000 0.645
3845.000 0.631
3850.000 0.609
3855.000 0.583
3860.000 0.563
3865.000 0.545
3870.000 0.526
3875.000 0.512
3880.000 0.496
3885.000 0.490
3890.000 0.469
3895.000 0.459
3900.000 0.453
3905.000 0.444
3910.000 0.436
3915.000 0.424
3920.000 0.418
3925.000 0.409
3930.000 0.399
3935.000 0.395
3940.000 0.391
3945.000 0.384
3950.000 0.375
3955.000 0.374
3960.000 0.368
3965.000 0.363
3970.000 0.358
3975.000 0.350
3980.000 0.347
3985.000 0.346
3990.000 0.336
3995.000 0.334
4000.000 0.337
4005.000 0.329
4010.000 0.324
4015.000 0.323
4020.000 0.321
4025.000 0.322
4030.000 0.324
4035.000 0.314
4040.000 0.319
4045.000 0.314
4050.000 0.305
4055.000 0.307
4060.000 0.304
4065.000 0.309
4070.000 0.301
4075.000 0.301
4080.000 0.301
4085.000 0.298
4090.000 0.298
4095.000 0.296
4100.000 0.297
4105.000 0.293
4110.000 0.293
4115.000 0.291
4120.000 0.290
4125.000 0.289
4130.000 0.287
4135.000 0.285
4140.000 0.285
4145.000 0.285
4150.000 0.283
4155.000 0.280
4160.000 0.281
4165.000 0.279
4170.000 0.276
4175.000 0.275
4180.000 0.272
4185.000 0.271
4190.000 0.270
4195.000 0.268
4200.000 0.264
4205.000 0.265
4210.000 0.261
4215.000 0.261
4220.000 0.257
4225.000 0.256
4230.000 0.254
4235.000 0.252
4240.000 0.252
4245.000 0.250
4250.000 0.250
4255.000 0.249
4260.000 0.247
4265.000 0.248
4270.000 0.246
4275.000 0.245
4280.000 0.246
4285.000 0.246
4290.000 0.245
4295.000 0.244
4300.000 0.243
4305.000 0.246
4310.000 0.245
4315.000 0.244
4320.000 0.243
4325.000 0.245
4330.000 0.243
4335.000 0.245
4340.000 0.243
4345.000 0.244
4350.000 0.246
4355.000 0.244
4360.000 0.243
4365.000 0.244
4370.000 0.245
4375.000 0.243
4380.000 0.243
4385.000 0.244
4390.000 0.242
4395.000 0.243
4400.000 0.244
4405.000 0.243
4410.000 0.245
4415.000 0.245
4420.000 0.245
4425.000 0.245
4430.000 0.245
4435.000 0.244
4440.000 0.244
4445.000 0.244
4450.000 0.243
4455.000 0.244
4460.000 0.244
4465.000 0.243
4470.000 0.243
4475.000 0.240
4480.000 0.243
4485.000 0.245
4490.000 0.244
4495.000 0.243
4500.000 0.243
4505.000 0.243
4510.000 0.244
4515.000 0.243
4520.000 0.244
4525.000 0.243
4530.000 0.242
4535.000 0.244
4540.000 0.244
4545.000 0.243
4550.000 0.244
4555.000 0.244
4560.000 0.244
4565.000 0.244
4570.000 0.245
4575.000 0.243
4580.000 0.244
4585.000 0.244
4590.000 0.244
4595.000 0.245
4600.000 0.244
4605.000 0.245
4610.000 0.243
4615.000 0.243
4620.000 0.245
4625.000 0.244
4630.000 0.246
4635.000 0.244
4640.000 0.245
4645.000 0.244
4650.000 0.246
4655.000 0.247
4660.000 0.245
4665.000 0.245
4670.000 0.244
4675.000 0.245
4680.000 0.245
4685.000 0.246
4690.000 0.246
4695.000 0.249
4700.000 0.248
4705.000 0.248
4710.000 0.247
4715.000 0.248
4720.000 0.249
4725.000 0.250
4730.000 0.250
4735.000 0.250
4740.000 0.250
4745.000 0.251
4750.000 0.251
4755.000 0.250
4760.000 0.252
4765.000 0.251
4770.000 0.254
4775.000 0.253
4780.000 0.254
4785.000 0.254
4790.000 0.255
4795.000 0.253
4800.000 0.255
4805.000 0.257
4810.000 0.258
4815.000 0.259
4820.000 0.258
4825.000 0.259
4830.000 0.260
4835.000 0.260
4840.000 0.262
4845.000 0.261
4850.000 0.261
4855.000 0.265
4860.000 0.264
4865.000 0.266
4870.000 0.268
4875.000 0.266
4880.000 0.270
4885.000 0.270
4890.000 0.272
4895.000 0.272
4900.000 0.273
4905.000 0.279
4910.000 0.277
4915.000 0.284
4920.000 0.284
4925.000 0.288
4930.000 0.294
4935.000 0.301
4940.000 0.303
4945.000 0.314
4950.000 0.329
4955.000 0.356
4960.000 0.394
4965.000 0.469
4970.000 0.620
4975.000 1.096
4980.000 2.622
4985.000 6.164
4990.000 9.721
4995.000 7.114
5000.000 5.229
5005.000 2.998
5010.000 0.545
5015.000 2.228
5020.000 1.072
5025.000 0.518
5030.000 0.430
5035.000 0.329
5040.000 0.274
5045.000 0.263
5050.000 0.255
5055.000 0.243
5060.000 0.234
5065.000 0.231
5070.000 0.222
5075.000 0.223
5080.000 0.219
5085.000 0.218
5090.000 0.217
5095.000 0.215
5100.000 0.216
5105.000 0.216
5110.000 0.217
5115.000 0.218
5120.000 0.217
5125.000 0.216
5130.000 0.218
5135.000 0.218
5140.000 0.219
5145.000 0.218
5150.000 0.219
5155.000 0.221
5160.000 0.221
5165.000 0.222
5170.000 0.222
5175.000 0.223
5180.000 0.223
5185.000 0.224
5190.000 0.224
5195.000 0.224
5200.000 0.226
5205.000 0.227
5210.000 0.226
5215.000 0.226
5220.000 0.228
5225.000 0.230
5230.000 0.232
5235.000 0.233
5240.000 0.232
5245.000 0.234
5250.000 0.234
5255.000 0.236
5260.000 0.239
5265.000 0.240
5270.000 0.240
5275.000 0.243
5280.000 0.244
5285.000 0.247
5290.000 0.249
5295.000 0.250
5300.000 0.253
5305.000 0.255
5310.000 0.256
5315.000 0.261
5320.000 0.262
5325.000 0.264
5330.000 0.267
5335.000 0.272
5340.000 0.275
5345.000 0.278
5350.000 0.282
5355.000 0.286
5360.000 0.287
5365.000 0.290
5370.000 0.292
5375.000 0.295
5380.000 0.301
5385.000 0.304
5390.000 0.308
5395.000 0.313
5400.000 0.318
5405.000 0.321
5410.000 0.325
5415.000 0.332
5420.000 0.333
5425.000 0.337
5430.000 0.343
5435.000 0.346
5440.000 0.351
5445.000 0.355
5450.000 0.362
5455.000 0.366
5460.000 0.374
5465.000 0.376
5470.000 0.381
5475.000 0.383
5480.000 0.386
5485.000 0.387
5490.000 0.389
5495.000 0.395
5500.000 0.398
5505.000 0.401
5510.000 0.400
5515.000 0.405
5520.000 0.415
5525.000 0.424
5530.000 0.431
5535.000 0.427
5540.000 0.421
5545.000 0.421
5550.000 0.419
5555.000 0.421
5560.000 0.424
5565.000 0.425
5570.000 0.428
5575.000 0.429
5580.000 0.431
5585.000 0.434
5590.000 0.438
5595.000 0.439
5600.000 0.443
5605.000 0.440
5610.000 0.441
5615.000 0.443
5620.000 0.444
5625.000 0.449
5630.000 0.449
5635.000 0.453
5640.000 0.453
5645.000 0.460
5650.000 0.462
5655.000 0.464
5660.000 0.467
5665.000 0.468
5670.000 0.470
5675.000 0.469
5680.000 0.475
5685.000 0.478
5690.000 0.479
5695.000 0.483
5700.000 0.485
5705.000 0.489
5710.000 0.492
5715.000 0.491
5720.000 0.494
5725.000 0.497
5730.000 0.498
5735.000 0.505
5740.000 0.504
5745.000 0.509
5750.000 0.512
5755.000 0.511
5760.000 0.516
5765.000 0.520
5770.000 0.524
5775.000 0.527
5780.000 0.527
5785.000 0.532
5790.000 0.537
5795.000 0.540
5800.000 0.542
5805.000 0.545
5810.000 0.548
5815.000 0.551
5820.000 0.555
5825.000 0.560
5830.000 0.564
5835.000 0.571
5840.000 0.578
5845.000 0.577
5850.000 0.583
5855.000 0.588
5860.000 0.592
5865.000 0.594
5870.000 0.604
5875.000 0.610
5880.000 0.617
5885.000 0.619
5890.000 0.624
5895.000 0.635
5900.000 0.639
5905.000 0.643
5910.000 0.648
5915.000 0.655
5920.000 0.656
5925.000 0.665
5930.000 0.674
5935.000 0.679
5940.000 0.690
5945.000 0.696
5950.000 0.707
5955.000 0.714
5960.000 0.723
5965.000 0.731
5970.000 0.738
5975.000 0.748
5980.000 0.757
5985.000 0.768
5990.000 0.779
5995.000 0.787
6000.000 0.802
6005.000 0.804
6010.000 0.817
6015.000 0.842
6020.000 0.836
6025.000 0.858
6030.000 0.864
6035.000 0.864
6040.000 0.882
6045.000 0.896
6050.000 0.908
6055.000 0.924
6060.000 0.937
6065.000 0.958
6070.000 0.971
6075.000 0.990
6080.000 1.012
6085.000 1.022
6090.000 1.043
6095.000 1.055
6100.000 1.071
6105.000 1.091
6110.000 1.111
6115.000 1.134
6120.000 1.155
6125.000 1.176
6130.000 1.205
6135.000 1.234
6140.000 1.264
6145.000 1.295
6150.000 1.311
6155.000 1.345
6160.000 1.389
6165.000 1.425
6170.000 1.467
6175.000 1.522
6180.000 1.571
6185.000 1.631
6190.000 1.696
6195.000 1.775
6200.000 1.865
6205.000 1.905
6210.000 2.000
6215.000 2.109
6220.000 2.249
6225.000 2.400
6230.000 2.582
6235.000 2.818
6240.000 3.130
6245.000 3.542
6250.000 3.986
6255.000 4.203
6260.000 3.748
6265.000 2.812
6270.000 2.389
6275.000 2.380
6280.000 2.664
6285.000 2.826
6290.000 2.881
6295.000 2.896
6300.000 2.840
6305.000 2.743
6310.000 2.618
6315.000 2.489
6320.000 2.310
6325.000 2.139
6330.000 1.989
6335.000 1.923
6340.000 1.789
6345.000 1.674
6350.000 1.574
6355.000 1.480
6360.000 1.396
6365.000 1.313
6370.000 1.244
6375.000 1.182
6380.000 1.122
6385.000 1.070
6390.000 1.016
6395.000 0.995
6400.000 0.952
6405.000 0.911
6410.000 0.892
6415.000 0.849
6420.000 0.811
6425.000 0.782
6430.000 0.756
6435.000 0.729
6440.000 0.707
6445.000 0.685
6450.000 0.663
6455.000 0.654
6460.000 0.634
6465.000 0.616
6470.000 0.595
6475.000 0.583
6480.000 0.565
6485.000 0.552
6490.000 0.540
6495.000 0.532
6500.000 0.520
6505.000 0.506
6510.000 0.491
6515.000 0.478
6520.000 0.472
6525.000 0.459
6530.000 0.450
6535.000 0.439
6540.000 0.429
6545.000 0.423
6550.000 0.413
6555.000 0.404
6560.000 0.397
6565.000 0.395
6570.000 0.410
6575.000 0.508
6580.000 0.690
6585.000 2.049
6590.000 5.850
6595.000 10.538
6600.000 8.443
6605.000 0.406
6610.000 0.826
6615.000 0.290
6620.000 0.379
6625.000 0.366
6630.000 0.347
6635.000 0.334
6640.000 0.319
6645.000 0.309
6650.000 0.301
6655.000 0.291
6660.000 0.284
6665.000 0.280
6670.000 0.276
6675.000 0.274
6680.000 0.270
6685.000 0.268
6690.000 0.266
6695.000 0.262
6700.000 0.263
6705.000 0.263
6710.000 0.260
6715.000 0.260
6720.000 0.260
6725.000 0.258
6730.000 0.258
6735.000 0.259
6740.000 0.260
6745.000 0.257
6750.000 0.256
6755.000 0.256
6760.000 0.256
6765.000 0.256
6770.000 0.254
6775.000 0.255
6780.000 0.256
6785.000 0.254
6790.000 0.255
6795.000 0.256
6800.000 0.256
6805.000 0.255
6810.000 0.254
6815.000 0.255
6820.000 0.253
6825.000 0.255
6830.000 0.253
6835.000 0.254
6840.000 0.253
6845.000 0.253
6850.000 0.254
6855.000 0.254
6860.000 0.253
6865.000 0.251
6870.000 0.253
6875.000 0.254
6880.000 0.254
6885.000 0.253
6890.000 0.253
6895.000 0.253
6900.000 0.252
6905.000 0.254
6910.000 0.252
6915.000 0.254
6920.000 0.254
6925.000 0.254
6930.000 0.256
6935.000 0.254
6940.000 0.258
6945.000 0.255
6950.000 0.257
6955.000 0.253
6960.000 0.258
6965.000 0.253
6970.000 0.253
6975.000 0.253
6980.000 0.251
6985.000 0.261
6990.000 0.252
6995.000 0.254
7000.000 0.261
7005.000 0.259
7010.000 0.253
7015.000 0.264
7020.000 0.253
7025.000 0.260
7030.000 0.254
7035.000 0.261
7040.000 0.257
7045.000 0.258
7050.000 0.257
7055.000 0.260
7060.000 0.258
7065.000 0.259
7070.000 0.256
7075.000 0.254
7080.000 0.257
7085.000 0.260
7090.000 0.261
7095.000 0.260
7100.000 0.260
7105.000 0.259
7110.000 0.259
7115.000 0.258
7120.000 0.258
7125.000 0.259
7130.000 0.260
7135.000 0.258
7140.000 0.262
7145.000 0.259
7150.000 0.261
7155.000 0.260
7160.000 0.260
7165.000 0.262
7170.000 0.261
7175.000 0.260
7180.000 0.262
7185.000 0.261
7190.000 0.260
7195.000 0.260
7200.000 0.264
7205.000 0.261
7210.000 0.264
7215.000 0.264
7220.000 0.264
7225.000 0.264
7230.000 0.263
7235.000 0.266
7240.000 0.262
7245.000 0.265
7250.000 0.264
7255.000 0.265
7260.000 0.263
7265.000 0.264
7270.000 0.265
7275.000 0.263
7280.000 0.265
7285.000 0.266
7290.000 0.265
7295.000 0.266
7300.000 0.263
7305.000 0.267
7310.000 0.265
7315.000 0.268
7320.000 0.267
7325.000 0.267
7330.000 0.268
7335.000 0.267
7340.000 0.268
7345.000 0.271
7350.000 0.269
7355.000 0.276
7360.000 0.273
7365.000 0.273
7370.000 0.276
7375.000 0.273
7380.000 0.271
7385.000 0.268
7390.000 0.265
7395.000 0.268
7400.000 0.267
7405.000 0.267
7410.000 0.264
7415.000 0.265
7420.000 0.259
7425.000 0.260
7430.000 0.259
7435.000 0.255
7440.000 0.250
7445.000 0.241
7450.000 0.227
7455.000 0.212
7460.000 0.192
7465.000 0.168
7470.000 0.159
7475.000 0.186
7480.000 0.198
7485.000 0.245
7490.000 0.514
7495.000 1.817
7500.000 2.042
7505.000 1.221
7510.000 0.748
7515.000 0.530
7520.000 0.419
7525.000 0.356
7530.000 0.323
7535.000 0.298
7540.000 0.282
7545.000 0.275
7550.000 0.268
7555.000 0.263
7560.000 0.261
7565.000 0.263
7570.000 0.260
7575.000 0.259
7580.000 0.259
7585.000 0.262
7590.000 0.261
7595.000 0.262
7600.000 0.262
7605.000 0.266
7610.000 0.272
7615.000 0.279
7620.000 0.276
7625.000 0.268
7630.000 0.265
7635.000 0.264
7640.000 0.259
7645.000 0.264
7650.000 0.260
7655.000 0.260
7660.000 0.259
7665.000 0.261
7670.000 0.259
7675.000 0.257
7680.000 0.261
7685.000 0.262
7690.000 0.262
7695.000 0.259
7700.000 0.256
7705.000 0.260
7710.000 0.260
7715.000 0.261
7720.000 0.260
7725.000 0.257
7730.000 0.256
7735.000 0.254
7740.000 0.256
7745.000 0.255
7750.000 0.254
7755.000 0.256
7760.000 0.253
7765.000 0.251
7770.000 0.251
7775.000 0.254
7780.000 0.250
7785.000 0.253
7790.000 0.250
7795.000 0.252
7800.000 0.250
7805.000 0.247
7810.000 0.246
7815.000 0.245
7820.000 0.245
7825.000 0.246
7830.000 0.243
7835.000 0.243
7840.000 0.241
7845.000 0.242
7850.000 0.239
7855.000 0.237
7860.000 0.235
7865.000 0.232
7870.000 0.234
7875.000 0.233
7880.000 0.232
7885.000 0.226
7890.000 0.227
7895.000 0.226
7900.000 0.225
7905.000 0.224
7910.000 0.221
7915.000 0.220
7920.000 0.220
7925.000 0.220
7930.000 0.218
7935.000 0.216
7940.000 0.211
7945.000 0.214
7950.000 0.210
7955.000 0.211
7960.000 0.206
7965.000 0.208
7970.000 0.204
7975.000 0.207
7980.000 0.210
7985.000 0.204
7990.000 0.216
7995.000 0.221
8000.000 0.216
8005.000 0.234
8010.000 0.238
8015.000 0.254
8020.000 0.261
8025.000 0.283
8030.000 0.322
8035.000 0.363
8040.000 0.393
8045.000 0.462
8050.000 0.569
8055.000 0.758
8060.000 1.066
8065.000 1.544
8070.000 2.360
8075.000 3.828
8080.000 6.511
8085.000 10.716
8090.000 11.812
8095.000 2.846
8100.000 3.283
8105.000 1.773
8110.000 1.559
8115.000 1.154
8120.000 0.935
8125.000 0.778
8130.000 0.675
8135.000 0.595
8140.000 0.537
8145.000 0.491
8150.000 0.457
8155.000 0.426
8160.000 0.414
8165.000 0.393
8170.000 0.377
8175.000 0.361
8180.000 0.349
8185.000 0.339
8190.000 0.328
8195.000 0.321
8200.000 0.311
8205.000 0.305
8210.000 0.301
8215.000 0.293
8220.000 0.291
8225.000 0.286
8230.000 0.281
8235.000 0.277
8240.000 0.274
8245.000 0.269
8250.000 0.267
8255.000 0.264
8260.000 0.261
8265.000 0.257
8270.000 0.253
8275.000 0.251
8280.000 0.248
8285.000 0.246
8290.000 0.244
8295.000 0.242
8300.000 0.240
8305.000 0.235
8310.000 0.234
8315.000 0.231
8320.000 0.228
8325.000 0.226
8330.000 0.224
8335.000 0.221
8340.000 0.217
8345.000 0.218
8350.000 0.214
8355.000 0.211
8360.000 0.210
8365.000 0.207
8370.000 0.205
8375.000 0.201
8380.000 0.201
8385.000 0.197
8390.000 0.195
8395.000 0.193
8400.000 0.192
8405.000 0.189
8410.000 0.185
8415.000 0.182
8420.000 0.178
8425.000 0.175
8430.000 0.174
8435.000 0.169
8440.000 0.167
8445.000 0.164
8450.000 0.159
8455.000 0.159
8460.000 0.153
8465.000 0.152
8470.000 0.149
8475.000 0.147
8480.000 0.145
8485.000 0.139
8490.000 0.138
8495.000 0.134
8500.000 0.132
8505.000 0.130
8510.000 0.127
8515.000 0.124
8520.000 0.127
8525.000 0.126
8530.000 0.131
8535.000 0.142
8540.000 0.163
8545.000 0.208
8550.000 0.306
8555.000 0.576
8560.000 1.771
8565.000 4.844
8570.000 7.343
8575.000 1.774
8580.000 2.108
8585.000 1.257
8590.000 1.526
8595.000 1.310
8600.000 1.203
8605.000 1.196
8610.000 1.287
8615.000 1.431
8620.000 1.628
8625.000 1.866
8630.000 2.161
8635.000 2.521
8640.000 3.005
8645.000 3.308
8650.000 4.083
8655.000 5.122
8660.000 6.395
8665.000 7.782
8670.000 8.899
8675.000 9.210
8680.000 8.196
8685.000 6.360
8690.000 4.575
8695.000 3.329
8700.000 2.714
8705.000 2.545
8710.000 2.313
8715.000 2.150
8720.000 2.004
8725.000 1.862
8730.000 1.723
8735.000 1.625
8740.000 1.534
8745.000 1.464
8750.000 1.402
8755.000 1.346
8760.000 1.296
8765.000 1.247
8770.000 1.226
8775.000 1.188
8780.000 1.154
8785.000 1.118
8790.000 1.090
8795.000 1.065
8800.000 1.036
8805.000 1.018
8810.000 0.989
8815.000 0.978
8820.000 0.952
8825.000 0.950
8830.000 0.947
8835.000 0.939
8840.000 0.940
8845.000 0.898
8850.000 0.867
8855.000 0.854
8860.000 0.839
8865.000 0.827
8870.000 0.809
8875.000 0.802
8880.000 0.793
8885.000 0.790
8890.000 0.779
8895.000 0.775
8900.000 0.759
8905.000 0.756
8910.000 0.748
8915.000 0.739
8920.000 0.731
8925.000 0.727
8930.000 0.720
8935.000 0.716
8940.000 0.702
8945.000 0.700
8950.000 0.701
8955.000 0.696
8960.000 0.691
8965.000 0.691
8970.000 0.676
8975.000 0.677
8980.000 0.671
8985.000 0.664
8990.000 0.665
8995.000 0.659
9000.000 0.652
9005.000 0.651
9010.000 0.646
9015.000 0.644
9020.000 0.650
9025.000 0.644
9030.000 0.645
9035.000 0.634
9040.000 0.637
9045.000 0.630
9050.000 0.627
9055.000 0.623
9060.000 0.621
9065.000 0.622
9070.000 0.615
9075.000 0.611
9080.000 0.613
9085.000 0.609
9090.000 0.605
9095.000 0.606
9100.000 0.606
9105.000 0.597
9110.000 0.603
9115.000 0.597
9120.000 0.595
9125.000 0.596
9130.000 0.595
9135.000 0.586
9140.000 0.588
9145.000 0.589
9150.000 0.583
9155.000 0.582
9160.000 0.579
9165.000 0.581
9170.000 0.582
9175.000 0.582
9180.000 0.583
9185.000 0.573
9190.000 0.575
9195.000 0.571
9200.000 0.570
9205.000 0.572
9210.000 0.572
9215.000 0.572
9220.000 0.566
9225.000 0.568
9230.000 0.564
9235.000 0.563
9240.000 0.563
9245.000 0.558
9250.000 0.559
9255.000 0.559
9260.000 0.560
9265.000 0.559
9270.000 0.556
9275.000 0.556
9280.000 0.555
9285.000 0.555
9290.000 0.553
9295.000 0.551
9300.000 0.549
9305.000 0.550
9310.000 0.554
9315.000 0.548
9320.000 0.548
9325.000 0.543
9330.000 0.545
9335.000 0.546
9340.000 0.545
9345.000 0.546
9350.000 0.545
9355.000 0.545
9360.000 0.540
9365.000 0.545
9370.000 0.542
9375.000 0.539
9380.000 0.542
9385.000 0.541
9390.000 0.540
9395.000 0.539
9400.000 0.539
9405.000 0.541
9410.000 0.537
9415.000 0.541
9420.000 0.537
9425.000 0.544
9430.000 0.539
9435.000 0.542
9440.000 0.544
9445.000 0.543
9450.000 0.544
9455.000 0.544
9460.000 0.549
9465.000 0.549
9470.000 0.557
9475.000 0.567
9480.000 0.580
9485.000 0.604
9490.000 0.645
9495.000 0.725
9500.000 0.790
9505.000 1.040
9510.000 1.267
9515.000 1.576
9520.000 1.825
9525.000 1.284
9530.000 0.685
9535.000 0.694
9540.000 0.616
9545.000 0.596
9550.000 0.554
9555.000 0.547
9560.000 0.540
9565.000 0.535
9570.000 0.533
9575.000 0.532
9580.000 0.529
9585.000 0.528
9590.000 0.530
9595.000 0.523
9600.000 0.523
9605.000 0.522
9610.000 0.521
9615.000 0.526
9620.000 0.523
9625.000 0.524
9630.000 0.522
9635.000 0.522
9640.000 0.519
9645.000 0.519
9650.000 0.522
9655.000 0.520
9660.000 0.518
9665.000 0.517
9670.000 0.516
9675.000 0.517
9680.000 0.513
9685.000 0.513
9690.000 0.509
9695.000 0.519
9700.000 0.518
9705.000 0.517
9710.000 0.517
9715.000 0.514
9720.000 0.516
9725.000 0.515
9730.000 0.516
9735.000 0.517
9740.000 0.519
9745.000 0.518
9750.000 0.521
9755.000 0.523
9760.000 0.524
9765.000 0.524
9770.000 0.522
9775.000 0.525
9780.000 0.532
9785.000 0.539
9790.000 0.543
9795.000 0.548
9800.000 0.554
9805.000 0.564
9810.000 0.580
9815.000 0.585
9820.000 0.592
9825.000 0.604
9830.000 0.610
9835.000 0.623
9840.000 0.613
9845.000 0.576
9850.000 0.492
9855.000 0.359
9860.000 0.288
9865.000 0.155
9870.000 0.051
9875.000 0.031
9880.000 0.107
9885.000 0.189
9890.000 0.285
9895.000 0.386
9900.000 0.553
9905.000 0.996
9910.000 1.558
9915.000 1.856
9920.000 1.843
9925.000 1.786
9930.000 1.650
9935.000 1.511
9940.000 1.373
9945.000 1.247
9950.000 1.120
9955.000 1.012
9960.000 0.911
9965.000 0.833
9970.000 0.760
9975.000 0.707
9980.000 0.669
9985.000 0.649
9990.000 0.629
9995.000 0.613
10000.000 0.606
10005.000 0.593
10010.000 0.584
10015.000 0.584
10020.000 0.583
10025.000 0.576
10030.000 0.570
10035.000 0.579
10040.000 0.578
10045.000 0.578
10050.000 0.572
10055.000 0.574
10060.000 0.567
10065.000 0.568
10070.000 0.570
10075.000 0.564
10080.000 0.561
10085.000 0.562
10090.000 0.560
10095.000 0.557
10100.000 0.557
10105.000 0.561
10110.000 0.560
10115.000 0.562
10120.000 0.562
10125.000 0.561
10130.000 0.557
10135.000 0.558
10140.000 0.559
10145.000 0.561
10150.000 0.563
10155.000 0.567
10160.000 0.571
10165.000 0.579
10170.000 0.585
10175.000 0.596
10180.000 0.617
10185.000 0.659
10190.000 0.734
10195.000 0.899
10200.000 1.310
10205.000 1.979
10210.000 3.786
10215.000 2.939
10220.000 0.558
10225.000 0.671
10230.000 0.776
10235.000 0.654
10240.000 0.606
10245.000 0.582
10250.000 0.560
10255.000 0.543
10260.000 0.536
10265.000 0.534
10270.000 0.533
10275.000 0.535
10280.000 0.540
10285.000 0.543
10290.000 0.538
10295.000 0.545
10300.000 0.541
10305.000 0.539
10310.000 0.539
10315.000 0.539
10320.000 0.540
10325.000 0.543
10330.000 0.541
10335.000 0.542
10340.000 0.540
10345.000 0.539
10350.000 0.537
10355.000 0.539
10360.000 0.536
10365.000 0.537
10370.000 0.540
10375.000 0.541
10380.000 0.546
10385.000 0.542
10390.000 0.548
10395.000 0.551
10400.000 0.556
10405.000 0.555
10410.000 0.552
10415.000 0.558
10420.000 0.553
10425.000 0.552
10430.000 0.556
10435.000 0.553
10440.000 0.553
10445.000 0.557
10450.000 0.561
10455.000 0.559
10460.000 0.560
10465.000 0.557
10470.000 0.555
10475.000 0.560
10480.000 0.560
10485.000 0.560
10490.000 0.564
10495.000 0.572
10500.000 0.572
10505.000 0.567
10510.000 0.574
10515.000 0.574
10520.000 0.577
10525.000 0.579
10530.000 0.579
10535.000 0.580
10540.000 0.581
10545.000 0.586
10550.000 0.588
10555.000 0.589
10560.000 0.590
10565.000 0.590
10570.000 0.595
10575.000 0.595
10580.000 0.592
10585.000 0.594
10590.000 0.598
10595.000 0.600
10600.000 0.604
10605.000 0.604
10610.000 0.608
10615.000 0.617
10620.000 0.615
10625.000 0.625
10630.000 0.627
10635.000 0.628
10640.000 0.630
10645.000 0.635
10650.000 0.635
10655.000 0.639
10660.000 0.641
10665.000 0.645
10670.000 0.645
10675.000 0.653
10680.000 0.682
10685.000 0.706
10690.000 0.702
10695.000 0.703
10700.000 0.688
10705.000 0.690
10710.000 0.692
10715.000 0.691
10720.000 0.701
10725.000 0.702
10730.000 0.709
10735.000 0.717
10740.000 0.726
10745.000 0.733
10750.000 0.742
10755.000 0.754
10760.000 0.764
10765.000 0.781
10770.000 0.787
10775.000 0.799
10780.000 0.806
10785.000 0.822
10790.000 0.846
10795.000 0.865
10800.000 0.883
10805.000 0.897
10810.000 0.924
10815.000 0.954
10820.000 0.988
10825.000 1.029
10830.000 1.074
10835.000 1.101
10840.000 1.160
10845.000 1.241
10850.000 1.335
10855.000 1.464
10860.000 1.656
10865.000 1.931
10870.000 2.354
10875.000 2.938
10880.000 3.514
10885.000 3.426
10890.000 2.422
10895.000 1.827
10900.000 0.989
10905.000 0.499
10910.000 0.110
10915.000 0.186
10920.000 0.077
10925.000 0.120
10930.000 0.180
10935.000 0.238
10940.000 0.295
10945.000 0.370
10950.000 0.466
10955.000 0.583
10960.000 0.658
10965.000 0.800
10970.000 0.958
10975.000 1.126
10980.000 1.295
10985.000 1.471
10990.000 1.674
10995.000 1.880
11000.000 2.103
11005.000 2.344
11010.000 2.579
11015.000 2.792
11020.000 2.844
11025.000 2.841
11030.000 2.629
11035.000 2.236
11040.000 1.780
11045.000 1.364
11050.000 1.031
11055.000 0.777
11060.000 0.594
11065.000 0.454
11070.000 0.335
11075.000 0.285
11080.000 0.194
11085.000 0.107
11090.000 0.054
11095.000 0.078
11100.000 0.110
11105.000 0.127
11110.000 0.134
11115.000 0.125
11120.000 0.118
11125.000 0.110
11130.000 0.101
11135.000 0.096
11140.000 0.095
11145.000 0.092
11150.000 0.089
11155.000 0.089
11160.000 0.091
11165.000 0.091
11170.000 0.094
11175.000 0.098
11180.000 0.100
11185.000 0.105
11190.000 0.110
11195.000 0.113
11200.000 0.116
11205.000 0.119
11210.000 0.123
11215.000 0.127
11220.000 0.131
11225.000 0.131
11230.000 0.138
11235.000 0.142
11240.000 0.145
11245.000 0.148
11250.000 0.151
11255.000 0.155
11260.000 0.159
11265.000 0.161
11270.000 0.161
11275.000 0.165
11280.000 0.169
11285.000 0.173
11290.000 0.174
11295.000 0.179
11300.000 0.180
11305.000 0.185
11310.000 0.186
11315.000 0.187
11320.000 0.193
11325.000 0.195
11330.000 0.197
11335.000 0.199
11340.000 0.204
11345.000 0.204
11350.000 0.211
11355.000 0.211
11360.000 0.212
11365.000 0.219
11370.000 0.223
11375.000 0.221
11380.000 0.223
11385.000 0.231
11390.000 0.228
11395.000 0.231
11400.000 0.236
11405.000 0.241
11410.000 0.241
11415.000 0.239
11420.000 0.239
11425.000 0.242
11430.000 0.242
11435.000 0.245
11440.000 0.245
11445.000 0.243
11450.000 0.246
11455.000 0.249
11460.000 0.248
11465.000 0.248
11470.000 0.247
11475.000 0.248
11480.000 0.250
11485.000 0.250
11490.000 0.253
11495.000 0.256
11500.000 0.252
11505.000 0.253
11510.000 0.257
11515.000 0.261
11520.000 0.266
11525.000 0.261
11530.000 0.258
11535.000 0.257
11540.000 0.259
11545.000 0.257
11550.000 0.258
11555.000 0.256
11560.000 0.256
11565.000 0.256
11570.000 0.254
11575.000 0.254
11580.000 0.250
11585.000 0.251
11590.000 0.249
11595.000 0.248
11600.000 0.249
11605.000 0.249
11610.000 0.249
11615.000 0.245
11620.000 0.243
11625.000 0.245
11630.000 0.242
11635.000 0.240
11640.000 0.237
11645.000 0.234
11650.000 0.232
11655.000 0.229
11660.000 0.226
11665.000 0.220
11670.000 0.218
11675.000 0.214
11680.000 0.205
11685.000 0.200
11690.000 0.198
11695.000 0.188
11700.000 0.180
11705.000 0.172
11710.000 0.159
11715.000 0.147
11720.000 0.138
11725.000 0.133
11730.000 0.146
11735.000 0.201
11740.000 0.356
11745.000 0.715
11750.000 1.000
11755.000 1.792
11760.000 2.271
11765.000 1.813
11770.000 3.051
11775.000 1.594
11780.000 1.267
11785.000 1.049
11790.000 0.928
11795.000 0.785
11800.000 0.689
11805.000 0.616
11810.000 0.561
11815.000 0.534
11820.000 0.500
11825.000 0.477
11830.000 0.459
11835.000 0.450
11840.000 0.443
11845.000 0.436
11850.000 0.430
11855.000 0.427
11860.000 0.419
11865.000 0.419
11870.000 0.414
11875.000 0.410
11880.000 0.411
11885.000 0.407
11890.000 0.406
11895.000 0.404
11900.000 0.402
11905.000 0.397
11910.000 0.395
11915.000 0.392
11920.000 0.391
11925.000 0.395
11930.000 0.391
11935.000 0.393
11940.000 0.389
11945.000 0.394
11950.000 0.395
11955.000 0.395
11960.000 0.392
11965.000 0.392
11970.000 0.397
11975.000 0.397
11980.000 0.402
11985.000 0.406
11990.000 0.413
11995.000 0.409
12000.000 0.409
