105.000 0.090
110.000 2.047
115.000 2.538
120.000 2.796
125.000 3.220
130.000 3.450
135.000 3.527
140.000 3.694
145.000 3.649
150.000 3.889
155.000 3.694
160.000 3.725
165.000 3.596
170.000 3.553
175.000 3.393
180.000 3.352
185.000 3.339
190.000 3.443
195.000 3.409
200.000 3.511
205.000 3.519
210.000 3.565
215.000 3.686
220.000 3.670
225.000 3.809
230.000 3.837
235.000 3.926
240.000 3.970
245.000 3.987
250.000 4.033
255.000 4.024
260.000 4.061
265.000 4.021
270.000 3.959
275.000 3.968
280.000 3.938
285.000 3.908
290.000 3.958
295.000 3.922
300.000 3.986
305.000 4.021
310.000 4.108
315.000 4.303
320.000 4.413
325.000 4.539
330.000 4.662
335.000 4.864
340.000 5.020
345.000 5.239
350.000 5.453
355.000 5.690
360.000 5.783
365.000 6.119
370.000 6.407
375.000 6.805
380.000 7.137
385.000 7.439
390.000 7.870
395.000 8.194
400.000 8.462
405.000 8.665
410.000 8.786
415.000 8.822
420.000 8.796
425.000 8.556
430.000 8.160
435.000 7.608
440.000 6.962
445.000 6.242
450.000 5.445
455.000 4.710
460.000 4.013
465.000 3.484
470.000 3.129
475.000 2.725
480.000 2.450
485.000 2.325
490.000 2.114
495.000 1.979
500.000 1.840
505.000 1.744
510.000 1.661
515.000 1.613
520.000 1.528
525.000 1.445
530.000 1.385
535.000 1.307
540.000 1.249
545.000 1.217
550.000 1.144
555.000 1.087
560.000 1.044
565.000 0.975
570.000 0.926
575.000 0.874
580.000 0.842
585.000 0.801
590.000 0.763
595.000 0.739
600.000 0.723
605.000 0.702
610.000 0.674
615.000 0.653
620.000 0.631
625.000 0.608
630.000 0.608
635.000 0.585
640.000 0.563
645.000 0.556
650.000 0.531
655.000 0.527
660.000 0.514
665.000 0.507
670.000 0.500
675.000 0.491
680.000 0.485
685.000 0.467
690.000 0.470
695.000 0.449
700.000 0.443
705.000 0.441
710.000 0.434
715.000 0.428
720.000 0.416
725.000 0.413
730.000 0.409
735.000 0.404
740.000 0.401
745.000 0.393
750.000 0.395
755.000 0.387
760.000 0.379
765.000 0.374
770.000 0.372
775.000 0.377
780.000 0.371
785.000 0.375
790.000 0.375
795.000 0.368
800.000 0.369
805.000 0.357
810.000 0.352
815.000 0.349
820.000 0.349
825.000 0.349
830.000 0.350
835.000 0.350
840.000 0.341
845.000 0.345
850.000 0.342
855.000 0.339
860.000 0.337
865.000 0.336
870.000 0.333
875.000 0.334
880.000 0.336
885.000 0.327
890.000 0.328
895.000 0.329
900.000 0.329
905.000 0.324
910.000 0.319
915.000 0.325
920.000 0.323
925.000 0.331
930.000 0.322
935.000 0.322
940.000 0.320
945.000 0.316
950.000 0.323
955.000 0.325
960.000 0.321
965.000 0.327
970.000 0.318
975.000 0.318
980.000 0.322
985.000 0.321
990.000 0.333
995.000 0.328
1000.000 0.334
1005.000 0.313
1010.000 0.313
1015.000 0.317
1020.000 0.323
1025.000 0.325
1030.000 0.317
1035.000 0.328
1040.000 0.328
1045.000 0.323
1050.000 0.325
1055.000 0.322
1060.000 0.321
1065.000 0.329
1070.000 0.325
1075.000 0.321
1080.000 0.323
1085.000 0.319
1090.000 0.321
1095.000 0.324
1100.000 0.321
1105.000 0.318
1110.000 0.316
1115.000 0.318
1120.000 0.317
1125.000 0.319
1130.000 0.321
1135.000 0.326
1140.000 0.320
1145.000 0.322
1150.000 0.320
1155.000 0.322
1160.000 0.322
1165.000 0.325
1170.000 0.325
1175.000 0.325
1180.000 0.327
1185.000 0.325
1190.000 0.326
1195.000 0.330
1200.000 0.327
1205.000 0.327
1210.000 0.329
1215.000 0.328
1220.000 0.331
1225.000 0.328
1230.000 0.332
1235.000 0.329
1240.000 0.331
1245.000 0.333
1250.000 0.336
1255.000 0.333
1260.000 0.335
1265.000 0.337
1270.000 0.342
1275.000 0.338
1280.000 0.336
1285.000 0.337
1290.000 0.340
1295.000 0.337
1300.000 0.342
1305.000 0.343
1310.000 0.350
1315.000 0.345
1320.000 0.346
1325.000 0.347
1330.000 0.353
1335.000 0.349
1340.000 0.349
1345.000 0.354
1350.000 0.353
1355.000 0.356
1360.000 0.357
1365.000 0.354
1370.000 0.354
1375.000 0.358
1380.000 0.357
1385.000 0.358
1390.000 0.360
1395.000 0.357
1400.000 0.361
1405.000 0.356
1410.000 0.357
1415.000 0.355
1420.000 0.355
1425.000 0.351
1430.000 0.352
1435.000 0.352
1440.000 0.351
1445.000 0.352
1450.000 0.358
1455.000 0.358
1460.000 0.370
1465.000 0.371
1470.000 0.378
1475.000 0.380
1480.000 0.388
1485.000 0.392
1490.000 0.395
1495.000 0.403
1500.000 0.409
1505.000 0.408
1510.000 0.412
1515.000 0.422
1520.000 0.423
1525.000 0.429
1530.000 0.434
1535.000 0.440
1540.000 0.447
1545.000 0.448
1550.000 0.452
1555.000 0.459
1560.000 0.462
1565.000 0.472
1570.000 0.475
1575.000 0.479
1580.000 0.483
1585.000 0.487
1590.000 0.497
1595.000 0.503
1600.000 0.505
1605.000 0.513
1610.000 0.526
1615.000 0.532
1620.000 0.541
1625.000 0.541
1630.000 0.557
1635.000 0.561
1640.000 0.571
1645.000 0.578
1650.000 0.591
1655.000 0.598
1660.000 0.615
1665.000 0.623
1670.000 0.633
1675.000 0.645
1680.000 0.661
1685.000 0.671
1690.000 0.685
1695.000 0.696
1700.000 0.704
1705.000 0.723
1710.000 0.739
1715.000 0.749
1720.000 0.764
1725.000 0.780
1730.000 0.795
1735.000 0.812
1740.000 0.828
1745.000 0.842
1750.000 0.864
1755.000 0.879
1760.000 0.891
1765.000 0.907
1770.000 0.928
1775.000 0.938
1780.000 0.966
1785.000 0.985
1790.000 1.006
1795.000 1.023
1800.000 1.038
1805.000 1.054
1810.000 1.077
1815.000 1.085
1820.000 1.098
1825.000 1.113
1830.000 1.132
1835.000 1.144
1840.000 1.159
1845.000 1.170
1850.000 1.179
1855.000 1.189
1860.000 1.201
1865.000 1.210
1870.000 1.212
1875.000 1.221
1880.000 1.214
1885.000 1.221
1890.000 1.222
1895.000 1.221
1900.000 1.221
1905.000 1.219
1910.000 1.219
1915.000 1.215
1920.000 1.209
1925.000 1.198
1930.000 1.200
1935.000 1.191
1940.000 1.193
1945.000 1.186
1950.000 1.178
1955.000 1.166
1960.000 1.165
1965.000 1.154
1970.000 1.145
1975.000 1.141
1980.000 1.133
1985.000 1.119
1990.000 1.119
1995.000 1.116
2000.000 1.103
2005.000 1.105
2010.000 1.110
2015.000 1.093
2020.000 1.085
2025.000 1.074
2030.000 1.068
2035.000 1.082
2040.000 1.067
2045.000 1.066
2050.000 1.053
2055.000 1.054
2060.000 1.040
2065.000 1.046
2070.000 1.041
2075.000 1.043
2080.000 1.039
2085.000 1.042
2090.000 1.043
2095.000 1.038
2100.000 1.041
2105.000 1.049
2110.000 1.047
2115.000 1.054
2120.000 1.048
2125.000 1.054
2130.000 1.058
2135.000 1.065
2140.000 1.071
2145.000 1.080
2150.000 1.092
2155.000 1.100
2160.000 1.107
2165.000 1.123
2170.000 1.133
2175.000 1.152
2180.000 1.169
2185.000 1.177
2190.000 1.195
2195.000 1.218
2200.000 1.237
2205.000 1.265
2210.000 1.292
2215.000 1.326
2220.000 1.362
2225.000 1.402
2230.000 1.440
2235.000 1.491
2240.000 1.549
2245.000 1.614
2250.000 1.658
2255.000 1.740
2260.000 1.851
2265.000 1.983
2270.000 2.147
2275.000 2.383
2280.000 2.709
2285.000 3.194
2290.000 3.953
2295.000 5.251
2300.000 7.539
2305.000 9.199
2310.000 13.579
2315.000 18.255
2320.000 19.854
2325.000 20.222
2330.000 9.986
2335.000 5.957
2340.000 3.970
2345.000 2.785
2350.000 2.091
2355.000 1.623
2360.000 1.290
2365.000 1.161
2370.000 0.958
2375.000 0.801
2380.000 0.674
2385.000 0.572
2390.000 0.493
2395.000 0.428
2400.000 0.374
2405.000 0.327
2410.000 0.289
2415.000 0.256
2420.000 0.226
2425.000 0.200
2430.000 0.189
2435.000 0.168
2440.000 0.150
2445.000 0.131
2450.000 0.115
2455.000 0.102
2460.000 0.088
2465.000 0.074
2470.000 0.063
2475.000 0.053
2480.000 0.044
2485.000 0.038
2490.000 0.032
2495.000 0.025
2500.000 0.019
2505.000 0.014
2510.000 0.011
2515.000 0.012
2520.000 0.016
2525.000 0.018
2530.000 0.022
2535.000 0.027
2540.000 0.029
2545.000 0.032
2550.000 0.035
2555.000 0.037
2560.000 0.041
2565.000 0.044
2570.000 0.045
2575.000 0.050
2580.000 0.051
2585.000 0.054
2590.000 0.055
2595.000 0.059
2600.000 0.058
2605.000 0.060
2610.000 0.061
2615.000 0.061
2620.000 0.067
2625.000 0.066
2630.000 0.066
2635.000 0.068
2640.000 0.071
2645.000 0.070
2650.000 0.072
2655.000 0.072
2660.000 0.073
2665.000 0.074
2670.000 0.073
2675.000 0.074
2680.000 0.074
2685.000 0.073
2690.000 0.075
2695.000 0.075
2700.000 0.075
2705.000 0.075
2710.000 0.073
2715.000 0.072
2720.000 0.072
2725.000 0.070
2730.000 0.069
2735.000 0.069
2740.000 0.067
2745.000 0.066
2750.000 0.067
2755.000 0.066
2760.000 0.065
2765.000 0.063
2770.000 0.063
2775.000 0.060
2780.000 0.059
2785.000 0.059
2790.000 0.055
2795.000 0.058
2800.000 0.057
2805.000 0.058
2810.000 0.057
2815.000 0.057
2820.000 0.054
2825.000 0.056
2830.000 0.058
2835.000 0.056
2840.000 0.057
2845.000 0.059
2850.000 0.061
2855.000 0.061
2860.000 0.063
2865.000 0.067
2870.000 0.067
2875.000 0.070
2880.000 0.073
2885.000 0.077
2890.000 0.079
2895.000 0.084
2900.000 0.087
2905.000 0.090
2910.000 0.096
2915.000 0.099
2920.000 0.099
2925.000 0.103
2930.000 0.107
2935.000 0.110
2940.000 0.117
2945.000 0.117
2950.000 0.121
2955.000 0.127
2960.000 0.135
2965.000 0.141
2970.000 0.134
2975.000 0.144
2980.000 0.148
2985.000 0.141
2990.000 0.157
2995.000 0.157
3000.000 0.164
3005.000 0.155
3010.000 0.156
3015.000 0.158
3020.000 0.173
3025.000 0.180
3030.000 0.179
3035.000 0.183
3040.000 0.175
3045.000 0.179
3050.000 0.189
3055.000 0.185
3060.000 0.185
3065.000 0.195
3070.000 0.192
3075.000 0.195
3080.000 0.197
3085.000 0.201
3090.000 0.203
3095.000 0.204
3100.000 0.209
3105.000 0.208
3110.000 0.208
3115.000 0.212
3120.000 0.212
3125.000 0.213
3130.000 0.215
3135.000 0.217
3140.000 0.219
3145.000 0.220
3150.000 0.221
3155.000 0.222
3160.000 0.223
3165.000 0.224
3170.000 0.225
3175.000 0.225
3180.000 0.227
3185.000 0.230
3190.000 0.232
3195.000 0.232
3200.000 0.231
3205.000 0.235
3210.000 0.232
3215.000 0.235
3220.000 0.237
3225.000 0.238
3230.000 0.240
3235.000 0.238
3240.000 0.242
3245.000 0.241
3250.000 0.242
3255.000 0.242
3260.000 0.241
3265.000 0.246
3270.000 0.247
3275.000 0.245
3280.000 0.247
3285.000 0.246
3290.000 0.246
3295.000 0.247
3300.000 0.248
3305.000 0.250
3310.000 0.250
3315.000 0.251
3320.000 0.251
3325.000 0.251
3330.000 0.250
3335.000 0.253
3340.000 0.253
3345.000 0.254
3350.000 0.255
3355.000 0.256
3360.000 0.257
3365.000 0.260
3370.000 0.257
3375.000 0.258
3380.000 0.259
3385.000 0.259
3390.000 0.262
3395.000 0.263
3400.000 0.258
3405.000 0.262
3410.000 0.265
3415.000 0.261
3420.000 0.262
3425.000 0.261
3430.000 0.266
3435.000 0.265
3440.000 0.266
3445.000 0.266
3450.000 0.266
3455.000 0.269
3460.000 0.269
3465.000 0.268
3470.000 0.268
3475.000 0.272
3480.000 0.270
3485.000 0.269
3490.000 0.272
3495.000 0.272
3500.000 0.270
3505.000 0.272
3510.000 0.273
3515.000 0.271
3520.000 0.271
3525.000 0.275
3530.000 0.275
3535.000 0.275
3540.000 0.275
3545.000 0.276
3550.000 0.276
3555.000 0.271
3560.000 0.277
3565.000 0.278
3570.000 0.280
3575.000 0.278
3580.000 0.278
3585.000 0.278
3590.000 0.281
3595.000 0.281
3600.000 0.277
3605.000 0.281
3610.000 0.284
3615.000 0.283
3620.000 0.283
3625.000 0.282
3630.000 0.280
3635.000 0.279
3640.000 0.276
3645.000 0.273
3650.000 0.271
3655.000 0.264
3660.000 0.253
3665.000 0.238
3670.000 0.220
3675.000 0.182
3680.000 0.127
3685.000 0.048
3690.000 0.193
3695.000 0.942
3700.000 3.942
3705.000 6.596
3710.000 15.321
3715.000 23.262
3720.000 14.142
3725.000 5.104
3730.000 2.329
3735.000 1.334
3740.000 0.847
3745.000 0.597
3750.000 0.457
3755.000 0.380
3760.000 0.325
3765.000 0.307
3770.000 0.283
3775.000 0.266
3780.000 0.254
3785.000 0.243
3790.000 0.238
3795.000 0.233
3800.000 0.230
3805.000 0.227
3810.000 0.224
3815.000 0.222
3820.000 0.221
3825.000 0.222
3830.000 0.222
3835.000 0.219
3840.000 0.218
3845.000 0.218
3850.000 0.218
3855.000 0.220
3860.000 0.219
3865.000 0.219
3870.000 0.221
3875.000 0.218
3880.000 0.218
3885.000 0.222
3890.000 0.220
3895.000 0.218
3900.000 0.218
3905.000 0.222
3910.000 0.223
3915.000 0.222
3920.000 0.222
3925.000 0.223
3930.000 0.226
3935.000 0.224
3940.000 0.221
3945.000 0.221
3950.000 0.220
3955.000 0.226
3960.000 0.223
3965.000 0.221
3970.000 0.232
3975.000 0.223
3980.000 0.222
3985.000 0.230
3990.000 0.225
3995.000 0.221
4000.000 0.230
4005.000 0.223
4010.000 0.223
4015.000 0.224
4020.000 0.234
4025.000 0.227
4030.000 0.230
4035.000 0.231
4040.000 0.232
4045.000 0.234
4050.000 0.226
4055.000 0.233
4060.000 0.234
4065.000 0.231
4070.000 0.227
4075.000 0.233
4080.000 0.234
4085.000 0.236
4090.000 0.235
4095.000 0.236
4100.000 0.236
4105.000 0.236
4110.000 0.238
4115.000 0.236
4120.000 0.239
4125.000 0.240
4130.000 0.238
4135.000 0.238
4140.000 0.239
4145.000 0.239
4150.000 0.240
4155.000 0.242
4160.000 0.240
4165.000 0.241
4170.000 0.241
4175.000 0.242
4180.000 0.242
4185.000 0.242
4190.000 0.242
4195.000 0.243
4200.000 0.243
4205.000 0.241
4210.000 0.242
4215.000 0.242
4220.000 0.242
4225.000 0.240
4230.000 0.240
4235.000 0.242
4240.000 0.241
4245.000 0.240
4250.000 0.239
4255.000 0.240
4260.000 0.240
4265.000 0.241
4270.000 0.242
4275.000 0.240
4280.000 0.241
4285.000 0.242
4290.000 0.242
4295.000 0.242
4300.000 0.241
4305.000 0.242
4310.000 0.242
4315.000 0.243
4320.000 0.244
4325.000 0.243
4330.000 0.244
4335.000 0.245
4340.000 0.245
4345.000 0.245
4350.000 0.247
4355.000 0.246
4360.000 0.247
4365.000 0.248
4370.000 0.247
4375.000 0.248
4380.000 0.249
4385.000 0.246
4390.000 0.248
4395.000 0.248
4400.000 0.250
4405.000 0.251
4410.000 0.251
4415.000 0.251
4420.000 0.254
4425.000 0.254
4430.000 0.254
4435.000 0.255
4440.000 0.254
4445.000 0.254
4450.000 0.253
4455.000 0.255
4460.000 0.257
4465.000 0.257
4470.000 0.256
4475.000 0.257
4480.000 0.258
4485.000 0.262
4490.000 0.259
4495.000 0.260
4500.000 0.262
4505.000 0.262
4510.000 0.264
4515.000 0.264
4520.000 0.263
4525.000 0.264
4530.000 0.268
4535.000 0.266
4540.000 0.268
4545.000 0.270
4550.000 0.270
4555.000 0.272
4560.000 0.272
4565.000 0.272
4570.000 0.273
4575.000 0.274
4580.000 0.275
4585.000 0.277
4590.000 0.279
4595.000 0.277
4600.000 0.282
4605.000 0.282
4610.000 0.284
4615.000 0.286
4620.000 0.285
4625.000 0.286
4630.000 0.287
4635.000 0.290
4640.000 0.291
4645.000 0.293
4650.000 0.296
4655.000 0.298
4660.000 0.300
4665.000 0.300
4670.000 0.306
4675.000 0.306
4680.000 0.308
4685.000 0.312
4690.000 0.312
4695.000 0.314
4700.000 0.317
4705.000 0.321
4710.000 0.325
4715.000 0.328
4720.000 0.333
4725.000 0.338
4730.000 0.345
4735.000 0.349
4740.000 0.354
4745.000 0.357
4750.000 0.365
4755.000 0.373
4760.000 0.381
4765.000 0.390
4770.000 0.395
4775.000 0.401
4780.000 0.405
4785.000 0.415
4790.000 0.422
4795.000 0.430
4800.000 0.433
4805.000 0.440
4810.000 0.452
4815.000 0.462
4820.000 0.474
4825.000 0.484
4830.000 0.495
4835.000 0.508
4840.000 0.522
4845.000 0.537
4850.000 0.554
4855.000 0.571
4860.000 0.579
4865.000 0.599
4870.000 0.625
4875.000 0.643
4880.000 0.667
4885.000 0.700
4890.000 0.731
4895.000 0.774
4900.000 0.816
4905.000 0.874
4910.000 0.939
4915.000 1.024
4920.000 1.101
4925.000 1.143
4930.000 1.228
4935.000 1.337
4940.000 1.489
4945.000 1.692
4950.000 1.962
4955.000 2.339
4960.000 2.909
4965.000 3.783
4970.000 5.225
4975.000 7.504
4980.000 11.103
4985.000 13.438
4990.000 15.832
4995.000 3.364
5000.000 18.275
5005.000 21.599
5010.000 16.699
5015.000 10.629
5020.000 6.780
5025.000 4.970
5030.000 3.904
5035.000 3.135
5040.000 2.848
5045.000 2.415
5050.000 2.120
5055.000 1.900
5060.000 1.738
5065.000 1.577
5070.000 1.455
5075.000 1.350
5080.000 1.253
5085.000 1.180
5090.000 1.117
5095.000 1.064
5100.000 1.016
5105.000 0.996
5110.000 0.961
5115.000 0.934
5120.000 0.904
5125.000 0.881
5130.000 0.859
5135.000 0.840
5140.000 0.827
5145.000 0.812
5150.000 0.797
5155.000 0.781
5160.000 0.772
5165.000 0.766
5170.000 0.759
5175.000 0.748
5180.000 0.740
5185.000 0.733
5190.000 0.725
5195.000 0.715
5200.000 0.710
5205.000 0.705
5210.000 0.696
5215.000 0.692
5220.000 0.688
5225.000 0.683
5230.000 0.681
5235.000 0.677
5240.000 0.672
5245.000 0.669
5250.000 0.664
5255.000 0.662
5260.000 0.658
5265.000 0.655
5270.000 0.651
5275.000 0.648
5280.000 0.644
5285.000 0.642
5290.000 0.638
5295.000 0.634
5300.000 0.632
5305.000 0.628
5310.000 0.626
5315.000 0.623
5320.000 0.618
5325.000 0.616
5330.000 0.613
5335.000 0.608
5340.000 0.607
5345.000 0.606
5350.000 0.601
5355.000 0.597
5360.000 0.595
5365.000 0.589
5370.000 0.585
5375.000 0.584
5380.000 0.577
5385.000 0.575
5390.000 0.573
5395.000 0.571
5400.000 0.567
5405.000 0.564
5410.000 0.559
5415.000 0.557
5420.000 0.555
5425.000 0.549
5430.000 0.547
5435.000 0.542
5440.000 0.539
5445.000 0.536
5450.000 0.532
5455.000 0.527
5460.000 0.525
5465.000 0.523
5470.000 0.521
5475.000 0.519
5480.000 0.514
5485.000 0.510
5490.000 0.505
5495.000 0.504
5500.000 0.501
5505.000 0.499
5510.000 0.498
5515.000 0.494
5520.000 0.490
5525.000 0.494
5530.000 0.493
5535.000 0.485
5540.000 0.482
5545.000 0.480
5550.000 0.476
5555.000 0.472
5560.000 0.472
5565.000 0.467
5570.000 0.465
5575.000 0.462
5580.000 0.461
5585.000 0.459
5590.000 0.457
5595.000 0.455
5600.000 0.456
5605.000 0.452
5610.000 0.451
5615.000 0.449
5620.000 0.449
5625.000 0.447
5630.000 0.445
5635.000 0.442
5640.000 0.442
5645.000 0.440
5650.000 0.441
5655.000 0.441
5660.000 0.441
5665.000 0.437
5670.000 0.438
5675.000 0.435
5680.000 0.436
5685.000 0.435
5690.000 0.433
5695.000 0.435
5700.000 0.433
5705.000 0.431
5710.000 0.432
5715.000 0.431
5720.000 0.431
5725.000 0.430
5730.000 0.434
5735.000 0.431
5740.000 0.433
5745.000 0.431
5750.000 0.433
5755.000 0.433
5760.000 0.433
5765.000 0.433
5770.000 0.434
5775.000 0.432
5780.000 0.432
5785.000 0.436
5790.000 0.438
5795.000 0.437
5800.000 0.438
5805.000 0.439
5810.000 0.442
5815.000 0.441
5820.000 0.447
5825.000 0.447
5830.000 0.449
5835.000 0.448
5840.000 0.452
5845.000 0.453
5850.000 0.458
5855.000 0.459
5860.000 0.460
5865.000 0.464
5870.000 0.468
5875.000 0.471
5880.000 0.474
5885.000 0.478
5890.000 0.484
5895.000 0.486
5900.000 0.490
5905.000 0.492
5910.000 0.498
5915.000 0.501
5920.000 0.511
5925.000 0.511
5930.000 0.516
5935.000 0.526
5940.000 0.533
5945.000 0.540
5950.000 0.546
5955.000 0.554
5960.000 0.562
5965.000 0.573
5970.000 0.577
5975.000 0.594
5980.000 0.603
5985.000 0.605
5990.000 0.615
5995.000 0.620
6000.000 0.636
6005.000 0.630
6010.000 0.638
6015.000 0.645
6020.000 0.666
6025.000 0.671
6030.000 0.683
6035.000 0.690
6040.000 0.707
6045.000 0.716
6050.000 0.721
6055.000 0.743
6060.000 0.758
6065.000 0.768
6070.000 0.792
6075.000 0.801
6080.000 0.819
6085.000 0.842
6090.000 0.861
6095.000 0.892
6100.000 0.921
6105.000 0.953
6110.000 0.981
6115.000 1.007
6120.000 1.054
6125.000 1.086
6130.000 1.129
6135.000 1.175
6140.000 1.198
6145.000 1.256
6150.000 1.307
6155.000 1.386
6160.000 1.458
6165.000 1.544
6170.000 1.641
6175.000 1.749
6180.000 1.885
6185.000 2.048
6190.000 2.255
6195.000 2.517
6200.000 2.685
6205.000 3.085
6210.000 3.664
6215.000 4.464
6220.000 5.647
6225.000 7.411
6230.000 9.969
6235.000 13.415
6240.000 17.883
6245.000 22.092
6250.000 24.503
6255.000 24.194
6260.000 20.131
6265.000 14.041
6270.000 8.596
6275.000 6.401
6280.000 4.930
6285.000 3.960
6290.000 3.278
6295.000 2.796
6300.000 2.457
6305.000 2.241
6310.000 2.010
6315.000 1.866
6320.000 1.764
6325.000 1.595
6330.000 1.458
6335.000 1.346
6340.000 1.251
6345.000 1.173
6350.000 1.102
6355.000 1.043
6360.000 0.987
6365.000 0.940
6370.000 0.894
6375.000 0.857
6380.000 0.837
6385.000 0.803
6390.000 0.771
6395.000 0.743
6400.000 0.717
6405.000 0.693
6410.000 0.666
6415.000 0.650
6420.000 0.629
6425.000 0.612
6430.000 0.594
6435.000 0.576
6440.000 0.563
6445.000 0.553
6450.000 0.538
6455.000 0.525
6460.000 0.509
6465.000 0.496
6470.000 0.482
6475.000 0.468
6480.000 0.454
6485.000 0.441
6490.000 0.426
6495.000 0.410
6500.000 0.403
6505.000 0.388
6510.000 0.372
6515.000 0.355
6520.000 0.338
6525.000 0.318
6530.000 0.299
6535.000 0.279
6540.000 0.257
6545.000 0.239
6550.000 0.226
6555.000 0.232
6560.000 0.281
6565.000 0.326
6570.000 0.494
6575.000 0.862
6580.000 2.163
6585.000 7.380
6590.000 13.306
6595.000 9.342
6600.000 7.268
6605.000 4.167
6610.000 2.478
6615.000 2.102
6620.000 1.639
6625.000 1.462
6630.000 1.191
6635.000 1.062
6640.000 0.966
6645.000 0.900
6650.000 0.838
6655.000 0.792
6660.000 0.758
6665.000 0.724
6670.000 0.700
6675.000 0.677
6680.000 0.658
6685.000 0.641
6690.000 0.636
6695.000 0.621
6700.000 0.609
6705.000 0.601
6710.000 0.592
6715.000 0.586
6720.000 0.578
6725.000 0.571
6730.000 0.568
6735.000 0.560
6740.000 0.555
6745.000 0.554
6750.000 0.549
6755.000 0.546
6760.000 0.538
6765.000 0.539
6770.000 0.536
6775.000 0.530
6780.000 0.530
6785.000 0.527
6790.000 0.525
6795.000 0.523
6800.000 0.519
6805.000 0.519
6810.000 0.517
6815.000 0.513
6820.000 0.511
6825.000 0.508
6830.000 0.506
6835.000 0.504
6840.000 0.503
6845.000 0.500
6850.000 0.499
6855.000 0.500
6860.000 0.498
6865.000 0.497
6870.000 0.496
6875.000 0.495
6880.000 0.494
6885.000 0.493
6890.000 0.491
6895.000 0.491
6900.000 0.490
6905.000 0.489
6910.000 0.489
6915.000 0.489
6920.000 0.487
6925.000 0.488
6930.000 0.485
6935.000 0.488
6940.000 0.485
6945.000 0.485
6950.000 0.486
6955.000 0.482
6960.000 0.487
6965.000 0.486
6970.000 0.480
6975.000 0.484
6980.000 0.487
6985.000 0.486
6990.000 0.480
6995.000 0.476
7000.000 0.484
7005.000 0.483
7010.000 0.490
7015.000 0.485
7020.000 0.486
7025.000 0.477
7030.000 0.484
7035.000 0.520
7040.000 0.515
7045.000 0.510
7050.000 0.502
7055.000 0.502
7060.000 0.498
7065.000 0.497
7070.000 0.492
7075.000 0.492
7080.000 0.494
7085.000 0.493
7090.000 0.496
7095.000 0.494
7100.000 0.497
7105.000 0.497
7110.000 0.500
7115.000 0.499
7120.000 0.502
7125.000 0.503
7130.000 0.504
7135.000 0.506
7140.000 0.506
7145.000 0.509
7150.000 0.514
7155.000 0.512
7160.000 0.517
7165.000 0.519
7170.000 0.521
7175.000 0.521
7180.000 0.523
7185.000 0.527
7190.000 0.530
7195.000 0.533
7200.000 0.536
7205.000 0.541
7210.000 0.543
7215.000 0.542
7220.000 0.551
7225.000 0.554
7230.000 0.558
7235.000 0.561
7240.000 0.567
7245.000 0.573
7250.000 0.577
7255.000 0.584
7260.000 0.587
7265.000 0.598
7270.000 0.604
7275.000 0.612
7280.000 0.621
7285.000 0.629
7290.000 0.633
7295.000 0.644
7300.000 0.656
7305.000 0.668
7310.000 0.680
7315.000 0.698
7320.000 0.709
7325.000 0.724
7330.000 0.742
7335.000 0.763
7340.000 0.777
7345.000 0.797
7350.000 0.828
7355.000 0.842
7360.000 0.864
7365.000 0.943
7370.000 0.957
7375.000 0.945
7380.000 0.946
7385.000 0.960
7390.000 0.980
7395.000 1.018
7400.000 1.051
7405.000 1.101
7410.000 1.159
7415.000 1.223
7420.000 1.257
7425.000 1.347
7430.000 1.454
7435.000 1.603
7440.000 1.808
7445.000 2.105
7450.000 2.538
7455.000 3.150
7460.000 3.903
7465.000 4.498
7470.000 3.996
7475.000 2.755
7480.000 2.234
7485.000 1.801
7490.000 1.326
7495.000 1.178
7500.000 1.238
7505.000 1.087
7510.000 0.943
7515.000 0.776
7520.000 0.655
7525.000 0.561
7530.000 0.482
7535.000 0.452
7540.000 0.399
7545.000 0.360
7550.000 0.327
7555.000 0.305
7560.000 0.285
7565.000 0.274
7570.000 0.261
7575.000 0.255
7580.000 0.250
7585.000 0.247
7590.000 0.246
7595.000 0.247
7600.000 0.245
7605.000 0.248
7610.000 0.249
7615.000 0.252
7620.000 0.255
7625.000 0.255
7630.000 0.257
7635.000 0.260
7640.000 0.262
7645.000 0.263
7650.000 0.266
7655.000 0.271
7660.000 0.273
7665.000 0.272
7670.000 0.279
7675.000 0.280
7680.000 0.284
7685.000 0.288
7690.000 0.290
7695.000 0.295
7700.000 0.295
7705.000 0.296
7710.000 0.298
7715.000 0.305
7720.000 0.304
7725.000 0.306
7730.000 0.309
7735.000 0.312
7740.000 0.314
7745.000 0.317
7750.000 0.318
7755.000 0.321
7760.000 0.323
7765.000 0.325
7770.000 0.330
7775.000 0.329
7780.000 0.332
7785.000 0.334
7790.000 0.338
7795.000 0.339
7800.000 0.345
7805.000 0.345
7810.000 0.345
7815.000 0.351
7820.000 0.350
7825.000 0.356
7830.000 0.353
7835.000 0.358
7840.000 0.359
7845.000 0.364
7850.000 0.365
7855.000 0.368
7860.000 0.373
7865.000 0.371
7870.000 0.373
7875.000 0.380
7880.000 0.380
7885.000 0.383
7890.000 0.381
7895.000 0.387
7900.000 0.391
7905.000 0.394
7910.000 0.395
7915.000 0.397
7920.000 0.397
7925.000 0.401
7930.000 0.407
7935.000 0.407
7940.000 0.404
7945.000 0.409
7950.000 0.407
7955.000 0.416
7960.000 0.412
7965.000 0.417
7970.000 0.416
7975.000 0.427
7980.000 0.427
7985.000 0.424
7990.000 0.425
7995.000 0.419
8000.000 0.435
8005.000 0.423
8010.000 0.425
8015.000 0.429
8020.000 0.440
8025.000 0.429
8030.000 0.437
8035.000 0.439
8040.000 0.429
8045.000 0.424
8050.000 0.418
8055.000 0.392
8060.000 0.349
8065.000 0.259
8070.000 0.143
8075.000 1.412
8080.000 5.803
8085.000 8.184
8090.000 7.625
8095.000 0.833
8100.000 0.332
8105.000 0.459
8110.000 0.479
8115.000 0.401
8120.000 0.380
8125.000 0.367
8130.000 0.362
8135.000 0.359
8140.000 0.357
8145.000 0.355
8150.000 0.361
8155.000 0.361
8160.000 0.362
8165.000 0.366
8170.000 0.366
8175.000 0.369
8180.000 0.374
8185.000 0.371
8190.000 0.375
8195.000 0.380
8200.000 0.386
8205.000 0.389
8210.000 0.390
8215.000 0.392
8220.000 0.395
8225.000 0.397
8230.000 0.399
8235.000 0.404
8240.000 0.406
8245.000 0.409
8250.000 0.411
8255.000 0.415
8260.000 0.418
8265.000 0.417
8270.000 0.422
8275.000 0.424
8280.000 0.426
8285.000 0.434
8290.000 0.435
8295.000 0.440
8300.000 0.444
8305.000 0.448
8310.000 0.450
8315.000 0.453
8320.000 0.459
8325.000 0.461
8330.000 0.467
8335.000 0.469
8340.000 0.475
8345.000 0.479
8350.000 0.484
8355.000 0.489
8360.000 0.497
8365.000 0.503
8370.000 0.505
8375.000 0.512
8380.000 0.520
8385.000 0.525
8390.000 0.530
8395.000 0.539
8400.000 0.547
8405.000 0.553
8410.000 0.563
8415.000 0.572
8420.000 0.581
8425.000 0.592
8430.000 0.601
8435.000 0.608
8440.000 0.613
8445.000 0.625
8450.000 0.634
8455.000 0.639
8460.000 0.647
8465.000 0.663
8470.000 0.675
8475.000 0.685
8480.000 0.696
8485.000 0.711
8490.000 0.732
8495.000 0.755
8500.000 0.772
8505.000 0.800
8510.000 0.814
8515.000 0.839
8520.000 0.880
8525.000 0.923
8530.000 0.973
8535.000 1.044
8540.000 1.145
8545.000 1.294
8550.000 1.574
8555.000 2.201
8560.000 3.763
8565.000 6.317
8570.000 6.829
8575.000 1.750
8580.000 0.905
8585.000 0.915
8590.000 0.754
8595.000 0.762
8600.000 0.915
8605.000 1.106
8610.000 1.279
8615.000 1.484
8620.000 1.727
8625.000 2.023
8630.000 2.400
8635.000 2.918
8640.000 3.592
8645.000 4.486
8650.000 5.567
8655.000 6.147
8660.000 7.202
8665.000 7.767
8670.000 7.311
8675.000 5.805
8680.000 4.222
8685.000 2.987
8690.000 2.099
8695.000 1.438
8700.000 0.923
8705.000 0.478
8710.000 0.114
8715.000 0.225
8720.000 0.465
8725.000 0.571
8730.000 0.573
8735.000 0.542
8740.000 0.501
8745.000 0.472
8750.000 0.433
8755.000 0.395
8760.000 0.368
8765.000 0.348
8770.000 0.334
8775.000 0.315
8780.000 0.300
8785.000 0.282
8790.000 0.265
8795.000 0.252
8800.000 0.243
8805.000 0.230
8810.000 0.224
8815.000 0.220
8820.000 0.193
8825.000 0.203
8830.000 0.176
8835.000 0.204
8840.000 0.179
8845.000 0.183
8850.000 0.182
8855.000 0.181
8860.000 0.178
8865.000 0.178
8870.000 0.177
8875.000 0.176
8880.000 0.176
8885.000 0.176
8890.000 0.176
8895.000 0.176
8900.000 0.175
8905.000 0.175
8910.000 0.176
8915.000 0.176
8920.000 0.178
8925.000 0.178
8930.000 0.179
8935.000 0.182
8940.000 0.179
8945.000 0.180
8950.000 0.184
8955.000 0.189
8960.000 0.185
8965.000 0.185
8970.000 0.190
8975.000 0.183
8980.000 0.185
8985.000 0.193
8990.000 0.186
8995.000 0.186
9000.000 0.197
9005.000 0.191
9010.000 0.192
9015.000 0.195
9020.000 0.201
9025.000 0.205
9030.000 0.205
9035.000 0.198
9040.000 0.201
9045.000 0.202
9050.000 0.206
9055.000 0.205
9060.000 0.210
9065.000 0.216
9070.000 0.212
9075.000 0.211
9080.000 0.213
9085.000 0.212
9090.000 0.217
9095.000 0.218
9100.000 0.219
9105.000 0.217
9110.000 0.219
9115.000 0.220
9120.000 0.220
9125.000 0.220
9130.000 0.222
9135.000 0.223
9140.000 0.223
9145.000 0.225
9150.000 0.225
9155.000 0.223
9160.000 0.226
9165.000 0.230
9170.000 0.230
9175.000 0.232
9180.000 0.232
9185.000 0.232
9190.000 0.235
9195.000 0.237
9200.000 0.238
9205.000 0.239
9210.000 0.239
9215.000 0.240
9220.000 0.240
9225.000 0.242
9230.000 0.245
9235.000 0.245
9240.000 0.245
9245.000 0.247
9250.000 0.247
9255.000 0.248
9260.000 0.252
9265.000 0.250
9270.000 0.253
9275.000 0.252
9280.000 0.256
9285.000 0.259
9290.000 0.258
9295.000 0.260
9300.000 0.261
9305.000 0.263
9310.000 0.266
9315.000 0.267
9320.000 0.271
9325.000 0.270
9330.000 0.274
9335.000 0.275
9340.000 0.280
9345.000 0.280
9350.000 0.285
9355.000 0.284
9360.000 0.291
9365.000 0.297
9370.000 0.302
9375.000 0.301
9380.000 0.309
9385.000 0.313
9390.000 0.317
9395.000 0.324
9400.000 0.333
9405.000 0.340
9410.000 0.347
9415.000 0.358
9420.000 0.368
9425.000 0.377
9430.000 0.392
9435.000 0.412
9440.000 0.429
9445.000 0.440
9450.000 0.464
9455.000 0.491
9460.000 0.538
9465.000 0.586
9470.000 0.658
9475.000 0.769
9480.000 0.960
9485.000 1.322
9490.000 2.080
9495.000 3.568
9500.000 4.623
9505.000 7.232
9510.000 8.769
9515.000 4.332
9520.000 0.384
9525.000 0.745
9530.000 0.644
9535.000 0.403
9540.000 0.340
9545.000 0.269
9550.000 0.221
9555.000 0.186
9560.000 0.160
9565.000 0.152
9570.000 0.137
9575.000 0.121
9580.000 0.112
9585.000 0.105
9590.000 0.097
9595.000 0.094
9600.000 0.088
9605.000 0.086
9610.000 0.089
9615.000 0.082
9620.000 0.082
9625.000 0.086
9630.000 0.087
9635.000 0.089
9640.000 0.091
9645.000 0.094
9650.000 0.099
9655.000 0.104
9660.000 0.109
9665.000 0.117
9670.000 0.125
9675.000 0.132
9680.000 0.141
9685.000 0.150
9690.000 0.155
9695.000 0.167
9700.000 0.181
9705.000 0.197
9710.000 0.211
9715.000 0.232
9720.000 0.254
9725.000 0.278
9730.000 0.308
9735.000 0.341
9740.000 0.381
9745.000 0.404
9750.000 0.458
9755.000 0.511
9760.000 0.573
9765.000 0.656
9770.000 0.743
9775.000 0.839
9780.000 0.951
9785.000 1.093
9790.000 1.283
9795.000 1.520
9800.000 1.836
9805.000 2.030
9810.000 2.524
9815.000 3.174
9820.000 4.002
9825.000 5.026
9830.000 6.206
9835.000 7.445
9840.000 8.550
9845.000 9.132
9850.000 8.798
9855.000 7.605
9860.000 6.118
9865.000 4.840
9870.000 4.319
9875.000 3.454
9880.000 2.828
9885.000 2.371
9890.000 2.030
9895.000 1.747
9900.000 1.525
9905.000 1.422
9910.000 1.347
9915.000 1.210
9920.000 1.135
9925.000 1.110
9930.000 1.101
9935.000 1.071
9940.000 1.051
9945.000 1.028
9950.000 1.002
9955.000 0.974
9960.000 0.954
9965.000 0.931
9970.000 0.912
9975.000 0.890
9980.000 0.873
9985.000 0.869
9990.000 0.842
9995.000 0.827
10000.000 0.812
10005.000 0.807
10010.000 0.794
10015.000 0.779
10020.000 0.769
10025.000 0.750
10030.000 0.748
10035.000 0.735
10040.000 0.723
10045.000 0.714
10050.000 0.702
10055.000 0.697
10060.000 0.691
10065.000 0.672
10070.000 0.673
10075.000 0.663
10080.000 0.655
10085.000 0.648
10090.000 0.636
10095.000 0.624
10100.000 0.613
10105.000 0.605
10110.000 0.596
10115.000 0.594
10120.000 0.584
10125.000 0.574
10130.000 0.567
10135.000 0.558
10140.000 0.543
10145.000 0.527
10150.000 0.514
10155.000 0.494
10160.000 0.472
10165.000 0.441
10170.000 0.396
10175.000 0.368
10180.000 0.305
10185.000 0.224
10190.000 0.155
10195.000 0.388
10200.000 2.341
10205.000 4.468
10210.000 1.137
10215.000 2.876
10220.000 1.556
10225.000 1.430
10230.000 1.400
10235.000 1.250
10240.000 1.157
10245.000 1.038
10250.000 0.935
10255.000 0.857
10260.000 0.789
10265.000 0.737
10270.000 0.695
10275.000 0.673
10280.000 0.663
10285.000 0.653
10290.000 0.652
10295.000 0.649
10300.000 0.644
10305.000 0.634
10310.000 0.635
10315.000 0.630
10320.000 0.627
10325.000 0.620
10330.000 0.618
10335.000 0.614
10340.000 0.608
10345.000 0.607
10350.000 0.605
10355.000 0.603
10360.000 0.598
10365.000 0.593
10370.000 0.593
10375.000 0.592
10380.000 0.586
10385.000 0.587
10390.000 0.597
10395.000 0.591
10400.000 0.586
10405.000 0.581
10410.000 0.581
10415.000 0.582
10420.000 0.580
10425.000 0.576
10430.000 0.575
10435.000 0.576
10440.000 0.573
10445.000 0.570
10450.000 0.572
10455.000 0.570
10460.000 0.568
10465.000 0.580
10470.000 0.568
10475.000 0.573
10480.000 0.567
10485.000 0.562
10490.000 0.567
10495.000 0.565
10500.000 0.563
10505.000 0.557
10510.000 0.558
10515.000 0.558
10520.000 0.555
10525.000 0.554
10530.000 0.554
10535.000 0.554
10540.000 0.559
10545.000 0.553
10550.000 0.552
10555.000 0.554
10560.000 0.548
10565.000 0.550
10570.000 0.547
10575.000 0.545
10580.000 0.546
10585.000 0.545
10590.000 0.545
10595.000 0.543
10600.000 0.541
10605.000 0.541
10610.000 0.540
10615.000 0.538
10620.000 0.542
10625.000 0.544
10630.000 0.545
10635.000 0.542
10640.000 0.543
10645.000 0.540
10650.000 0.542
10655.000 0.541
10660.000 0.541
10665.000 0.539
10670.000 0.543
10675.000 0.545
10680.000 0.532
10685.000 0.537
10690.000 0.535
10695.000 0.534
10700.000 0.536
10705.000 0.538
10710.000 0.536
10715.000 0.535
10720.000 0.531
10725.000 0.527
10730.000 0.529
10735.000 0.524
10740.000 0.523
10745.000 0.521
10750.000 0.521
10755.000 0.517
10760.000 0.518
10765.000 0.512
10770.000 0.513
10775.000 0.506
10780.000 0.506
10785.000 0.499
10790.000 0.500
10795.000 0.492
10800.000 0.485
10805.000 0.472
10810.000 0.466
10815.000 0.455
10820.000 0.441
10825.000 0.422
10830.000 0.401
10835.000 0.377
10840.000 0.362
10845.000 0.329
10850.000 0.295
10855.000 0.260
10860.000 0.259
10865.000 0.394
10870.000 0.905
10875.000 1.836
10880.000 2.830
10885.000 3.317
10890.000 3.019
10895.000 2.624
10900.000 2.513
10905.000 2.646
10910.000 2.745
10915.000 1.853
10920.000 1.908
10925.000 1.792
10930.000 1.683
10935.000 1.593
10940.000 1.520
10945.000 1.457
10950.000 1.414
10955.000 1.393
10960.000 1.379
10965.000 1.380
10970.000 1.391
10975.000 1.413
10980.000 1.455
10985.000 1.520
10990.000 1.597
10995.000 1.691
11000.000 1.817
11005.000 1.931
11010.000 2.016
11015.000 1.985
11020.000 1.880
11025.000 1.777
11030.000 1.520
11035.000 1.259
11040.000 1.037
11045.000 0.877
11050.000 0.758
11055.000 0.682
11060.000 0.636
11065.000 0.611
11070.000 0.610
11075.000 0.614
11080.000 0.602
11085.000 0.583
11090.000 0.520
11095.000 0.438
11100.000 0.346
11105.000 0.256
11110.000 0.184
11115.000 0.147
11120.000 0.130
11125.000 0.128
11130.000 0.138
11135.000 0.149
11140.000 0.165
11145.000 0.179
11150.000 0.187
11155.000 0.206
11160.000 0.220
11165.000 0.239
11170.000 0.251
11175.000 0.269
11180.000 0.279
11185.000 0.290
11190.000 0.300
11195.000 0.306
11200.000 0.312
11205.000 0.315
11210.000 0.323
11215.000 0.322
11220.000 0.330
11225.000 0.334
11230.000 0.339
11235.000 0.344
11240.000 0.348
11245.000 0.353
11250.000 0.359
11255.000 0.357
11260.000 0.362
11265.000 0.363
11270.000 0.371
11275.000 0.371
11280.000 0.374
11285.000 0.379
11290.000 0.380
11295.000 0.383
11300.000 0.384
11305.000 0.386
11310.000 0.387
11315.000 0.389
11320.000 0.393
11325.000 0.389
11330.000 0.392
11335.000 0.392
11340.000 0.395
11345.000 0.398
11350.000 0.398
11355.000 0.401
11360.000 0.401
11365.000 0.402
11370.000 0.404
11375.000 0.405
11380.000 0.402
11385.000 0.408
11390.000 0.408
11395.000 0.411
11400.000 0.412
11405.000 0.410
11410.000 0.409
11415.000 0.410
11420.000 0.408
11425.000 0.412
11430.000 0.416
11435.000 0.416
11440.000 0.415
11445.000 0.416
11450.000 0.413
11455.000 0.412
11460.000 0.417
11465.000 0.417
11470.000 0.417
11475.000 0.419
11480.000 0.421
11485.000 0.421
11490.000 0.420
11495.000 0.420
11500.000 0.422
11505.000 0.425
11510.000 0.430
11515.000 0.429
11520.000 0.427
11525.000 0.425
11530.000 0.427
11535.000 0.427
11540.000 0.428
11545.000 0.427
11550.000 0.424
11555.000 0.427
11560.000 0.430
11565.000 0.429
11570.000 0.425
11575.000 0.425
11580.000 0.423
11585.000 0.430
11590.000 0.430
11595.000 0.429
11600.000 0.427
11605.000 0.427
11610.000 0.429
11615.000 0.429
11620.000 0.428
11625.000 0.431
11630.000 0.430
11635.000 0.429
11640.000 0.433
11645.000 0.433
11650.000 0.429
11655.000 0.431
11660.000 0.433
11665.000 0.439
11670.000 0.434
11675.000 0.435
11680.000 0.434
11685.000 0.434
11690.000 0.437
11695.000 0.436
11700.000 0.435
11705.000 0.433
11710.000 0.432
11715.000 0.436
11720.000 0.430
11725.000 0.427
11730.000 0.419
11735.000 0.407
11740.000 0.390
11745.000 0.385
11750.000 0.422
11755.000 0.817
11760.000 1.685
11765.000 1.529
11770.000 0.674
11775.000 0.662
11780.000 0.464
11785.000 0.472
11790.000 0.439
11795.000 0.437
11800.000 0.430
11805.000 0.434
11810.000 0.436
11815.000 0.437
11820.000 0.438
11825.000 0.440
11830.000 0.441
11835.000 0.441
11840.000 0.439
11845.000 0.441
11850.000 0.443
11855.000 0.442
11860.000 0.447
11865.000 0.450
11870.000 0.451
11875.000 0.455
11880.000 0.456
11885.000 0.457
11890.000 0.458
11895.000 0.460
11900.000 0.462
11905.000 0.460
11910.000 0.463
11915.000 0.471
11920.000 0.469
11925.000 0.475
11930.000 0.475
11935.000 0.476
11940.000 0.479
11945.000 0.479
11950.000 0.478
11955.000 0.483
11960.000 0.490
11965.000 0.492
11970.000 0.498
11975.000 0.500
11980.000 0.505
11985.000 0.521
11990.000 0.515
11995.000 0.528
12000.000 0.535
