105.000 0.044
110.000 0.174
115.000 2.602
120.000 2.827
125.000 3.207
130.000 3.441
135.000 3.706
140.000 3.625
145.000 3.721
150.000 3.743
155.000 3.570
160.000 3.671
165.000 3.600
170.000 3.383
175.000 3.413
180.000 3.531
185.000 3.385
190.000 3.392
195.000 3.473
200.000 3.457
205.000 3.537
210.000 3.588
215.000 3.662
220.000 3.634
225.000 3.779
230.000 3.835
235.000 3.845
240.000 3.990
245.000 4.009
250.000 4.068
255.000 4.085
260.000 4.207
265.000 4.245
270.000 4.244
275.000 4.287
280.000 4.359
285.000 4.359
290.000 4.349
295.000 4.293
300.000 4.354
305.000 4.350
310.000 4.336
315.000 4.370
320.000 4.424
325.000 4.534
330.000 4.644
335.000 4.800
340.000 5.053
345.000 5.168
350.000 5.357
355.000 5.579
360.000 5.826
365.000 6.098
370.000 6.390
375.000 6.769
380.000 7.098
385.000 7.422
390.000 7.796
395.000 8.040
400.000 8.188
405.000 8.424
410.000 8.537
415.000 8.576
420.000 8.442
425.000 8.157
430.000 7.657
435.000 6.956
440.000 6.064
445.000 5.239
450.000 4.490
455.000 3.844
460.000 3.317
465.000 3.086
470.000 2.701
475.000 2.424
480.000 2.214
485.000 2.072
490.000 1.947
495.000 1.830
500.000 1.726
505.000 1.638
510.000 1.542
515.000 1.473
520.000 1.386
525.000 1.353
530.000 1.274
535.000 1.226
540.000 1.161
545.000 1.124
550.000 1.057
555.000 1.006
560.000 0.949
565.000 0.902
570.000 0.856
575.000 0.820
580.000 0.778
585.000 0.742
590.000 0.727
595.000 0.698
600.000 0.667
605.000 0.645
610.000 0.623
615.000 0.602
620.000 0.589
625.000 0.575
630.000 0.562
635.000 0.544
640.000 0.526
645.000 0.515
650.000 0.508
655.000 0.497
660.000 0.487
665.000 0.476
670.000 0.461
675.000 0.458
680.000 0.446
685.000 0.433
690.000 0.432
695.000 0.430
700.000 0.425
705.000 0.410
710.000 0.405
715.000 0.401
720.000 0.387
725.000 0.392
730.000 0.378
735.000 0.378
740.000 0.369
745.000 0.363
750.000 0.365
755.000 0.367
760.000 0.357
765.000 0.361
770.000 0.356
775.000 0.353
780.000 0.353
785.000 0.367
790.000 0.351
795.000 0.352
800.000 0.348
805.000 0.340
810.000 0.345
815.000 0.349
820.000 0.332
825.000 0.332
830.000 0.324
835.000 0.326
840.000 0.326
845.000 0.327
850.000 0.320
855.000 0.321
860.000 0.326
865.000 0.314
870.000 0.320
875.000 0.321
880.000 0.314
885.000 0.316
890.000 0.307
895.000 0.313
900.000 0.309
905.000 0.315
910.000 0.305
915.000 0.309
920.000 0.307
925.000 0.306
930.000 0.306
935.000 0.312
940.000 0.309
945.000 0.306
950.000 0.307
955.000 0.305
960.000 0.304
965.000 0.306
970.000 0.311
975.000 0.298
980.000 0.299
985.000 0.315
990.000 0.299
995.000 0.301
1000.000 0.309
1005.000 0.300
1010.000 0.299
1015.000 0.299
1020.000 0.312
1025.000 0.312
1030.000 0.310
1035.000 0.305
1040.000 0.305
1045.000 0.304
1050.000 0.301
1055.000 0.299
1060.000 0.302
1065.000 0.310
1070.000 0.308
1075.000 0.302
1080.000 0.307
1085.000 0.300
1090.000 0.302
1095.000 0.302
1100.000 0.306
1105.000 0.300
1110.000 0.302
1115.000 0.299
1120.000 0.304
1125.000 0.309
1130.000 0.307
1135.000 0.306
1140.000 0.302
1145.000 0.310
1150.000 0.305
1155.000 0.302
1160.000 0.305
1165.000 0.306
1170.000 0.300
1175.000 0.306
1180.000 0.306
1185.000 0.303
1190.000 0.307
1195.000 0.306
1200.000 0.307
1205.000 0.306
1210.000 0.304
1215.000 0.311
1220.000 0.313
1225.000 0.309
1230.000 0.309
1235.000 0.313
1240.000 0.310
1245.000 0.315
1250.000 0.314
1255.000 0.315
1260.000 0.309
1265.000 0.316
1270.000 0.314
1275.000 0.316
1280.000 0.317
1285.000 0.319
1290.000 0.316
1295.000 0.318
1300.000 0.318
1305.000 0.321
1310.000 0.314
1315.000 0.320
1320.000 0.322
1325.000 0.322
1330.000 0.319
1335.000 0.321
1340.000 0.327
1345.000 0.320
1350.000 0.321
1355.000 0.320
1360.000 0.322
1365.000 0.318
1370.000 0.323
1375.000 0.322
1380.000 0.324
1385.000 0.323
1390.000 0.321
1395.000 0.324
1400.000 0.319
1405.000 0.322
1410.000 0.325
1415.000 0.322
1420.000 0.318
1425.000 0.317
1430.000 0.314
1435.000 0.316
1440.000 0.313
1445.000 0.315
1450.000 0.317
1455.000 0.316
1460.000 0.319
1465.000 0.327
1470.000 0.326
1475.000 0.328
1480.000 0.335
1485.000 0.334
1490.000 0.335
1495.000 0.340
1500.000 0.342
1505.000 0.343
1510.000 0.340
1515.000 0.349
1520.000 0.348
1525.000 0.352
1530.000 0.357
1535.000 0.356
1540.000 0.360
1545.000 0.363
1550.000 0.370
1555.000 0.365
1560.000 0.362
1565.000 0.372
1570.000 0.374
1575.000 0.372
1580.000 0.379
1585.000 0.384
1590.000 0.385
1595.000 0.387
1600.000 0.389
1605.000 0.394
1610.000 0.395
1615.000 0.401
1620.000 0.405
1625.000 0.401
1630.000 0.414
1635.000 0.411
1640.000 0.417
1645.000 0.421
1650.000 0.427
1655.000 0.419
1660.000 0.437
1665.000 0.437
1670.000 0.443
1675.000 0.447
1680.000 0.448
1685.000 0.455
1690.000 0.459
1695.000 0.465
1700.000 0.475
1705.000 0.478
1710.000 0.490
1715.000 0.487
1720.000 0.493
1725.000 0.498
1730.000 0.508
1735.000 0.518
1740.000 0.521
1745.000 0.525
1750.000 0.530
1755.000 0.539
1760.000 0.541
1765.000 0.555
1770.000 0.561
1775.000 0.565
1780.000 0.576
1785.000 0.588
1790.000 0.588
1795.000 0.597
1800.000 0.597
1805.000 0.596
1810.000 0.604
1815.000 0.614
1820.000 0.618
1825.000 0.622
1830.000 0.619
1835.000 0.628
1840.000 0.634
1845.000 0.626
1850.000 0.635
1855.000 0.637
1860.000 0.637
1865.000 0.641
1870.000 0.637
1875.000 0.637
1880.000 0.631
1885.000 0.630
1890.000 0.631
1895.000 0.628
1900.000 0.621
1905.000 0.619
1910.000 0.612
1915.000 0.604
1920.000 0.597
1925.000 0.598
1930.000 0.590
1935.000 0.584
1940.000 0.577
1945.000 0.577
1950.000 0.573
1955.000 0.559
1960.000 0.555
1965.000 0.549
1970.000 0.548
1975.000 0.534
1980.000 0.530
1985.000 0.536
1990.000 0.515
1995.000 0.513
2000.000 0.507
2005.000 0.506
2010.000 0.511
2015.000 0.492
2020.000 0.498
2025.000 0.483
2030.000 0.485
2035.000 0.471
2040.000 0.464
2045.000 0.460
2050.000 0.457
2055.000 0.455
2060.000 0.453
2065.000 0.446
2070.000 0.444
2075.000 0.443
2080.000 0.433
2085.000 0.433
2090.000 0.432
2095.000 0.431
2100.000 0.425
2105.000 0.418
2110.000 0.419
2115.000 0.413
2120.000 0.407
2125.000 0.409
2130.000 0.404
2135.000 0.401
2140.000 0.404
2145.000 0.395
2150.000 0.391
2155.000 0.390
2160.000 0.391
2165.000 0.389
2170.000 0.382
2175.000 0.379
2180.000 0.380
2185.000 0.377
2190.000 0.370
2195.000 0.366
2200.000 0.363
2205.000 0.358
2210.000 0.356
2215.000 0.354
2220.000 0.348
2225.000 0.340
2230.000 0.336
2235.000 0.331
2240.000 0.325
2245.000 0.320
2250.000 0.309
2255.000 0.299
2260.000 0.289
2265.000 0.273
2270.000 0.259
2275.000 0.233
2280.000 0.220
2285.000 0.225
2290.000 0.254
2295.000 0.465
2300.000 1.361
2305.000 3.286
2310.000 7.735
2315.000 15.892
2320.000 24.116
2325.000 14.127
2330.000 2.724
2335.000 0.698
2340.000 0.036
2345.000 0.130
2350.000 0.178
2355.000 0.197
2360.000 0.220
2365.000 0.228
2370.000 0.236
2375.000 0.240
2380.000 0.237
2385.000 0.235
2390.000 0.238
2395.000 0.237
2400.000 0.238
2405.000 0.239
2410.000 0.238
2415.000 0.239
2420.000 0.239
2425.000 0.241
2430.000 0.239
2435.000 0.242
2440.000 0.243
2445.000 0.245
2450.000 0.244
2455.000 0.247
2460.000 0.246
2465.000 0.246
2470.000 0.247
2475.000 0.248
2480.000 0.249
2485.000 0.249
2490.000 0.250
2495.000 0.250
2500.000 0.251
2505.000 0.254
2510.000 0.254
2515.000 0.254
2520.000 0.257
2525.000 0.259
2530.000 0.258
2535.000 0.259
2540.000 0.261
2545.000 0.262
2550.000 0.263
2555.000 0.263
2560.000 0.267
2565.000 0.275
2570.000 0.289
2575.000 0.286
2580.000 0.289
2585.000 0.287
2590.000 0.286
2595.000 0.283
2600.000 0.284
2605.000 0.285
2610.000 0.284
2615.000 0.288
2620.000 0.290
2625.000 0.290
2630.000 0.293
2635.000 0.295
2640.000 0.296
2645.000 0.303
2650.000 0.303
2655.000 0.305
2660.000 0.305
2665.000 0.311
2670.000 0.312
2675.000 0.317
2680.000 0.319
2685.000 0.325
2690.000 0.328
2695.000 0.332
2700.000 0.337
2705.000 0.339
2710.000 0.344
2715.000 0.344
2720.000 0.349
2725.000 0.352
2730.000 0.356
2735.000 0.362
2740.000 0.367
2745.000 0.370
2750.000 0.372
2755.000 0.376
2760.000 0.381
2765.000 0.384
2770.000 0.390
2775.000 0.395
2780.000 0.397
2785.000 0.399
2790.000 0.404
2795.000 0.407
2800.000 0.412
2805.000 0.417
2810.000 0.422
2815.000 0.427
2820.000 0.431
2825.000 0.433
2830.000 0.439
2835.000 0.444
2840.000 0.447
2845.000 0.450
2850.000 0.456
2855.000 0.457
2860.000 0.460
2865.000 0.464
2870.000 0.469
2875.000 0.474
2880.000 0.477
2885.000 0.480
2890.000 0.483
2895.000 0.486
2900.000 0.487
2905.000 0.492
2910.000 0.493
2915.000 0.498
2920.000 0.504
2925.000 0.503
2930.000 0.505
2935.000 0.508
2940.000 0.510
2945.000 0.516
2950.000 0.516
2955.000 0.522
2960.000 0.520
2965.000 0.519
2970.000 0.516
2975.000 0.519
2980.000 0.518
2985.000 0.517
2990.000 0.522
2995.000 0.524
3000.000 0.516
3005.000 0.526
3010.000 0.530
3015.000 0.517
3020.000 0.518
3025.000 0.518
3030.000 0.516
3035.000 0.528
3040.000 0.521
3045.000 0.524
3050.000 0.527
3055.000 0.524
3060.000 0.523
3065.000 0.518
3070.000 0.521
3075.000 0.521
3080.000 0.516
3085.000 0.518
3090.000 0.515
3095.000 0.514
3100.000 0.515
3105.000 0.514
3110.000 0.513
3115.000 0.514
3120.000 0.511
3125.000 0.508
3130.000 0.510
3135.000 0.508
3140.000 0.507
3145.000 0.508
3150.000 0.507
3155.000 0.508
3160.000 0.510
3165.000 0.511
3170.000 0.508
3175.000 0.508
3180.000 0.504
3185.000 0.505
3190.000 0.507
3195.000 0.507
3200.000 0.507
3205.000 0.508
3210.000 0.507
3215.000 0.505
3220.000 0.507
3225.000 0.504
3230.000 0.504
3235.000 0.506
3240.000 0.505
3245.000 0.508
3250.000 0.506
3255.000 0.506
3260.000 0.509
3265.000 0.509
3270.000 0.507
3275.000 0.509
3280.000 0.512
3285.000 0.508
3290.000 0.509
3295.000 0.512
3300.000 0.513
3305.000 0.517
3310.000 0.521
3315.000 0.520
3320.000 0.521
3325.000 0.524
3330.000 0.524
3335.000 0.528
3340.000 0.528
3345.000 0.535
3350.000 0.538
3355.000 0.540
3360.000 0.546
3365.000 0.550
3370.000 0.551
3375.000 0.556
3380.000 0.558
3385.000 0.562
3390.000 0.565
3395.000 0.571
3400.000 0.578
3405.000 0.583
3410.000 0.591
3415.000 0.590
3420.000 0.594
3425.000 0.606
3430.000 0.611
3435.000 0.617
3440.000 0.627
3445.000 0.627
3450.000 0.639
3455.000 0.650
3460.000 0.658
3465.000 0.668
3470.000 0.680
3475.000 0.691
3480.000 0.704
3485.000 0.717
3490.000 0.732
3495.000 0.747
3500.000 0.764
3505.000 0.779
3510.000 0.787
3515.000 0.808
3520.000 0.823
3525.000 0.844
3530.000 0.856
3535.000 0.879
3540.000 0.892
3545.000 0.915
3550.000 0.938
3555.000 0.961
3560.000 0.984
3565.000 1.010
3570.000 1.024
3575.000 1.057
3580.000 1.088
3585.000 1.118
3590.000 1.153
3595.000 1.194
3600.000 1.241
3605.000 1.294
3610.000 1.352
3615.000 1.411
3620.000 1.480
3625.000 1.511
3630.000 1.591
3635.000 1.673
3640.000 1.775
3645.000 1.881
3650.000 2.020
3655.000 2.183
3660.000 2.392
3665.000 2.669
3670.000 3.038
3675.000 3.537
3680.000 4.256
3685.000 5.350
3690.000 6.083
3695.000 8.106
3700.000 11.540
3705.000 18.239
3710.000 29.913
3715.000 39.536
3720.000 34.505
3725.000 19.085
3730.000 12.004
3735.000 8.091
3740.000 5.802
3745.000 4.431
3750.000 3.916
3755.000 3.133
3760.000 2.576
3765.000 2.168
3770.000 1.866
3775.000 1.634
3780.000 1.456
3785.000 1.306
3790.000 1.190
3795.000 1.090
3800.000 1.007
3805.000 0.937
3810.000 0.877
3815.000 0.851
3820.000 0.801
3825.000 0.757
3830.000 0.720
3835.000 0.684
3840.000 0.655
3845.000 0.628
3850.000 0.604
3855.000 0.580
3860.000 0.561
3865.000 0.541
3870.000 0.533
3875.000 0.517
3880.000 0.502
3885.000 0.487
3890.000 0.475
3895.000 0.464
3900.000 0.453
3905.000 0.442
3910.000 0.433
3915.000 0.425
3920.000 0.417
3925.000 0.406
3930.000 0.406
3935.000 0.397
3940.000 0.391
3945.000 0.381
3950.000 0.377
3955.000 0.375
3960.000 0.369
3965.000 0.366
3970.000 0.353
3975.000 0.353
3980.000 0.350
3985.000 0.342
3990.000 0.337
3995.000 0.341
4000.000 0.340
4005.000 0.326
4010.000 0.322
4015.000 0.323
4020.000 0.327
4025.000 0.324
4030.000 0.320
4035.000 0.311
4040.000 0.308
4045.000 0.307
4050.000 0.312
4055.000 0.305
4060.000 0.304
4065.000 0.302
4070.000 0.302
4075.000 0.302
4080.000 0.297
4085.000 0.299
4090.000 0.298
4095.000 0.296
4100.000 0.293
4105.000 0.292
4110.000 0.292
4115.000 0.289
4120.000 0.288
4125.000 0.287
4130.000 0.288
4135.000 0.284
4140.000 0.284
4145.000 0.281
4150.000 0.281
4155.000 0.280
4160.000 0.276
4165.000 0.275
4170.000 0.275
4175.000 0.272
4180.000 0.273
4185.000 0.269
4190.000 0.267
4195.000 0.264
4200.000 0.262
4205.000 0.262
4210.000 0.260
4215.000 0.256
4220.000 0.254
4225.000 0.253
4230.000 0.251
4235.000 0.251
4240.000 0.250
4245.000 0.248
4250.000 0.246
4255.000 0.245
4260.000 0.245
4265.000 0.245
4270.000 0.245
4275.000 0.243
4280.000 0.244
4285.000 0.244
4290.000 0.244
4295.000 0.242
4300.000 0.242
4305.000 0.241
4310.000 0.243
4315.000 0.242
4320.000 0.241
4325.000 0.240
4330.000 0.243
4335.000 0.241
4340.000 0.242
4345.000 0.241
4350.000 0.242
4355.000 0.241
4360.000 0.243
4365.000 0.241
4370.000 0.241
4375.000 0.241
4380.000 0.239
4385.000 0.240
4390.000 0.241
4395.000 0.242
4400.000 0.240
4405.000 0.241
4410.000 0.241
4415.000 0.242
4420.000 0.243
4425.000 0.242
4430.000 0.241
4435.000 0.241
4440.000 0.243
4445.000 0.242
4450.000 0.241
4455.000 0.240
4460.000 0.242
4465.000 0.239
4470.000 0.241
4475.000 0.242
4480.000 0.242
4485.000 0.242
4490.000 0.241
4495.000 0.241
4500.000 0.243
4505.000 0.242
4510.000 0.242
4515.000 0.243
4520.000 0.242
4525.000 0.242
4530.000 0.241
4535.000 0.239
4540.000 0.240
4545.000 0.242
4550.000 0.242
4555.000 0.241
4560.000 0.243
4565.000 0.242
4570.000 0.243
4575.000 0.242
4580.000 0.242
4585.000 0.243
4590.000 0.243
4595.000 0.242
4600.000 0.243
4605.000 0.240
4610.000 0.243
4615.000 0.242
4620.000 0.244
4625.000 0.243
4630.000 0.243
4635.000 0.243
4640.000 0.244
4645.000 0.244
4650.000 0.244
4655.000 0.245
4660.000 0.245
4665.000 0.244
4670.000 0.243
4675.000 0.245
4680.000 0.243
4685.000 0.245
4690.000 0.244
4695.000 0.245
4700.000 0.245
4705.000 0.246
4710.000 0.248
4715.000 0.247
4720.000 0.249
4725.000 0.248
4730.000 0.246
4735.000 0.248
4740.000 0.249
4745.000 0.249
4750.000 0.250
4755.000 0.249
4760.000 0.252
4765.000 0.253
4770.000 0.252
4775.000 0.255
4780.000 0.253
4785.000 0.255
4790.000 0.255
4795.000 0.255
4800.000 0.257
4805.000 0.257
4810.000 0.259
4815.000 0.258
4820.000 0.261
4825.000 0.264
4830.000 0.264
4835.000 0.262
4840.000 0.265
4845.000 0.267
4850.000 0.266
4855.000 0.268
4860.000 0.270
4865.000 0.271
4870.000 0.271
4875.000 0.273
4880.000 0.274
4885.000 0.277
4890.000 0.279
4895.000 0.279
4900.000 0.283
4905.000 0.284
4910.000 0.288
4915.000 0.290
4920.000 0.294
4925.000 0.301
4930.000 0.309
4935.000 0.315
4940.000 0.325
4945.000 0.341
4950.000 0.362
4955.000 0.386
4960.000 0.437
4965.000 0.480
4970.000 0.612
4975.000 0.976
4980.000 2.084
4985.000 4.674
4990.000 9.035
4995.000 4.975
5000.000 4.129
5005.000 1.357
5010.000 3.015
5015.000 3.518
5020.000 1.155
5025.000 0.824
5030.000 0.746
5035.000 0.558
5040.000 0.432
5045.000 0.370
5050.000 0.324
5055.000 0.306
5060.000 0.283
5065.000 0.265
5070.000 0.257
5075.000 0.252
5080.000 0.241
5085.000 0.239
5090.000 0.234
5095.000 0.232
5100.000 0.226
5105.000 0.226
5110.000 0.223
5115.000 0.223
5120.000 0.223
5125.000 0.224
5130.000 0.224
5135.000 0.223
5140.000 0.223
5145.000 0.222
5150.000 0.222
5155.000 0.222
5160.000 0.225
5165.000 0.224
5170.000 0.223
5175.000 0.224
5180.000 0.224
5185.000 0.225
5190.000 0.226
5195.000 0.226
5200.000 0.227
5205.000 0.226
5210.000 0.227
5215.000 0.227
5220.000 0.227
5225.000 0.228
5230.000 0.230
5235.000 0.232
5240.000 0.230
5245.000 0.233
5250.000 0.233
5255.000 0.234
5260.000 0.235
5265.000 0.239
5270.000 0.239
5275.000 0.240
5280.000 0.242
5285.000 0.243
5290.000 0.246
5295.000 0.248
5300.000 0.249
5305.000 0.251
5310.000 0.254
5315.000 0.255
5320.000 0.260
5325.000 0.263
5330.000 0.263
5335.000 0.267
5340.000 0.267
5345.000 0.272
5350.000 0.276
5355.000 0.278
5360.000 0.281
5365.000 0.284
5370.000 0.287
5375.000 0.293
5380.000 0.293
5385.000 0.301
5390.000 0.301
5395.000 0.306
5400.000 0.310
5405.000 0.313
5410.000 0.315
5415.000 0.323
5420.000 0.326
5425.000 0.333
5430.000 0.338
5435.000 0.344
5440.000 0.347
5445.000 0.353
5450.000 0.360
5455.000 0.359
5460.000 0.365
5465.000 0.370
5470.000 0.375
5475.000 0.378
5480.000 0.379
5485.000 0.380
5490.000 0.380
5495.000 0.388
5500.000 0.394
5505.000 0.395
5510.000 0.392
5515.000 0.394
5520.000 0.405
5525.000 0.412
5530.000 0.419
5535.000 0.414
5540.000 0.407
5545.000 0.410
5550.000 0.412
5555.000 0.413
5560.000 0.417
5565.000 0.415
5570.000 0.419
5575.000 0.421
5580.000 0.425
5585.000 0.423
5590.000 0.426
5595.000 0.429
5600.000 0.431
5605.000 0.433
5610.000 0.433
5615.000 0.436
5620.000 0.439
5625.000 0.440
5630.000 0.444
5635.000 0.443
5640.000 0.446
5645.000 0.449
5650.000 0.449
5655.000 0.457
5660.000 0.454
5665.000 0.460
5670.000 0.461
5675.000 0.461
5680.000 0.463
5685.000 0.466
5690.000 0.468
5695.000 0.472
5700.000 0.474
5705.000 0.475
5710.000 0.476
5715.000 0.479
5720.000 0.484
5725.000 0.490
5730.000 0.492
5735.000 0.494
5740.000 0.496
5745.000 0.499
5750.000 0.498
5755.000 0.502
5760.000 0.505
5765.000 0.507
5770.000 0.512
5775.000 0.512
5780.000 0.519
5785.000 0.518
5790.000 0.523
5795.000 0.528
5800.000 0.529
5805.000 0.536
5810.000 0.536
5815.000 0.540
5820.000 0.546
5825.000 0.547
5830.000 0.551
5835.000 0.556
5840.000 0.564
5845.000 0.563
5850.000 0.574
5855.000 0.579
5860.000 0.581
5865.000 0.585
5870.000 0.589
5875.000 0.595
5880.000 0.601
5885.000 0.606
5890.000 0.613
5895.000 0.618
5900.000 0.625
5905.000 0.630
5910.000 0.633
5915.000 0.640
5920.000 0.645
5925.000 0.652
5930.000 0.660
5935.000 0.668
5940.000 0.672
5945.000 0.687
5950.000 0.691
5955.000 0.694
5960.000 0.702
5965.000 0.711
5970.000 0.726
5975.000 0.725
5980.000 0.737
5985.000 0.759
5990.000 0.762
5995.000 0.774
6000.000 0.773
6005.000 0.792
6010.000 0.803
6015.000 0.821
6020.000 0.819
6025.000 0.846
6030.000 0.848
6035.000 0.864
6040.000 0.870
6045.000 0.887
6050.000 0.910
6055.000 0.923
6060.000 0.939
6065.000 0.940
6070.000 0.959
6075.000 0.974
6080.000 0.987
6085.000 1.009
6090.000 1.025
6095.000 1.041
6100.000 1.069
6105.000 1.081
6110.000 1.110
6115.000 1.128
6120.000 1.140
6125.000 1.164
6130.000 1.191
6135.000 1.219
6140.000 1.250
6145.000 1.283
6150.000 1.316
6155.000 1.355
6160.000 1.394
6165.000 1.440
6170.000 1.487
6175.000 1.541
6180.000 1.608
6185.000 1.635
6190.000 1.709
6195.000 1.783
6200.000 1.870
6205.000 1.966
6210.000 2.079
6215.000 2.213
6220.000 2.362
6225.000 2.542
6230.000 2.769
6235.000 3.053
6240.000 3.429
6245.000 3.644
6250.000 4.105
6255.000 4.650
6260.000 5.542
6265.000 5.073
6270.000 3.308
6275.000 2.580
6280.000 2.531
6285.000 2.627
6290.000 2.722
6295.000 2.745
6300.000 2.718
6305.000 2.660
6310.000 2.576
6315.000 2.471
6320.000 2.317
6325.000 2.138
6330.000 1.979
6335.000 1.848
6340.000 1.734
6345.000 1.623
6350.000 1.529
6355.000 1.438
6360.000 1.359
6365.000 1.321
6370.000 1.249
6375.000 1.189
6380.000 1.128
6385.000 1.072
6390.000 1.022
6395.000 0.978
6400.000 0.934
6405.000 0.906
6410.000 0.864
6415.000 0.835
6420.000 0.800
6425.000 0.788
6430.000 0.759
6435.000 0.734
6440.000 0.708
6445.000 0.683
6450.000 0.653
6455.000 0.624
6460.000 0.601
6465.000 0.578
6470.000 0.557
6475.000 0.538
6480.000 0.520
6485.000 0.505
6490.000 0.496
6495.000 0.484
6500.000 0.469
6505.000 0.460
6510.000 0.449
6515.000 0.438
6520.000 0.429
6525.000 0.421
6530.000 0.413
6535.000 0.406
6540.000 0.399
6545.000 0.394
6550.000 0.388
6555.000 0.386
6560.000 0.380
6565.000 0.379
6570.000 0.382
6575.000 0.423
6580.000 0.634
6585.000 2.016
6590.000 5.788
6595.000 10.437
6600.000 8.869
6605.000 4.287
6610.000 0.999
6615.000 0.675
6620.000 0.388
6625.000 0.384
6630.000 0.363
6635.000 0.342
6640.000 0.326
6645.000 0.315
6650.000 0.303
6655.000 0.297
6660.000 0.291
6665.000 0.283
6670.000 0.282
6675.000 0.278
6680.000 0.273
6685.000 0.274
6690.000 0.271
6695.000 0.270
6700.000 0.265
6705.000 0.265
6710.000 0.262
6715.000 0.263
6720.000 0.262
6725.000 0.260
6730.000 0.260
6735.000 0.260
6740.000 0.260
6745.000 0.258
6750.000 0.257
6755.000 0.258
6760.000 0.256
6765.000 0.258
6770.000 0.258
6775.000 0.258
6780.000 0.256
6785.000 0.254
6790.000 0.257
6795.000 0.259
6800.000 0.258
6805.000 0.256
6810.000 0.258
6815.000 0.255
6820.000 0.253
6825.000 0.254
6830.000 0.253
6835.000 0.255
6840.000 0.253
6845.000 0.254
6850.000 0.253
6855.000 0.253
6860.000 0.252
6865.000 0.254
6870.000 0.255
6875.000 0.253
6880.000 0.252
6885.000 0.253
6890.000 0.253
6895.000 0.254
6900.000 0.253
6905.000 0.254
6910.000 0.252
6915.000 0.253
6920.000 0.251
6925.000 0.254
6930.000 0.253
6935.000 0.252
6940.000 0.250
6945.000 0.252
6950.000 0.250
6955.000 0.255
6960.000 0.250
6965.000 0.253
6970.000 0.250
6975.000 0.253
6980.000 0.255
6985.000 0.247
6990.000 0.255
6995.000 0.257
7000.000 0.253
7005.000 0.257
7010.000 0.252
7015.000 0.257
7020.000 0.246
7025.000 0.247
7030.000 0.250
7035.000 0.254
7040.000 0.256
7045.000 0.259
7050.000 0.249
7055.000 0.256
7060.000 0.256
7065.000 0.248
7070.000 0.251
7075.000 0.252
7080.000 0.252
7085.000 0.251
7090.000 0.252
7095.000 0.253
7100.000 0.252
7105.000 0.254
7110.000 0.252
7115.000 0.250
7120.000 0.251
7125.000 0.249
7130.000 0.251
7135.000 0.249
7140.000 0.251
7145.000 0.251
7150.000 0.252
7155.000 0.253
7160.000 0.251
7165.000 0.251
7170.000 0.251
7175.000 0.250
7180.000 0.251
7185.000 0.249
7190.000 0.252
7195.000 0.253
7200.000 0.252
7205.000 0.249
7210.000 0.252
7215.000 0.252
7220.000 0.254
7225.000 0.252
7230.000 0.253
7235.000 0.252
7240.000 0.250
7245.000 0.252
7250.000 0.253
7255.000 0.254
7260.000 0.251
7265.000 0.251
7270.000 0.252
7275.000 0.251
7280.000 0.251
7285.000 0.250
7290.000 0.249
7295.000 0.251
7300.000 0.250
7305.000 0.248
7310.000 0.247
7315.000 0.249
7320.000 0.247
7325.000 0.245
7330.000 0.243
7335.000 0.241
7340.000 0.243
7345.000 0.242
7350.000 0.241
7355.000 0.244
7360.000 0.245
7365.000 0.257
7370.000 0.253
7375.000 0.247
7380.000 0.237
7385.000 0.231
7390.000 0.232
7395.000 0.227
7400.000 0.221
7405.000 0.220
7410.000 0.214
7415.000 0.210
7420.000 0.201
7425.000 0.191
7430.000 0.180
7435.000 0.166
7440.000 0.150
7445.000 0.128
7450.000 0.107
7455.000 0.101
7460.000 0.117
7465.000 0.229
7470.000 0.566
7475.000 1.299
7480.000 1.887
7485.000 1.825
7490.000 1.356
7495.000 1.535
7500.000 1.575
7505.000 1.102
7510.000 0.678
7515.000 0.493
7520.000 0.402
7525.000 0.374
7530.000 0.338
7535.000 0.312
7540.000 0.300
7545.000 0.287
7550.000 0.275
7555.000 0.271
7560.000 0.267
7565.000 0.266
7570.000 0.265
7575.000 0.267
7580.000 0.264
7585.000 0.269
7590.000 0.272
7595.000 0.271
7600.000 0.274
7605.000 0.275
7610.000 0.281
7615.000 0.285
7620.000 0.284
7625.000 0.279
7630.000 0.276
7635.000 0.274
7640.000 0.274
7645.000 0.276
7650.000 0.272
7655.000 0.272
7660.000 0.271
7665.000 0.273
7670.000 0.275
7675.000 0.268
7680.000 0.269
7685.000 0.270
7690.000 0.269
7695.000 0.271
7700.000 0.268
7705.000 0.270
7710.000 0.268
7715.000 0.270
7720.000 0.266
7725.000 0.267
7730.000 0.267
7735.000 0.262
7740.000 0.264
7745.000 0.264
7750.000 0.264
7755.000 0.261
7760.000 0.261
7765.000 0.261
7770.000 0.259
7775.000 0.261
7780.000 0.260
7785.000 0.260
7790.000 0.259
7795.000 0.257
7800.000 0.258
7805.000 0.251
7810.000 0.249
7815.000 0.250
7820.000 0.249
7825.000 0.247
7830.000 0.250
7835.000 0.248
7840.000 0.247
7845.000 0.245
7850.000 0.242
7855.000 0.243
7860.000 0.237
7865.000 0.239
7870.000 0.233
7875.000 0.232
7880.000 0.231
7885.000 0.232
7890.000 0.231
7895.000 0.228
7900.000 0.227
7905.000 0.226
7910.000 0.223
7915.000 0.222
7920.000 0.220
7925.000 0.221
7930.000 0.220
7935.000 0.214
7940.000 0.213
7945.000 0.210
7950.000 0.212
7955.000 0.211
7960.000 0.209
7965.000 0.211
7970.000 0.208
7975.000 0.214
7980.000 0.215
7985.000 0.208
7990.000 0.215
7995.000 0.218
8000.000 0.219
8005.000 0.234
8010.000 0.240
8015.000 0.247
8020.000 0.253
8025.000 0.282
8030.000 0.309
8035.000 0.354
8040.000 0.408
8045.000 0.502
8050.000 0.648
8055.000 0.882
8060.000 1.308
8065.000 1.576
8070.000 2.449
8075.000 4.019
8080.000 6.558
8085.000 8.495
8090.000 9.118
8095.000 5.059
8100.000 3.174
8105.000 1.851
8110.000 1.517
8115.000 1.172
8120.000 0.958
8125.000 0.809
8130.000 0.749
8135.000 0.666
8140.000 0.604
8145.000 0.554
8150.000 0.519
8155.000 0.486
8160.000 0.460
8165.000 0.442
8170.000 0.420
8175.000 0.403
8180.000 0.389
8185.000 0.376
8190.000 0.368
8195.000 0.361
8200.000 0.350
8205.000 0.344
8210.000 0.336
8215.000 0.328
8220.000 0.326
8225.000 0.316
8230.000 0.315
8235.000 0.312
8240.000 0.304
8245.000 0.301
8250.000 0.297
8255.000 0.295
8260.000 0.289
8265.000 0.287
8270.000 0.281
8275.000 0.280
8280.000 0.278
8285.000 0.272
8290.000 0.269
8295.000 0.266
8300.000 0.265
8305.000 0.259
8310.000 0.257
8315.000 0.256
8320.000 0.251
8325.000 0.249
8330.000 0.244
8335.000 0.243
8340.000 0.239
8345.000 0.236
8350.000 0.233
8355.000 0.230
8360.000 0.227
8365.000 0.227
8370.000 0.223
8375.000 0.220
8380.000 0.217
8385.000 0.214
8390.000 0.210
8395.000 0.209
8400.000 0.202
8405.000 0.202
8410.000 0.198
8415.000 0.194
8420.000 0.191
8425.000 0.188
8430.000 0.184
8435.000 0.183
8440.000 0.180
8445.000 0.175
8450.000 0.172
8455.000 0.167
8460.000 0.162
8465.000 0.161
8470.000 0.155
8475.000 0.154
8480.000 0.151
8485.000 0.147
8490.000 0.143
8495.000 0.142
8500.000 0.139
8505.000 0.139
8510.000 0.134
8515.000 0.134
8520.000 0.133
8525.000 0.134
8530.000 0.136
8535.000 0.148
8540.000 0.171
8545.000 0.225
8550.000 0.347
8555.000 0.771
8560.000 1.532
8565.000 4.100
8570.000 7.186
8575.000 4.315
8580.000 3.176
8585.000 2.073
8590.000 1.326
8595.000 1.355
8600.000 1.331
8605.000 1.409
8610.000 1.518
8615.000 1.594
8620.000 1.783
8625.000 2.030
8630.000 2.318
8635.000 2.706
8640.000 3.247
8645.000 4.004
8650.000 5.042
8655.000 6.347
8660.000 7.799
8665.000 9.064
8670.000 9.555
8675.000 9.340
8680.000 7.945
8685.000 6.106
8690.000 4.454
8695.000 3.221
8700.000 2.481
8705.000 2.170
8710.000 2.079
8715.000 2.005
8720.000 1.900
8725.000 1.780
8730.000 1.662
8735.000 1.580
8740.000 1.529
8745.000 1.465
8750.000 1.402
8755.000 1.349
8760.000 1.293
8765.000 1.246
8770.000 1.208
8775.000 1.169
8780.000 1.141
8785.000 1.102
8790.000 1.076
8795.000 1.053
8800.000 1.028
8805.000 1.015
8810.000 0.999
8815.000 0.974
8820.000 0.976
8825.000 0.962
8830.000 0.949
8835.000 0.921
8840.000 0.921
8845.000 0.889
8850.000 0.870
8855.000 0.851
8860.000 0.844
8865.000 0.830
8870.000 0.822
8875.000 0.812
8880.000 0.801
8885.000 0.790
8890.000 0.777
8895.000 0.771
8900.000 0.761
8905.000 0.759
8910.000 0.752
8915.000 0.746
8920.000 0.742
8925.000 0.735
8930.000 0.728
8935.000 0.719
8940.000 0.717
8945.000 0.713
8950.000 0.701
8955.000 0.698
8960.000 0.691
8965.000 0.689
8970.000 0.683
8975.000 0.685
8980.000 0.678
8985.000 0.673
8990.000 0.670
8995.000 0.664
9000.000 0.670
9005.000 0.654
9010.000 0.650
9015.000 0.646
9020.000 0.651
9025.000 0.653
9030.000 0.645
9035.000 0.637
9040.000 0.634
9045.000 0.630
9050.000 0.635
9055.000 0.625
9060.000 0.626
9065.000 0.627
9070.000 0.620
9075.000 0.616
9080.000 0.616
9085.000 0.616
9090.000 0.610
9095.000 0.612
9100.000 0.608
9105.000 0.610
9110.000 0.604
9115.000 0.606
9120.000 0.604
9125.000 0.603
9130.000 0.601
9135.000 0.594
9140.000 0.595
9145.000 0.592
9150.000 0.589
9155.000 0.588
9160.000 0.588
9165.000 0.589
9170.000 0.588
9175.000 0.584
9180.000 0.584
9185.000 0.582
9190.000 0.581
9195.000 0.581
9200.000 0.582
9205.000 0.581
9210.000 0.579
9215.000 0.582
9220.000 0.580
9225.000 0.573
9230.000 0.578
9235.000 0.576
9240.000 0.577
9245.000 0.574
9250.000 0.571
9255.000 0.572
9260.000 0.574
9265.000 0.565
9270.000 0.567
9275.000 0.563
9280.000 0.564
9285.000 0.569
9290.000 0.565
9295.000 0.570
9300.000 0.566
9305.000 0.560
9310.000 0.562
9315.000 0.560
9320.000 0.559
9325.000 0.556
9330.000 0.559
9335.000 0.557
9340.000 0.556
9345.000 0.560
9350.000 0.558
9355.000 0.555
9360.000 0.556
9365.000 0.556
9370.000 0.554
9375.000 0.551
9380.000 0.557
9385.000 0.553
9390.000 0.557
9395.000 0.552
9400.000 0.554
9405.000 0.554
9410.000 0.558
9415.000 0.558
9420.000 0.557
9425.000 0.559
9430.000 0.561
9435.000 0.564
9440.000 0.561
9445.000 0.563
9450.000 0.566
9455.000 0.564
9460.000 0.570
9465.000 0.578
9470.000 0.580
9475.000 0.585
9480.000 0.598
9485.000 0.617
9490.000 0.644
9495.000 0.695
9500.000 0.784
9505.000 0.882
9510.000 0.659
9515.000 0.198
9520.000 1.004
9525.000 2.234
9530.000 1.421
9535.000 1.091
9540.000 0.892
9545.000 0.761
9550.000 0.690
9555.000 0.628
9560.000 0.590
9565.000 0.557
9570.000 0.540
9575.000 0.533
9580.000 0.529
9585.000 0.531
9590.000 0.529
9595.000 0.529
9600.000 0.530
9605.000 0.533
9610.000 0.529
9615.000 0.531
9620.000 0.532
9625.000 0.530
9630.000 0.535
9635.000 0.535
9640.000 0.528
9645.000 0.532
9650.000 0.530
9655.000 0.532
9660.000 0.530
9665.000 0.531
9670.000 0.529
9675.000 0.528
9680.000 0.534
9685.000 0.531
9690.000 0.532
9695.000 0.533
9700.000 0.538
9705.000 0.541
9710.000 0.538
9715.000 0.536
9720.000 0.539
9725.000 0.539
9730.000 0.541
9735.000 0.545
9740.000 0.544
9745.000 0.547
9750.000 0.546
9755.000 0.549
9760.000 0.555
9765.000 0.557
9770.000 0.561
9775.000 0.563
9780.000 0.567
9785.000 0.575
9790.000 0.579
9795.000 0.587
9800.000 0.599
9805.000 0.611
9810.000 0.624
9815.000 0.643
9820.000 0.658
9825.000 0.667
9830.000 0.678
9835.000 0.682
9840.000 0.672
9845.000 0.620
9850.000 0.510
9855.000 0.367
9860.000 0.232
9865.000 0.149
9870.000 0.117
9875.000 0.131
9880.000 0.168
9885.000 0.214
9890.000 0.262
9895.000 0.279
9900.000 0.292
9905.000 0.340
9910.000 0.596
9915.000 1.023
9920.000 1.169
9925.000 1.110
9930.000 0.995
9935.000 0.894
9940.000 0.797
9945.000 0.724
9950.000 0.666
9955.000 0.644
9960.000 0.611
9965.000 0.586
9970.000 0.575
9975.000 0.567
9980.000 0.562
9985.000 0.557
9990.000 0.554
9995.000 0.550
10000.000 0.548
10005.000 0.543
10010.000 0.541
10015.000 0.550
10020.000 0.543
10025.000 0.546
10030.000 0.547
10035.000 0.538
10040.000 0.537
10045.000 0.532
10050.000 0.538
10055.000 0.536
10060.000 0.534
10065.000 0.538
10070.000 0.540
10075.000 0.542
10080.000 0.539
10085.000 0.537
10090.000 0.539
10095.000 0.535
10100.000 0.532
10105.000 0.534
10110.000 0.533
10115.000 0.536
10120.000 0.535
10125.000 0.536
10130.000 0.536
10135.000 0.540
10140.000 0.538
10145.000 0.543
10150.000 0.542
10155.000 0.546
10160.000 0.554
10165.000 0.558
10170.000 0.567
10175.000 0.573
10180.000 0.600
10185.000 0.636
10190.000 0.716
10195.000 0.891
10200.000 1.027
10205.000 1.296
10210.000 1.448
10215.000 1.756
10220.000 1.204
10225.000 0.927
10230.000 0.696
10235.000 0.569
10240.000 0.554
10245.000 0.540
10250.000 0.537
10255.000 0.530
10260.000 0.530
10265.000 0.530
10270.000 0.526
10275.000 0.528
10280.000 0.527
10285.000 0.525
10290.000 0.530
10295.000 0.530
10300.000 0.534
10305.000 0.530
10310.000 0.526
10315.000 0.528
10320.000 0.528
10325.000 0.527
10330.000 0.532
10335.000 0.534
10340.000 0.529
10345.000 0.534
10350.000 0.537
10355.000 0.532
10360.000 0.536
10365.000 0.536
10370.000 0.539
10375.000 0.538
10380.000 0.537
10385.000 0.547
10390.000 0.537
10395.000 0.545
10400.000 0.544
10405.000 0.545
10410.000 0.544
10415.000 0.547
10420.000 0.546
10425.000 0.544
10430.000 0.549
10435.000 0.543
10440.000 0.546
10445.000 0.545
10450.000 0.549
10455.000 0.551
10460.000 0.551
10465.000 0.553
10470.000 0.553
10475.000 0.556
10480.000 0.560
10485.000 0.562
10490.000 0.564
10495.000 0.561
10500.000 0.563
10505.000 0.561
10510.000 0.568
10515.000 0.564
10520.000 0.569
10525.000 0.573
10530.000 0.575
10535.000 0.582
10540.000 0.580
10545.000 0.586
10550.000 0.586
10555.000 0.586
10560.000 0.584
10565.000 0.581
10570.000 0.586
10575.000 0.588
10580.000 0.590
10585.000 0.593
10590.000 0.594
10595.000 0.596
10600.000 0.598
10605.000 0.599
10610.000 0.605
10615.000 0.610
10620.000 0.610
10625.000 0.610
10630.000 0.612
10635.000 0.621
10640.000 0.625
10645.000 0.625
10650.000 0.625
10655.000 0.629
10660.000 0.631
10665.000 0.640
10670.000 0.646
10675.000 0.650
10680.000 0.657
10685.000 0.655
10690.000 0.655
10695.000 0.662
10700.000 0.669
10705.000 0.674
10710.000 0.680
10715.000 0.690
10720.000 0.694
10725.000 0.700
10730.000 0.707
10735.000 0.717
10740.000 0.724
10745.000 0.738
10750.000 0.742
10755.000 0.752
10760.000 0.763
10765.000 0.774
10770.000 0.786
10775.000 0.800
10780.000 0.810
10785.000 0.834
10790.000 0.855
10795.000 0.871
10800.000 0.894
10805.000 0.902
10810.000 0.923
10815.000 0.954
10820.000 0.987
10825.000 1.027
10830.000 1.073
10835.000 1.124
10840.000 1.191
10845.000 1.274
10850.000 1.382
10855.000 1.529
10860.000 1.753
10865.000 1.899
10870.000 2.308
10875.000 2.866
10880.000 3.361
10885.000 3.171
10890.000 2.131
10895.000 1.074
10900.000 0.509
10905.000 0.410
10910.000 0.382
10915.000 0.221
10920.000 0.074
10925.000 0.112
10930.000 0.146
10935.000 0.204
10940.000 0.262
10945.000 0.336
10950.000 0.428
10955.000 0.541
10960.000 0.679
10965.000 0.823
10970.000 0.996
10975.000 1.157
10980.000 1.330
10985.000 1.521
10990.000 1.612
10995.000 1.816
11000.000 2.038
11005.000 2.297
11010.000 2.520
11015.000 2.686
11020.000 2.703
11025.000 2.534
11030.000 2.160
11035.000 1.679
11040.000 1.256
11045.000 1.081
11050.000 0.789
11055.000 0.574
11060.000 0.408
11065.000 0.283
11070.000 0.184
11075.000 0.136
11080.000 0.174
11085.000 0.261
11090.000 0.364
11095.000 0.411
11100.000 0.366
11105.000 0.285
11110.000 0.254
11115.000 0.192
11120.000 0.148
11125.000 0.117
11130.000 0.097
11135.000 0.082
11140.000 0.076
11145.000 0.068
11150.000 0.067
11155.000 0.067
11160.000 0.071
11165.000 0.073
11170.000 0.074
11175.000 0.080
11180.000 0.084
11185.000 0.086
11190.000 0.095
11195.000 0.098
11200.000 0.102
11205.000 0.108
11210.000 0.112
11215.000 0.116
11220.000 0.121
11225.000 0.124
11230.000 0.129
11235.000 0.132
11240.000 0.137
11245.000 0.140
11250.000 0.143
11255.000 0.147
11260.000 0.151
11265.000 0.155
11270.000 0.158
11275.000 0.161
11280.000 0.162
11285.000 0.167
11290.000 0.169
11295.000 0.171
11300.000 0.175
11305.000 0.179
11310.000 0.181
11315.000 0.184
11320.000 0.186
11325.000 0.191
11330.000 0.193
11335.000 0.198
11340.000 0.200
11345.000 0.204
11350.000 0.201
11355.000 0.208
11360.000 0.209
11365.000 0.211
11370.000 0.215
11375.000 0.219
11380.000 0.222
11385.000 0.225
11390.000 0.226
11395.000 0.230
11400.000 0.234
11405.000 0.233
11410.000 0.233
11415.000 0.236
11420.000 0.238
11425.000 0.240
11430.000 0.237
11435.000 0.240
11440.000 0.240
11445.000 0.240
11450.000 0.243
11455.000 0.247
11460.000 0.243
11465.000 0.244
11470.000 0.245
11475.000 0.245
11480.000 0.246
11485.000 0.248
11490.000 0.248
11495.000 0.250
11500.000 0.249
11505.000 0.250
11510.000 0.254
11515.000 0.262
11520.000 0.267
11525.000 0.260
11530.000 0.255
11535.000 0.253
11540.000 0.253
11545.000 0.250
11550.000 0.250
11555.000 0.248
11560.000 0.248
11565.000 0.250
11570.000 0.248
11575.000 0.249
11580.000 0.250
11585.000 0.245
11590.000 0.244
11595.000 0.240
11600.000 0.244
11605.000 0.242
11610.000 0.244
11615.000 0.240
11620.000 0.242
11625.000 0.241
11630.000 0.240
11635.000 0.235
11640.000 0.230
11645.000 0.231
11650.000 0.224
11655.000 0.221
11660.000 0.221
11665.000 0.215
11670.000 0.213
11675.000 0.206
11680.000 0.203
11685.000 0.196
11690.000 0.190
11695.000 0.181
11700.000 0.172
11705.000 0.163
11710.000 0.151
11715.000 0.140
11720.000 0.140
11725.000 0.139
11730.000 0.156
11735.000 0.214
11740.000 0.378
11745.000 0.776
11750.000 1.498
11755.000 2.305
11760.000 1.992
11765.000 1.333
11770.000 2.642
11775.000 1.730
11780.000 1.437
11785.000 1.156
11790.000 0.929
11795.000 0.790
11800.000 0.685
11805.000 0.614
11810.000 0.554
11815.000 0.513
11820.000 0.482
11825.000 0.461
11830.000 0.449
11835.000 0.438
11840.000 0.437
11845.000 0.426
11850.000 0.423
11855.000 0.419
11860.000 0.414
11865.000 0.412
11870.000 0.402
11875.000 0.404
11880.000 0.398
11885.000 0.393
11890.000 0.392
11895.000 0.389
11900.000 0.390
11905.000 0.387
11910.000 0.387
11915.000 0.385
11920.000 0.382
11925.000 0.385
11930.000 0.383
11935.000 0.382
11940.000 0.381
11945.000 0.381
11950.000 0.384
11955.000 0.382
11960.000 0.381
11965.000 0.379
11970.000 0.385
11975.000 0.384
11980.000 0.382
11985.000 0.388
11990.000 0.383
11995.000 0.386
12000.000 0.390
