105.000 0.034
110.000 0.608
115.000 2.568
120.000 3.049
125.000 3.273
130.000 3.562
135.000 3.623
140.000 3.762
145.000 3.761
150.000 3.715
155.000 3.742
160.000 3.649
165.000 3.588
170.000 3.438
175.000 3.428
180.000 3.510
185.000 3.475
190.000 3.462
195.000 3.566
200.000 3.565
205.000 3.595
210.000 3.648
215.000 3.733
220.000 3.778
225.000 3.838
230.000 3.923
235.000 3.942
240.000 4.024
245.000 4.066
250.000 4.199
255.000 4.159
260.000 4.231
265.000 4.188
270.000 4.218
275.000 4.219
280.000 4.119
285.000 4.156
290.000 4.108
295.000 4.153
300.000 4.150
305.000 4.203
310.000 4.331
315.000 4.448
320.000 4.550
325.000 4.687
330.000 4.765
335.000 4.936
340.000 5.245
345.000 5.387
350.000 5.658
355.000 5.827
360.000 6.147
365.000 6.449
370.000 6.777
375.000 7.101
380.000 7.511
385.000 7.851
390.000 8.067
395.000 8.360
400.000 8.637
405.000 8.868
410.000 9.028
415.000 9.058
420.000 8.902
425.000 8.646
430.000 8.158
435.000 7.435
440.000 6.556
445.000 5.650
450.000 4.851
455.000 4.481
460.000 3.827
465.000 3.323
470.000 2.909
475.000 2.589
480.000 2.364
485.000 2.210
490.000 2.074
495.000 1.975
500.000 1.854
505.000 1.746
510.000 1.646
515.000 1.612
520.000 1.528
525.000 1.437
530.000 1.389
535.000 1.313
540.000 1.255
545.000 1.196
550.000 1.148
555.000 1.091
560.000 1.040
565.000 0.982
570.000 0.964
575.000 0.894
580.000 0.856
585.000 0.812
590.000 0.793
595.000 0.762
600.000 0.730
605.000 0.704
610.000 0.684
615.000 0.665
620.000 0.638
625.000 0.627
630.000 0.607
635.000 0.596
640.000 0.581
645.000 0.563
650.000 0.549
655.000 0.545
660.000 0.532
665.000 0.518
670.000 0.507
675.000 0.499
680.000 0.493
685.000 0.484
690.000 0.468
695.000 0.464
700.000 0.457
705.000 0.455
710.000 0.446
715.000 0.437
720.000 0.432
725.000 0.421
730.000 0.421
735.000 0.410
740.000 0.404
745.000 0.407
750.000 0.401
755.000 0.395
760.000 0.395
765.000 0.387
770.000 0.379
775.000 0.381
780.000 0.379
785.000 0.375
790.000 0.373
795.000 0.367
800.000 0.369
805.000 0.376
810.000 0.364
815.000 0.362
820.000 0.361
825.000 0.352
830.000 0.357
835.000 0.361
840.000 0.355
845.000 0.344
850.000 0.348
855.000 0.344
860.000 0.339
865.000 0.344
870.000 0.340
875.000 0.333
880.000 0.338
885.000 0.333
890.000 0.333
895.000 0.332
900.000 0.335
905.000 0.333
910.000 0.331
915.000 0.328
920.000 0.333
925.000 0.326
930.000 0.327
935.000 0.327
940.000 0.327
945.000 0.331
950.000 0.328
955.000 0.324
960.000 0.327
965.000 0.327
970.000 0.325
975.000 0.325
980.000 0.319
985.000 0.326
990.000 0.324
995.000 0.317
1000.000 0.338
1005.000 0.324
1010.000 0.320
1015.000 0.322
1020.000 0.333
1025.000 0.332
1030.000 0.333
1035.000 0.321
1040.000 0.325
1045.000 0.319
1050.000 0.330
1055.000 0.326
1060.000 0.319
1065.000 0.321
1070.000 0.321
1075.000 0.324
1080.000 0.319
1085.000 0.318
1090.000 0.323
1095.000 0.323
1100.000 0.319
1105.000 0.325
1110.000 0.327
1115.000 0.324
1120.000 0.323
1125.000 0.323
1130.000 0.326
1135.000 0.327
1140.000 0.328
1145.000 0.324
1150.000 0.330
1155.000 0.328
1160.000 0.328
1165.000 0.327
1170.000 0.333
1175.000 0.331
1180.000 0.333
1185.000 0.331
1190.000 0.332
1195.000 0.331
1200.000 0.330
1205.000 0.334
1210.000 0.333
1215.000 0.338
1220.000 0.337
1225.000 0.334
1230.000 0.337
1235.000 0.337
1240.000 0.341
1245.000 0.337
1250.000 0.342
1255.000 0.339
1260.000 0.345
1265.000 0.348
1270.000 0.346
1275.000 0.350
1280.000 0.350
1285.000 0.350
1290.000 0.348
1295.000 0.351
1300.000 0.352
1305.000 0.352
1310.000 0.352
1315.000 0.357
1320.000 0.360
1325.000 0.361
1330.000 0.364
1335.000 0.359
1340.000 0.360
1345.000 0.360
1350.000 0.361
1355.000 0.370
1360.000 0.366
1365.000 0.367
1370.000 0.365
1375.000 0.364
1380.000 0.374
1385.000 0.374
1390.000 0.370
1395.000 0.372
1400.000 0.372
1405.000 0.372
1410.000 0.367
1415.000 0.366
1420.000 0.362
1425.000 0.354
1430.000 0.366
1435.000 0.366
1440.000 0.368
1445.000 0.367
1450.000 0.369
1455.000 0.377
1460.000 0.384
1465.000 0.390
1470.000 0.399
1475.000 0.400
1480.000 0.410
1485.000 0.417
1490.000 0.417
1495.000 0.420
1500.000 0.431
1505.000 0.433
1510.000 0.440
1515.000 0.448
1520.000 0.448
1525.000 0.461
1530.000 0.466
1535.000 0.475
1540.000 0.479
1545.000 0.480
1550.000 0.489
1555.000 0.498
1560.000 0.502
1565.000 0.515
1570.000 0.523
1575.000 0.525
1580.000 0.532
1585.000 0.545
1590.000 0.551
1595.000 0.563
1600.000 0.570
1605.000 0.573
1610.000 0.586
1615.000 0.595
1620.000 0.605
1625.000 0.614
1630.000 0.629
1635.000 0.633
1640.000 0.651
1645.000 0.665
1650.000 0.678
1655.000 0.688
1660.000 0.709
1665.000 0.717
1670.000 0.722
1675.000 0.739
1680.000 0.749
1685.000 0.766
1690.000 0.782
1695.000 0.803
1700.000 0.817
1705.000 0.829
1710.000 0.858
1715.000 0.879
1720.000 0.897
1725.000 0.917
1730.000 0.933
1735.000 0.948
1740.000 0.965
1745.000 0.987
1750.000 1.010
1755.000 1.037
1760.000 1.059
1765.000 1.082
1770.000 1.108
1775.000 1.133
1780.000 1.162
1785.000 1.181
1790.000 1.197
1795.000 1.219
1800.000 1.246
1805.000 1.269
1810.000 1.285
1815.000 1.315
1820.000 1.335
1825.000 1.361
1830.000 1.375
1835.000 1.400
1840.000 1.418
1845.000 1.429
1850.000 1.434
1855.000 1.450
1860.000 1.466
1865.000 1.476
1870.000 1.489
1875.000 1.494
1880.000 1.502
1885.000 1.502
1890.000 1.506
1895.000 1.512
1900.000 1.507
1905.000 1.514
1910.000 1.507
1915.000 1.515
1920.000 1.508
1925.000 1.504
1930.000 1.500
1935.000 1.497
1940.000 1.485
1945.000 1.478
1950.000 1.479
1955.000 1.470
1960.000 1.461
1965.000 1.452
1970.000 1.448
1975.000 1.439
1980.000 1.432
1985.000 1.434
1990.000 1.418
1995.000 1.418
2000.000 1.413
2005.000 1.416
2010.000 1.413
2015.000 1.389
2020.000 1.401
2025.000 1.391
2030.000 1.392
2035.000 1.386
2040.000 1.365
2045.000 1.363
2050.000 1.377
2055.000 1.364
2060.000 1.366
2065.000 1.372
2070.000 1.366
2075.000 1.366
2080.000 1.372
2085.000 1.368
2090.000 1.378
2095.000 1.378
2100.000 1.379
2105.000 1.381
2110.000 1.395
2115.000 1.401
2120.000 1.407
2125.000 1.419
2130.000 1.423
2135.000 1.437
2140.000 1.447
2145.000 1.462
2150.000 1.484
2155.000 1.492
2160.000 1.512
2165.000 1.532
2170.000 1.555
2175.000 1.584
2180.000 1.609
2185.000 1.644
2190.000 1.679
2195.000 1.713
2200.000 1.754
2205.000 1.791
2210.000 1.846
2215.000 1.898
2220.000 1.932
2225.000 1.995
2230.000 2.074
2235.000 2.157
2240.000 2.246
2245.000 2.356
2250.000 2.489
2255.000 2.633
2260.000 2.822
2265.000 3.061
2270.000 3.377
2275.000 3.818
2280.000 4.108
2285.000 4.991
2290.000 6.318
2295.000 8.540
2300.000 12.275
2305.000 17.960
2310.000 25.171
2315.000 31.420
2320.000 30.906
2325.000 24.479
2330.000 11.616
2335.000 9.976
2340.000 6.349
2345.000 4.631
2350.000 3.522
2355.000 2.777
2360.000 2.241
2365.000 1.843
2370.000 1.542
2375.000 1.310
2380.000 1.134
2385.000 0.988
2390.000 0.871
2395.000 0.774
2400.000 0.735
2405.000 0.658
2410.000 0.599
2415.000 0.541
2420.000 0.496
2425.000 0.453
2430.000 0.417
2435.000 0.384
2440.000 0.355
2445.000 0.329
2450.000 0.306
2455.000 0.284
2460.000 0.271
2465.000 0.253
2470.000 0.236
2475.000 0.219
2480.000 0.206
2485.000 0.194
2490.000 0.182
2495.000 0.171
2500.000 0.162
2505.000 0.154
2510.000 0.148
2515.000 0.141
2520.000 0.136
2525.000 0.133
2530.000 0.129
2535.000 0.127
2540.000 0.127
2545.000 0.126
2550.000 0.124
2555.000 0.124
2560.000 0.123
2565.000 0.124
2570.000 0.124
2575.000 0.129
2580.000 0.130
2585.000 0.132
2590.000 0.136
2595.000 0.140
2600.000 0.141
2605.000 0.145
2610.000 0.146
2615.000 0.152
2620.000 0.155
2625.000 0.158
2630.000 0.162
2635.000 0.167
2640.000 0.171
2645.000 0.173
2650.000 0.177
2655.000 0.182
2660.000 0.186
2665.000 0.190
2670.000 0.196
2675.000 0.201
2680.000 0.206
2685.000 0.213
2690.000 0.217
2695.000 0.223
2700.000 0.228
2705.000 0.230
2710.000 0.237
2715.000 0.243
2720.000 0.248
2725.000 0.252
2730.000 0.261
2735.000 0.265
2740.000 0.270
2745.000 0.278
2750.000 0.285
2755.000 0.292
2760.000 0.298
2765.000 0.306
2770.000 0.308
2775.000 0.315
2780.000 0.321
2785.000 0.328
2790.000 0.335
2795.000 0.342
2800.000 0.348
2805.000 0.357
2810.000 0.365
2815.000 0.369
2820.000 0.378
2825.000 0.381
2830.000 0.390
2835.000 0.396
2840.000 0.403
2845.000 0.410
2850.000 0.422
2855.000 0.429
2860.000 0.437
2865.000 0.450
2870.000 0.458
2875.000 0.463
2880.000 0.471
2885.000 0.474
2890.000 0.481
2895.000 0.485
2900.000 0.492
2905.000 0.497
2910.000 0.502
2915.000 0.506
2920.000 0.511
2925.000 0.516
2930.000 0.515
2935.000 0.525
2940.000 0.526
2945.000 0.531
2950.000 0.530
2955.000 0.539
2960.000 0.537
2965.000 0.541
2970.000 0.550
2975.000 0.546
2980.000 0.547
2985.000 0.561
2990.000 0.551
2995.000 0.551
3000.000 0.563
3005.000 0.557
3010.000 0.554
3015.000 0.563
3020.000 0.567
3025.000 0.573
3030.000 0.569
3035.000 0.560
3040.000 0.563
3045.000 0.560
3050.000 0.570
3055.000 0.567
3060.000 0.571
3065.000 0.567
3070.000 0.576
3075.000 0.574
3080.000 0.573
3085.000 0.570
3090.000 0.571
3095.000 0.576
3100.000 0.573
3105.000 0.576
3110.000 0.572
3115.000 0.578
3120.000 0.578
3125.000 0.598
3130.000 0.591
3135.000 0.589
3140.000 0.586
3145.000 0.584
3150.000 0.583
3155.000 0.582
3160.000 0.586
3165.000 0.584
3170.000 0.586
3175.000 0.585
3180.000 0.589
3185.000 0.586
3190.000 0.588
3195.000 0.591
3200.000 0.591
3205.000 0.593
3210.000 0.594
3215.000 0.594
3220.000 0.599
3225.000 0.601
3230.000 0.605
3235.000 0.606
3240.000 0.607
3245.000 0.611
3250.000 0.610
3255.000 0.613
3260.000 0.614
3265.000 0.621
3270.000 0.621
3275.000 0.624
3280.000 0.627
3285.000 0.631
3290.000 0.637
3295.000 0.640
3300.000 0.644
3305.000 0.646
3310.000 0.651
3315.000 0.651
3320.000 0.658
3325.000 0.663
3330.000 0.669
3335.000 0.670
3340.000 0.679
3345.000 0.685
3350.000 0.691
3355.000 0.696
3360.000 0.702
3365.000 0.711
3370.000 0.713
3375.000 0.722
3380.000 0.727
3385.000 0.736
3390.000 0.744
3395.000 0.753
3400.000 0.772
3405.000 0.778
3410.000 0.788
3415.000 0.796
3420.000 0.803
3425.000 0.818
3430.000 0.829
3435.000 0.837
3440.000 0.853
3445.000 0.865
3450.000 0.880
3455.000 0.899
3460.000 0.915
3465.000 0.937
3470.000 0.953
3475.000 0.969
3480.000 0.995
3485.000 1.020
3490.000 1.046
3495.000 1.069
3500.000 1.089
3505.000 1.118
3510.000 1.146
3515.000 1.183
3520.000 1.226
3525.000 1.263
3530.000 1.292
3535.000 1.323
3540.000 1.353
3545.000 1.390
3550.000 1.425
3555.000 1.450
3560.000 1.489
3565.000 1.537
3570.000 1.589
3575.000 1.644
3580.000 1.697
3585.000 1.763
3590.000 1.827
3595.000 1.908
3600.000 1.985
3605.000 2.078
3610.000 2.180
3615.000 2.233
3620.000 2.350
3625.000 2.482
3630.000 2.627
3635.000 2.786
3640.000 2.984
3645.000 3.198
3650.000 3.478
3655.000 3.820
3660.000 4.259
3665.000 4.863
3670.000 5.672
3675.000 6.823
3680.000 7.587
3685.000 9.718
3690.000 12.947
3695.000 17.793
3700.000 24.295
3705.000 32.066
3710.000 40.709
3715.000 48.014
3720.000 43.771
3725.000 26.115
3730.000 17.026
3735.000 11.850
3740.000 10.147
3745.000 7.787
3750.000 6.232
3755.000 5.147
3760.000 4.328
3765.000 3.713
3770.000 3.215
3775.000 2.842
3780.000 2.547
3785.000 2.300
3790.000 2.102
3795.000 2.013
3800.000 1.859
3805.000 1.729
3810.000 1.614
3815.000 1.512
3820.000 1.426
3825.000 1.351
3830.000 1.286
3835.000 1.226
3840.000 1.171
3845.000 1.122
3850.000 1.081
3855.000 1.042
3860.000 1.021
3865.000 0.987
3870.000 0.955
3875.000 0.923
3880.000 0.896
3885.000 0.871
3890.000 0.848
3895.000 0.825
3900.000 0.803
3905.000 0.784
3910.000 0.764
3915.000 0.745
3920.000 0.735
3925.000 0.721
3930.000 0.706
3935.000 0.694
3940.000 0.681
3945.000 0.671
3950.000 0.656
3955.000 0.641
3960.000 0.631
3965.000 0.618
3970.000 0.615
3975.000 0.602
3980.000 0.596
3985.000 0.593
3990.000 0.573
3995.000 0.564
4000.000 0.565
4005.000 0.553
4010.000 0.550
4015.000 0.537
4020.000 0.538
4025.000 0.533
4030.000 0.525
4035.000 0.511
4040.000 0.505
4045.000 0.499
4050.000 0.503
4055.000 0.490
4060.000 0.483
4065.000 0.483
4070.000 0.473
4075.000 0.468
4080.000 0.466
4085.000 0.458
4090.000 0.452
4095.000 0.448
4100.000 0.445
4105.000 0.442
4110.000 0.435
4115.000 0.429
4120.000 0.426
4125.000 0.420
4130.000 0.413
4135.000 0.410
4140.000 0.404
4145.000 0.399
4150.000 0.395
4155.000 0.388
4160.000 0.385
4165.000 0.384
4170.000 0.378
4175.000 0.376
4180.000 0.371
4185.000 0.369
4190.000 0.362
4195.000 0.359
4200.000 0.359
4205.000 0.357
4210.000 0.357
4215.000 0.355
4220.000 0.356
4225.000 0.355
4230.000 0.357
4235.000 0.355
4240.000 0.360
4245.000 0.358
4250.000 0.357
4255.000 0.359
4260.000 0.358
4265.000 0.361
4270.000 0.361
4275.000 0.362
4280.000 0.361
4285.000 0.360
4290.000 0.362
4295.000 0.361
4300.000 0.360
4305.000 0.361
4310.000 0.361
4315.000 0.363
4320.000 0.362
4325.000 0.363
4330.000 0.362
4335.000 0.360
4340.000 0.360
4345.000 0.361
4350.000 0.361
4355.000 0.361
4360.000 0.360
4365.000 0.362
4370.000 0.361
4375.000 0.363
4380.000 0.362
4385.000 0.361
4390.000 0.362
4395.000 0.363
4400.000 0.361
4405.000 0.362
4410.000 0.362
4415.000 0.363
4420.000 0.363
4425.000 0.367
4430.000 0.366
4435.000 0.366
4440.000 0.363
4445.000 0.364
4450.000 0.364
4455.000 0.365
4460.000 0.365
4465.000 0.366
4470.000 0.366
4475.000 0.366
4480.000 0.367
4485.000 0.367
4490.000 0.369
4495.000 0.369
4500.000 0.369
4505.000 0.371
4510.000 0.372
4515.000 0.371
4520.000 0.372
4525.000 0.374
4530.000 0.374
4535.000 0.377
4540.000 0.377
4545.000 0.378
4550.000 0.382
4555.000 0.379
4560.000 0.383
4565.000 0.383
4570.000 0.387
4575.000 0.387
4580.000 0.388
4585.000 0.390
4590.000 0.390
4595.000 0.393
4600.000 0.395
4605.000 0.396
4610.000 0.399
4615.000 0.399
4620.000 0.403
4625.000 0.404
4630.000 0.407
4635.000 0.410
4640.000 0.412
4645.000 0.416
4650.000 0.416
4655.000 0.420
4660.000 0.423
4665.000 0.427
4670.000 0.429
4675.000 0.432
4680.000 0.434
4685.000 0.439
4690.000 0.442
4695.000 0.446
4700.000 0.450
4705.000 0.454
4710.000 0.459
4715.000 0.461
4720.000 0.468
4725.000 0.472
4730.000 0.479
4735.000 0.482
4740.000 0.489
4745.000 0.496
4750.000 0.504
4755.000 0.510
4760.000 0.517
4765.000 0.528
4770.000 0.532
4775.000 0.541
4780.000 0.551
4785.000 0.560
4790.000 0.571
4795.000 0.582
4800.000 0.595
4805.000 0.609
4810.000 0.623
4815.000 0.640
4820.000 0.656
4825.000 0.673
4830.000 0.683
4835.000 0.706
4840.000 0.728
4845.000 0.752
4850.000 0.781
4855.000 0.810
4860.000 0.844
4865.000 0.882
4870.000 0.926
4875.000 0.978
4880.000 1.032
4885.000 1.073
4890.000 1.113
4895.000 1.134
4900.000 1.181
4905.000 1.243
4910.000 1.308
4915.000 1.416
4920.000 1.469
4925.000 1.520
4930.000 1.629
4935.000 1.722
4940.000 1.838
4945.000 1.979
4950.000 2.134
4955.000 2.232
4960.000 2.461
4965.000 2.751
4970.000 3.106
4975.000 3.435
4980.000 3.524
4985.000 4.408
4990.000 19.430
4995.000 26.376
5000.000 27.782
5005.000 30.096
5010.000 28.396
5015.000 25.263
5020.000 14.783
5025.000 9.588
5030.000 6.758
5035.000 5.022
5040.000 3.924
5045.000 3.172
5050.000 2.667
5055.000 2.288
5060.000 1.992
5065.000 1.755
5070.000 1.571
5075.000 1.490
5080.000 1.351
5085.000 1.238
5090.000 1.143
5095.000 1.063
5100.000 0.997
5105.000 0.940
5110.000 0.886
5115.000 0.845
5120.000 0.805
5125.000 0.771
5130.000 0.743
5135.000 0.729
5140.000 0.704
5145.000 0.680
5150.000 0.661
5155.000 0.640
5160.000 0.624
5165.000 0.608
5170.000 0.594
5175.000 0.585
5180.000 0.571
5185.000 0.563
5190.000 0.552
5195.000 0.546
5200.000 0.541
5205.000 0.533
5210.000 0.527
5215.000 0.520
5220.000 0.514
5225.000 0.507
5230.000 0.506
5235.000 0.500
5240.000 0.494
5245.000 0.492
5250.000 0.488
5255.000 0.486
5260.000 0.484
5265.000 0.482
5270.000 0.480
5275.000 0.479
5280.000 0.476
5285.000 0.475
5290.000 0.474
5295.000 0.473
5300.000 0.471
5305.000 0.471
5310.000 0.471
5315.000 0.470
5320.000 0.471
5325.000 0.470
5330.000 0.467
5335.000 0.466
5340.000 0.467
5345.000 0.467
5350.000 0.467
5355.000 0.471
5360.000 0.469
5365.000 0.469
5370.000 0.468
5375.000 0.466
5380.000 0.468
5385.000 0.467
5390.000 0.468
5395.000 0.469
5400.000 0.468
5405.000 0.469
5410.000 0.468
5415.000 0.468
5420.000 0.468
5425.000 0.468
5430.000 0.468
5435.000 0.467
5440.000 0.468
5445.000 0.468
5450.000 0.467
5455.000 0.468
5460.000 0.468
5465.000 0.467
5470.000 0.468
5475.000 0.469
5480.000 0.467
5485.000 0.468
5490.000 0.469
5495.000 0.470
5500.000 0.468
5505.000 0.471
5510.000 0.473
5515.000 0.472
5520.000 0.475
5525.000 0.477
5530.000 0.476
5535.000 0.475
5540.000 0.472
5545.000 0.471
5550.000 0.472
5555.000 0.473
5560.000 0.472
5565.000 0.470
5570.000 0.472
5575.000 0.473
5580.000 0.472
5585.000 0.471
5590.000 0.472
5595.000 0.476
5600.000 0.476
5605.000 0.475
5610.000 0.476
5615.000 0.476
5620.000 0.475
5625.000 0.476
5630.000 0.478
5635.000 0.481
5640.000 0.479
5645.000 0.481
5650.000 0.481
5655.000 0.483
5660.000 0.483
5665.000 0.483
5670.000 0.483
5675.000 0.488
5680.000 0.488
5685.000 0.488
5690.000 0.488
5695.000 0.489
5700.000 0.491
5705.000 0.493
5710.000 0.494
5715.000 0.495
5720.000 0.497
5725.000 0.497
5730.000 0.500
5735.000 0.501
5740.000 0.504
5745.000 0.508
5750.000 0.507
5755.000 0.510
5760.000 0.510
5765.000 0.513
5770.000 0.517
5775.000 0.519
5780.000 0.522
5785.000 0.524
5790.000 0.527
5795.000 0.530
5800.000 0.533
5805.000 0.533
5810.000 0.536
5815.000 0.542
5820.000 0.544
5825.000 0.546
5830.000 0.554
5835.000 0.556
5840.000 0.560
5845.000 0.564
5850.000 0.569
5855.000 0.574
5860.000 0.580
5865.000 0.582
5870.000 0.585
5875.000 0.593
5880.000 0.599
5885.000 0.605
5890.000 0.613
5895.000 0.618
5900.000 0.625
5905.000 0.633
5910.000 0.640
5915.000 0.649
5920.000 0.657
5925.000 0.667
5930.000 0.674
5935.000 0.682
5940.000 0.696
5945.000 0.704
5950.000 0.716
5955.000 0.728
5960.000 0.739
5965.000 0.753
5970.000 0.774
5975.000 0.785
5980.000 0.804
5985.000 0.826
5990.000 0.824
5995.000 0.845
6000.000 0.862
6005.000 0.890
6010.000 0.904
6015.000 0.910
6020.000 0.919
6025.000 0.925
6030.000 0.950
6035.000 0.965
6040.000 0.988
6045.000 0.994
6050.000 0.998
6055.000 1.026
6060.000 1.042
6065.000 1.054
6070.000 1.082
6075.000 1.101
6080.000 1.123
6085.000 1.144
6090.000 1.169
6095.000 1.202
6100.000 1.230
6105.000 1.263
6110.000 1.279
6115.000 1.313
6120.000 1.354
6125.000 1.401
6130.000 1.444
6135.000 1.491
6140.000 1.545
6145.000 1.598
6150.000 1.657
6155.000 1.727
6160.000 1.802
6165.000 1.885
6170.000 1.980
6175.000 2.033
6180.000 2.141
6185.000 2.277
6190.000 2.428
6195.000 2.623
6200.000 2.850
6205.000 3.152
6210.000 3.559
6215.000 4.138
6220.000 4.966
6225.000 6.188
6230.000 8.065
6235.000 9.328
6240.000 12.515
6245.000 16.181
6250.000 17.936
6255.000 14.687
6260.000 10.374
6265.000 9.154
6270.000 7.326
6275.000 5.101
6280.000 3.977
6285.000 3.333
6290.000 3.132
6295.000 2.853
6300.000 2.712
6305.000 2.633
6310.000 2.533
6315.000 2.415
6320.000 2.288
6325.000 2.153
6330.000 2.020
6335.000 1.912
6340.000 1.804
6345.000 1.709
6350.000 1.614
6355.000 1.552
6360.000 1.440
6365.000 1.344
6370.000 1.257
6375.000 1.186
6380.000 1.119
6385.000 1.058
6390.000 1.008
6395.000 0.969
6400.000 0.925
6405.000 0.892
6410.000 0.858
6415.000 0.847
6420.000 0.818
6425.000 0.797
6430.000 0.778
6435.000 0.758
6440.000 0.747
6445.000 0.731
6450.000 0.718
6455.000 0.707
6460.000 0.701
6465.000 0.695
6470.000 0.691
6475.000 0.689
6480.000 0.687
6485.000 0.690
6490.000 0.692
6495.000 0.699
6500.000 0.705
6505.000 0.715
6510.000 0.732
6515.000 0.751
6520.000 0.778
6525.000 0.811
6530.000 0.853
6535.000 0.885
6540.000 0.956
6545.000 1.059
6550.000 1.217
6555.000 1.449
6560.000 1.795
6565.000 2.347
6570.000 3.465
6575.000 5.662
6580.000 9.818
6585.000 16.113
6590.000 21.389
6595.000 19.397
6600.000 3.755
6605.000 2.976
6610.000 2.479
6615.000 1.355
6620.000 0.989
6625.000 0.873
6630.000 0.725
6635.000 0.625
6640.000 0.538
6645.000 0.477
6650.000 0.432
6655.000 0.399
6660.000 0.386
6665.000 0.362
6670.000 0.342
6675.000 0.328
6680.000 0.317
6685.000 0.308
6690.000 0.299
6695.000 0.293
6700.000 0.288
6705.000 0.283
6710.000 0.278
6715.000 0.274
6720.000 0.273
6725.000 0.272
6730.000 0.268
6735.000 0.267
6740.000 0.265
6745.000 0.263
6750.000 0.262
6755.000 0.260
6760.000 0.259
6765.000 0.258
6770.000 0.257
6775.000 0.257
6780.000 0.258
6785.000 0.256
6790.000 0.256
6795.000 0.257
6800.000 0.254
6805.000 0.254
6810.000 0.253
6815.000 0.254
6820.000 0.252
6825.000 0.254
6830.000 0.255
6835.000 0.252
6840.000 0.253
6845.000 0.253
6850.000 0.254
6855.000 0.253
6860.000 0.252
6865.000 0.251
6870.000 0.253
6875.000 0.253
6880.000 0.254
6885.000 0.251
6890.000 0.252
6895.000 0.251
6900.000 0.253
6905.000 0.252
6910.000 0.254
6915.000 0.254
6920.000 0.253
6925.000 0.253
6930.000 0.252
6935.000 0.253
6940.000 0.251
6945.000 0.253
6950.000 0.251
6955.000 0.257
6960.000 0.253
6965.000 0.253
6970.000 0.250
6975.000 0.254
6980.000 0.252
6985.000 0.249
6990.000 0.256
6995.000 0.257
7000.000 0.249
7005.000 0.257
7010.000 0.256
7015.000 0.251
7020.000 0.247
7025.000 0.251
7030.000 0.247
7035.000 0.249
7040.000 0.245
7045.000 0.246
7050.000 0.251
7055.000 0.246
7060.000 0.248
7065.000 0.248
7070.000 0.245
7075.000 0.244
7080.000 0.244
7085.000 0.242
7090.000 0.242
7095.000 0.242
7100.000 0.243
7105.000 0.240
7110.000 0.241
7115.000 0.240
7120.000 0.237
7125.000 0.237
7130.000 0.235
7135.000 0.235
7140.000 0.236
7145.000 0.234
7150.000 0.234
7155.000 0.234
7160.000 0.231
7165.000 0.232
7170.000 0.229
7175.000 0.229
7180.000 0.229
7185.000 0.230
7190.000 0.229
7195.000 0.225
7200.000 0.226
7205.000 0.225
7210.000 0.227
7215.000 0.226
7220.000 0.225
7225.000 0.225
7230.000 0.225
7235.000 0.222
7240.000 0.224
7245.000 0.222
7250.000 0.222
7255.000 0.223
7260.000 0.223
7265.000 0.221
7270.000 0.224
7275.000 0.225
7280.000 0.225
7285.000 0.226
7290.000 0.225
7295.000 0.228
7300.000 0.231
7305.000 0.236
7310.000 0.240
7315.000 0.241
7320.000 0.247
7325.000 0.248
7330.000 0.257
7335.000 0.263
7340.000 0.273
7345.000 0.284
7350.000 0.297
7355.000 0.313
7360.000 0.330
7365.000 0.354
7370.000 0.375
7375.000 0.395
7380.000 0.423
7385.000 0.459
7390.000 0.478
7395.000 0.519
7400.000 0.592
7405.000 0.668
7410.000 0.780
7415.000 0.932
7420.000 1.135
7425.000 1.420
7430.000 1.729
7435.000 2.169
7440.000 2.774
7445.000 3.598
7450.000 4.106
7455.000 5.361
7460.000 6.945
7465.000 8.307
7470.000 8.114
7475.000 5.813
7480.000 3.705
7485.000 3.148
7490.000 3.407
7495.000 3.954
7500.000 3.601
7505.000 3.226
7510.000 2.632
7515.000 2.225
7520.000 1.941
7525.000 1.725
7530.000 1.570
7535.000 1.467
7540.000 1.386
7545.000 1.314
7550.000 1.257
7555.000 1.204
7560.000 1.158
7565.000 1.116
7570.000 1.099
7575.000 1.064
7580.000 1.036
7585.000 1.006
7590.000 0.977
7595.000 0.951
7600.000 0.931
7605.000 0.915
7610.000 0.899
7615.000 0.887
7620.000 0.872
7625.000 0.848
7630.000 0.844
7635.000 0.830
7640.000 0.823
7645.000 0.811
7650.000 0.805
7655.000 0.789
7660.000 0.784
7665.000 0.774
7670.000 0.765
7675.000 0.766
7680.000 0.753
7685.000 0.748
7690.000 0.748
7695.000 0.746
7700.000 0.740
7705.000 0.736
7710.000 0.731
7715.000 0.722
7720.000 0.719
7725.000 0.715
7730.000 0.711
7735.000 0.709
7740.000 0.703
7745.000 0.704
7750.000 0.698
7755.000 0.701
7760.000 0.693
7765.000 0.700
7770.000 0.695
7775.000 0.693
7780.000 0.692
7785.000 0.685
7790.000 0.686
7795.000 0.692
7800.000 0.686
7805.000 0.685
7810.000 0.683
7815.000 0.683
7820.000 0.686
7825.000 0.693
7830.000 0.691
7835.000 0.691
7840.000 0.691
7845.000 0.690
7850.000 0.693
7855.000 0.693
7860.000 0.699
7865.000 0.704
7870.000 0.705
7875.000 0.705
7880.000 0.706
7885.000 0.710
7890.000 0.708
7895.000 0.711
7900.000 0.714
7905.000 0.725
7910.000 0.727
7915.000 0.736
7920.000 0.735
7925.000 0.745
7930.000 0.752
7935.000 0.755
7940.000 0.765
7945.000 0.771
7950.000 0.786
7955.000 0.794
7960.000 0.809
7965.000 0.823
7970.000 0.828
7975.000 0.848
7980.000 0.870
7985.000 0.882
7990.000 0.911
7995.000 0.926
8000.000 0.963
8005.000 0.975
8010.000 1.017
8015.000 1.062
8020.000 1.126
8025.000 1.186
8030.000 1.268
8035.000 1.350
8040.000 1.486
8045.000 1.670
8050.000 1.974
8055.000 2.185
8060.000 2.863
8065.000 4.162
8070.000 6.696
8075.000 11.028
8080.000 15.553
8085.000 12.991
8090.000 6.819
8095.000 2.846
8100.000 1.945
8105.000 1.255
8110.000 0.991
8115.000 0.716
8120.000 0.613
8125.000 0.459
8130.000 0.366
8135.000 0.302
8140.000 0.251
8145.000 0.221
8150.000 0.199
8155.000 0.186
8160.000 0.177
8165.000 0.172
8170.000 0.172
8175.000 0.172
8180.000 0.174
8185.000 0.177
8190.000 0.182
8195.000 0.185
8200.000 0.189
8205.000 0.194
8210.000 0.199
8215.000 0.204
8220.000 0.208
8225.000 0.213
8230.000 0.217
8235.000 0.220
8240.000 0.223
8245.000 0.226
8250.000 0.232
8255.000 0.237
8260.000 0.240
8265.000 0.245
8270.000 0.248
8275.000 0.252
8280.000 0.255
8285.000 0.258
8290.000 0.262
8295.000 0.264
8300.000 0.268
8305.000 0.269
8310.000 0.274
8315.000 0.276
8320.000 0.279
8325.000 0.281
8330.000 0.285
8335.000 0.288
8340.000 0.293
8345.000 0.295
8350.000 0.299
8355.000 0.303
8360.000 0.304
8365.000 0.307
8370.000 0.310
8375.000 0.313
8380.000 0.317
8385.000 0.321
8390.000 0.325
8395.000 0.329
8400.000 0.333
8405.000 0.336
8410.000 0.339
8415.000 0.345
8420.000 0.348
8425.000 0.351
8430.000 0.357
8435.000 0.361
8440.000 0.364
8445.000 0.370
8450.000 0.378
8455.000 0.381
8460.000 0.388
8465.000 0.397
8470.000 0.405
8475.000 0.413
8480.000 0.417
8485.000 0.429
8490.000 0.439
8495.000 0.451
8500.000 0.468
8505.000 0.484
8510.000 0.505
8515.000 0.524
8520.000 0.546
8525.000 0.575
8530.000 0.612
8535.000 0.670
8540.000 0.709
8545.000 0.816
8550.000 1.029
8555.000 1.567
8560.000 3.016
8565.000 5.670
8570.000 7.304
8575.000 2.129
8580.000 1.209
8585.000 0.255
8590.000 0.421
8595.000 0.285
8600.000 0.276
8605.000 0.264
8610.000 0.247
8615.000 0.238
8620.000 0.228
8625.000 0.212
8630.000 0.188
8635.000 0.155
8640.000 0.104
8645.000 0.039
8650.000 0.088
8655.000 0.258
8660.000 0.563
8665.000 0.822
8670.000 1.543
8675.000 2.209
8680.000 2.617
8685.000 2.946
8690.000 3.276
8695.000 3.638
8700.000 3.884
8705.000 3.802
8710.000 3.226
8715.000 2.302
8720.000 1.394
8725.000 1.031
8730.000 0.618
8735.000 0.380
8740.000 0.246
8745.000 0.152
8750.000 0.099
8755.000 0.086
8760.000 0.090
8765.000 0.104
8770.000 0.118
8775.000 0.134
8780.000 0.147
8785.000 0.154
8790.000 0.168
8795.000 0.177
8800.000 0.188
8805.000 0.198
8810.000 0.207
8815.000 0.219
8820.000 0.219
8825.000 0.230
8830.000 0.247
8835.000 0.255
8840.000 0.252
8845.000 0.244
8850.000 0.249
8855.000 0.249
8860.000 0.251
8865.000 0.252
8870.000 0.255
8875.000 0.258
8880.000 0.260
8885.000 0.263
8890.000 0.265
8895.000 0.269
8900.000 0.275
8905.000 0.274
8910.000 0.274
8915.000 0.279
8920.000 0.278
8925.000 0.278
8930.000 0.277
8935.000 0.280
8940.000 0.280
8945.000 0.281
8950.000 0.280
8955.000 0.284
8960.000 0.281
8965.000 0.285
8970.000 0.283
8975.000 0.288
8980.000 0.290
8985.000 0.287
8990.000 0.293
8995.000 0.292
9000.000 0.291
9005.000 0.289
9010.000 0.289
9015.000 0.297
9020.000 0.288
9025.000 0.288
9030.000 0.296
9035.000 0.291
9040.000 0.297
9045.000 0.296
9050.000 0.293
9055.000 0.293
9060.000 0.292
9065.000 0.292
9070.000 0.296
9075.000 0.296
9080.000 0.295
9085.000 0.295
9090.000 0.294
9095.000 0.297
9100.000 0.296
9105.000 0.295
9110.000 0.295
9115.000 0.295
9120.000 0.294
9125.000 0.294
9130.000 0.297
9135.000 0.295
9140.000 0.295
9145.000 0.294
9150.000 0.294
9155.000 0.293
9160.000 0.292
9165.000 0.292
9170.000 0.293
9175.000 0.292
9180.000 0.293
9185.000 0.290
9190.000 0.292
9195.000 0.291
9200.000 0.289
9205.000 0.288
9210.000 0.287
9215.000 0.286
9220.000 0.288
9225.000 0.284
9230.000 0.283
9235.000 0.285
9240.000 0.282
9245.000 0.279
9250.000 0.278
9255.000 0.273
9260.000 0.273
9265.000 0.271
9270.000 0.272
9275.000 0.270
9280.000 0.267
9285.000 0.263
9290.000 0.260
9295.000 0.257
9300.000 0.255
9305.000 0.252
9310.000 0.250
9315.000 0.243
9320.000 0.243
9325.000 0.237
9330.000 0.234
9335.000 0.230
9340.000 0.227
9345.000 0.224
9350.000 0.218
9355.000 0.211
9360.000 0.205
9365.000 0.198
9370.000 0.191
9375.000 0.186
9380.000 0.177
9385.000 0.168
9390.000 0.157
9395.000 0.153
9400.000 0.138
9405.000 0.128
9410.000 0.116
9415.000 0.097
9420.000 0.082
9425.000 0.061
9430.000 0.044
9435.000 0.030
9440.000 0.040
9445.000 0.069
9450.000 0.109
9455.000 0.167
9460.000 0.201
9465.000 0.299
9470.000 0.456
9475.000 0.731
9480.000 1.246
9485.000 1.871
9490.000 2.854
9495.000 4.381
9500.000 6.879
9505.000 10.797
9510.000 10.729
9515.000 6.846
9520.000 6.709
9525.000 4.418
9530.000 3.867
9535.000 2.814
9540.000 2.266
9545.000 1.857
9550.000 1.588
9555.000 1.377
9560.000 1.218
9565.000 1.101
9570.000 1.010
9575.000 0.980
9580.000 0.931
9585.000 0.897
9590.000 0.865
9595.000 0.842
9600.000 0.822
9605.000 0.797
9610.000 0.777
9615.000 0.762
9620.000 0.751
9625.000 0.742
9630.000 0.731
9635.000 0.730
9640.000 0.723
9645.000 0.719
9650.000 0.716
9655.000 0.715
9660.000 0.715
9665.000 0.714
9670.000 0.713
9675.000 0.720
9680.000 0.722
9685.000 0.726
9690.000 0.730
9695.000 0.738
9700.000 0.738
9705.000 0.745
9710.000 0.750
9715.000 0.762
9720.000 0.769
9725.000 0.779
9730.000 0.793
9735.000 0.809
9740.000 0.825
9745.000 0.843
9750.000 0.867
9755.000 0.888
9760.000 0.899
9765.000 0.925
9770.000 0.948
9775.000 0.987
9780.000 1.025
9785.000 1.070
9790.000 1.127
9795.000 1.189
9800.000 1.269
9805.000 1.373
9810.000 1.512
9815.000 1.690
9820.000 1.800
9825.000 2.082
9830.000 2.456
9835.000 2.857
9840.000 3.152
9845.000 3.107
9850.000 2.684
9855.000 2.138
9860.000 1.655
9865.000 1.306
9870.000 1.084
9875.000 0.925
9880.000 0.825
9885.000 0.782
9890.000 0.746
9895.000 0.720
9900.000 0.723
9905.000 0.696
9910.000 0.647
9915.000 0.578
9920.000 0.504
9925.000 0.441
9930.000 0.389
9935.000 0.350
9940.000 0.320
9945.000 0.308
9950.000 0.292
9955.000 0.282
9960.000 0.269
9965.000 0.264
9970.000 0.261
9975.000 0.255
9980.000 0.255
9985.000 0.252
9990.000 0.251
9995.000 0.254
10000.000 0.244
10005.000 0.249
10010.000 0.249
10015.000 0.251
10020.000 0.243
10025.000 0.246
10030.000 0.243
10035.000 0.247
10040.000 0.243
10045.000 0.245
10050.000 0.242
10055.000 0.242
10060.000 0.241
10065.000 0.239
10070.000 0.236
10075.000 0.236
10080.000 0.230
10085.000 0.227
10090.000 0.225
10095.000 0.220
10100.000 0.214
10105.000 0.208
10110.000 0.201
10115.000 0.195
10120.000 0.188
10125.000 0.186
10130.000 0.173
10135.000 0.162
10140.000 0.149
10145.000 0.136
10150.000 0.120
10155.000 0.100
10160.000 0.073
10165.000 0.041
10170.000 0.004
10175.000 0.058
10180.000 0.148
10185.000 0.326
10190.000 0.528
10195.000 1.672
10200.000 3.861
10205.000 6.355
10210.000 4.001
10215.000 3.521
10220.000 2.228
10225.000 1.565
10230.000 1.275
10235.000 1.042
10240.000 0.902
10245.000 0.856
10250.000 0.772
10255.000 0.710
10260.000 0.663
10265.000 0.629
10270.000 0.587
10275.000 0.559
10280.000 0.537
10285.000 0.523
10290.000 0.516
10295.000 0.507
10300.000 0.497
10305.000 0.493
10310.000 0.494
10315.000 0.489
10320.000 0.484
10325.000 0.480
10330.000 0.476
10335.000 0.473
10340.000 0.472
10345.000 0.468
10350.000 0.465
10355.000 0.463
10360.000 0.463
10365.000 0.459
10370.000 0.459
10375.000 0.458
10380.000 0.454
10385.000 0.450
10390.000 0.454
10395.000 0.450
10400.000 0.451
10405.000 0.449
10410.000 0.445
10415.000 0.444
10420.000 0.444
10425.000 0.444
10430.000 0.445
10435.000 0.442
10440.000 0.442
10445.000 0.444
10450.000 0.442
10455.000 0.437
10460.000 0.436
10465.000 0.435
10470.000 0.432
10475.000 0.437
10480.000 0.439
10485.000 0.445
10490.000 0.448
10495.000 0.455
10500.000 0.444
10505.000 0.437
10510.000 0.435
10515.000 0.432
10520.000 0.432
10525.000 0.430
10530.000 0.429
10535.000 0.429
10540.000 0.430
10545.000 0.431
10550.000 0.428
10555.000 0.428
10560.000 0.426
10565.000 0.426
10570.000 0.427
10575.000 0.425
10580.000 0.424
10585.000 0.429
10590.000 0.430
10595.000 0.429
10600.000 0.428
10605.000 0.431
10610.000 0.430
10615.000 0.426
10620.000 0.430
10625.000 0.428
10630.000 0.427
10635.000 0.425
10640.000 0.426
10645.000 0.421
10650.000 0.425
10655.000 0.426
10660.000 0.425
10665.000 0.426
10670.000 0.429
10675.000 0.430
10680.000 0.424
10685.000 0.429
10690.000 0.425
10695.000 0.429
10700.000 0.425
10705.000 0.423
10710.000 0.426
10715.000 0.429
10720.000 0.429
10725.000 0.427
10730.000 0.426
10735.000 0.427
10740.000 0.431
10745.000 0.430
10750.000 0.431
10755.000 0.431
10760.000 0.435
10765.000 0.440
10770.000 0.443
10775.000 0.444
10780.000 0.449
10785.000 0.454
10790.000 0.461
10795.000 0.464
10800.000 0.466
10805.000 0.477
10810.000 0.484
10815.000 0.491
10820.000 0.503
10825.000 0.517
10830.000 0.534
10835.000 0.557
10840.000 0.588
10845.000 0.624
10850.000 0.675
10855.000 0.710
10860.000 0.798
10865.000 0.947
10870.000 1.177
10875.000 1.491
10880.000 1.715
10885.000 1.478
10890.000 0.937
10895.000 0.612
10900.000 0.608
10905.000 1.046
10910.000 1.463
10915.000 1.126
10920.000 0.756
10925.000 0.521
10930.000 0.397
10935.000 0.346
10940.000 0.325
10945.000 0.326
10950.000 0.339
10955.000 0.372
10960.000 0.420
10965.000 0.488
10970.000 0.578
10975.000 0.641
10980.000 0.798
10985.000 1.011
10990.000 1.317
10995.000 1.713
11000.000 2.190
11005.000 2.752
11010.000 3.341
11015.000 3.902
11020.000 4.249
11025.000 4.314
11030.000 4.052
11035.000 3.828
11040.000 3.306
11045.000 2.825
11050.000 2.384
11055.000 2.011
11060.000 1.713
11065.000 1.479
11070.000 1.284
11075.000 1.115
11080.000 0.966
11085.000 0.822
11090.000 0.647
11095.000 0.400
11100.000 0.258
11105.000 0.072
11110.000 0.226
11115.000 0.400
11120.000 0.614
11125.000 0.791
11130.000 0.901
11135.000 0.975
11140.000 1.018
11145.000 1.037
11150.000 1.040
11155.000 1.040
11160.000 1.040
11165.000 1.034
11170.000 1.002
11175.000 0.965
11180.000 0.926
11185.000 0.887
11190.000 0.851
11195.000 0.816
11200.000 0.777
11205.000 0.747
11210.000 0.714
11215.000 0.698
11220.000 0.679
11225.000 0.664
11230.000 0.660
11235.000 0.660
11240.000 0.652
11245.000 0.652
11250.000 0.650
11255.000 0.649
11260.000 0.653
11265.000 0.655
11270.000 0.650
11275.000 0.645
11280.000 0.647
11285.000 0.646
11290.000 0.645
11295.000 0.643
11300.000 0.642
11305.000 0.639
11310.000 0.636
11315.000 0.637
11320.000 0.637
11325.000 0.634
11330.000 0.634
11335.000 0.628
11340.000 0.627
11345.000 0.627
11350.000 0.630
11355.000 0.627
11360.000 0.629
11365.000 0.625
11370.000 0.625
11375.000 0.619
11380.000 0.618
11385.000 0.620
11390.000 0.624
11395.000 0.626
11400.000 0.625
11405.000 0.624
11410.000 0.624
11415.000 0.622
11420.000 0.620
11425.000 0.616
11430.000 0.615
11435.000 0.618
11440.000 0.615
11445.000 0.619
11450.000 0.615
11455.000 0.616
11460.000 0.614
11465.000 0.612
11470.000 0.614
11475.000 0.614
11480.000 0.619
11485.000 0.617
11490.000 0.615
11495.000 0.615
11500.000 0.621
11505.000 0.623
11510.000 0.624
11515.000 0.628
11520.000 0.626
11525.000 0.624
11530.000 0.623
11535.000 0.621
11540.000 0.621
11545.000 0.618
11550.000 0.627
11555.000 0.628
11560.000 0.630
11565.000 0.629
11570.000 0.628
11575.000 0.629
11580.000 0.631
11585.000 0.635
11590.000 0.636
11595.000 0.639
11600.000 0.641
11605.000 0.647
11610.000 0.648
11615.000 0.654
11620.000 0.661
11625.000 0.660
11630.000 0.665
11635.000 0.668
11640.000 0.675
11645.000 0.686
11650.000 0.687
11655.000 0.691
11660.000 0.693
11665.000 0.702
11670.000 0.718
11675.000 0.729
11680.000 0.746
11685.000 0.760
11690.000 0.775
11695.000 0.800
11700.000 0.824
11705.000 0.837
11710.000 0.870
11715.000 0.912
11720.000 0.960
11725.000 1.034
11730.000 1.140
11735.000 1.311
11740.000 1.631
11745.000 2.214
11750.000 3.203
11755.000 3.794
11760.000 2.103
11765.000 0.734
11770.000 0.734
11775.000 0.454
11780.000 0.101
11785.000 0.042
11790.000 0.131
11795.000 0.183
11800.000 0.220
11805.000 0.250
11810.000 0.278
11815.000 0.309
11820.000 0.339
11825.000 0.367
11830.000 0.382
11835.000 0.405
11840.000 0.431
11845.000 0.450
11850.000 0.474
11855.000 0.494
11860.000 0.511
11865.000 0.511
11870.000 0.507
11875.000 0.503
11880.000 0.498
11885.000 0.490
11890.000 0.488
11895.000 0.495
11900.000 0.500
11905.000 0.503
11910.000 0.512
11915.000 0.512
11920.000 0.522
11925.000 0.530
11930.000 0.536
11935.000 0.543
11940.000 0.553
11945.000 0.557
11950.000 0.562
11955.000 0.572
11960.000 0.577
11965.000 0.587
11970.000 0.599
11975.000 0.608
11980.000 0.627
11985.000 0.640
11990.000 0.646
11995.000 0.658
12000.000 0.677
