105.000 0.158
110.000 0.764
115.000 2.105
120.000 2.457
125.000 3.010
130.000 3.135
135.000 3.560
140.000 3.674
145.000 3.757
150.000 3.516
155.000 3.228
160.000 3.154
165.000 3.769
170.000 3.247
175.000 3.276
180.000 3.573
185.000 3.603
190.000 3.648
195.000 3.351
200.000 3.561
205.000 3.646
210.000 3.561
215.000 3.536
220.000 3.469
225.000 3.565
230.000 3.368
235.000 3.404
240.000 3.388
245.000 3.320
250.000 3.361
255.000 3.303
260.000 3.494
265.000 3.500
270.000 3.530
275.000 3.578
280.000 3.624
285.000 3.757
290.000 3.842
295.000 3.988
300.000 4.059
305.000 4.143
310.000 4.266
315.000 4.385
320.000 4.403
325.000 4.569
330.000 4.726
335.000 4.995
340.000 5.110
345.000 5.254
350.000 5.496
355.000 5.769
360.000 6.078
365.000 6.241
370.000 6.557
375.000 6.890
380.000 7.174
385.000 7.366
390.000 7.761
395.000 8.070
400.000 8.341
405.000 8.440
410.000 8.494
415.000 8.277
420.000 7.884
425.000 7.257
430.000 6.557
435.000 5.821
440.000 5.060
445.000 4.448
450.000 4.159
455.000 3.657
460.000 3.221
465.000 2.947
470.000 2.695
475.000 2.525
480.000 2.376
485.000 2.229
490.000 2.094
495.000 1.975
500.000 1.875
505.000 1.784
510.000 1.716
515.000 1.636
520.000 1.541
525.000 1.466
530.000 1.395
535.000 1.345
540.000 1.290
545.000 1.242
550.000 1.179
555.000 1.159
560.000 1.087
565.000 1.030
570.000 1.011
575.000 0.950
580.000 0.904
585.000 0.859
590.000 0.818
595.000 0.777
600.000 0.752
605.000 0.727
610.000 0.707
615.000 0.684
620.000 0.666
625.000 0.638
630.000 0.625
635.000 0.612
640.000 0.589
645.000 0.588
650.000 0.578
655.000 0.554
660.000 0.540
665.000 0.527
670.000 0.520
675.000 0.517
680.000 0.512
685.000 0.499
690.000 0.492
695.000 0.480
700.000 0.466
705.000 0.460
710.000 0.462
715.000 0.448
720.000 0.441
725.000 0.442
730.000 0.434
735.000 0.419
740.000 0.422
745.000 0.410
750.000 0.408
755.000 0.411
760.000 0.411
765.000 0.399
770.000 0.389
775.000 0.390
780.000 0.390
785.000 0.389
790.000 0.383
795.000 0.381
800.000 0.378
805.000 0.371
810.000 0.370
815.000 0.359
820.000 0.360
825.000 0.365
830.000 0.357
835.000 0.354
840.000 0.361
845.000 0.361
850.000 0.346
855.000 0.352
860.000 0.346
865.000 0.346
870.000 0.347
875.000 0.340
880.000 0.339
885.000 0.342
890.000 0.343
895.000 0.335
900.000 0.338
905.000 0.337
910.000 0.334
915.000 0.339
920.000 0.336
925.000 0.338
930.000 0.343
935.000 0.330
940.000 0.330
945.000 0.332
950.000 0.337
955.000 0.326
960.000 0.340
965.000 0.336
970.000 0.323
975.000 0.329
980.000 0.325
985.000 0.330
990.000 0.324
995.000 0.327
1000.000 0.339
1005.000 0.323
1010.000 0.317
1015.000 0.321
1020.000 0.328
1025.000 0.345
1030.000 0.339
1035.000 0.330
1040.000 0.326
1045.000 0.333
1050.000 0.327
1055.000 0.323
1060.000 0.326
1065.000 0.331
1070.000 0.321
1075.000 0.322
1080.000 0.330
1085.000 0.323
1090.000 0.328
1095.000 0.323
1100.000 0.326
1105.000 0.329
1110.000 0.330
1115.000 0.323
1120.000 0.330
1125.000 0.331
1130.000 0.331
1135.000 0.327
1140.000 0.327
1145.000 0.329
1150.000 0.331
1155.000 0.329
1160.000 0.329
1165.000 0.336
1170.000 0.330
1175.000 0.339
1180.000 0.327
1185.000 0.338
1190.000 0.334
1195.000 0.332
1200.000 0.336
1205.000 0.336
1210.000 0.336
1215.000 0.336
1220.000 0.341
1225.000 0.341
1230.000 0.341
1235.000 0.343
1240.000 0.341
1245.000 0.339
1250.000 0.343
1255.000 0.350
1260.000 0.348
1265.000 0.348
1270.000 0.346
1275.000 0.348
1280.000 0.349
1285.000 0.350
1290.000 0.351
1295.000 0.356
1300.000 0.357
1305.000 0.354
1310.000 0.360
1315.000 0.360
1320.000 0.360
1325.000 0.360
1330.000 0.361
1335.000 0.364
1340.000 0.367
1345.000 0.366
1350.000 0.369
1355.000 0.369
1360.000 0.373
1365.000 0.368
1370.000 0.374
1375.000 0.373
1380.000 0.380
1385.000 0.374
1390.000 0.375
1395.000 0.370
1400.000 0.372
1405.000 0.373
1410.000 0.366
1415.000 0.371
1420.000 0.370
1425.000 0.365
1430.000 0.363
1435.000 0.369
1440.000 0.374
1445.000 0.371
1450.000 0.377
1455.000 0.379
1460.000 0.392
1465.000 0.393
1470.000 0.397
1475.000 0.404
1480.000 0.411
1485.000 0.417
1490.000 0.422
1495.000 0.427
1500.000 0.432
1505.000 0.441
1510.000 0.448
1515.000 0.450
1520.000 0.458
1525.000 0.465
1530.000 0.476
1535.000 0.478
1540.000 0.487
1545.000 0.476
1550.000 0.496
1555.000 0.506
1560.000 0.510
1565.000 0.516
1570.000 0.524
1575.000 0.538
1580.000 0.539
1585.000 0.549
1590.000 0.559
1595.000 0.568
1600.000 0.577
1605.000 0.579
1610.000 0.590
1615.000 0.601
1620.000 0.613
1625.000 0.627
1630.000 0.634
1635.000 0.644
1640.000 0.655
1645.000 0.672
1650.000 0.685
1655.000 0.701
1660.000 0.709
1665.000 0.717
1670.000 0.736
1675.000 0.753
1680.000 0.765
1685.000 0.784
1690.000 0.800
1695.000 0.823
1700.000 0.835
1705.000 0.857
1710.000 0.871
1715.000 0.895
1720.000 0.911
1725.000 0.936
1730.000 0.945
1735.000 0.957
1740.000 0.988
1745.000 1.011
1750.000 1.040
1755.000 1.062
1760.000 1.085
1765.000 1.110
1770.000 1.134
1775.000 1.161
1780.000 1.189
1785.000 1.202
1790.000 1.221
1795.000 1.246
1800.000 1.271
1805.000 1.301
1810.000 1.320
1815.000 1.347
1820.000 1.373
1825.000 1.391
1830.000 1.417
1835.000 1.430
1840.000 1.453
1845.000 1.459
1850.000 1.482
1855.000 1.494
1860.000 1.507
1865.000 1.522
1870.000 1.535
1875.000 1.539
1880.000 1.544
1885.000 1.553
1890.000 1.553
1895.000 1.557
1900.000 1.546
1905.000 1.557
1910.000 1.553
1915.000 1.557
1920.000 1.550
1925.000 1.546
1930.000 1.543
1935.000 1.545
1940.000 1.535
1945.000 1.529
1950.000 1.517
1955.000 1.519
1960.000 1.516
1965.000 1.507
1970.000 1.500
1975.000 1.484
1980.000 1.478
1985.000 1.481
1990.000 1.468
1995.000 1.467
2000.000 1.457
2005.000 1.457
2010.000 1.456
2015.000 1.442
2020.000 1.451
2025.000 1.443
2030.000 1.424
2035.000 1.434
2040.000 1.419
2045.000 1.422
2050.000 1.423
2055.000 1.417
2060.000 1.415
2065.000 1.415
2070.000 1.420
2075.000 1.419
2080.000 1.414
2085.000 1.422
2090.000 1.422
2095.000 1.427
2100.000 1.437
2105.000 1.438
2110.000 1.449
2115.000 1.462
2120.000 1.466
2125.000 1.476
2130.000 1.482
2135.000 1.497
2140.000 1.507
2145.000 1.530
2150.000 1.536
2155.000 1.558
2160.000 1.579
2165.000 1.602
2170.000 1.627
2175.000 1.649
2180.000 1.683
2185.000 1.717
2190.000 1.749
2195.000 1.790
2200.000 1.838
2205.000 1.883
2210.000 1.936
2215.000 1.970
2220.000 2.030
2225.000 2.089
2230.000 2.173
2235.000 2.257
2240.000 2.371
2245.000 2.482
2250.000 2.623
2255.000 2.784
2260.000 2.983
2265.000 3.244
2270.000 3.587
2275.000 3.804
2280.000 4.453
2285.000 5.375
2290.000 6.820
2295.000 9.269
2300.000 13.332
2305.000 19.440
2310.000 27.052
2315.000 33.382
2320.000 30.877
2325.000 25.772
2330.000 17.916
2335.000 10.250
2340.000 6.708
2345.000 4.882
2350.000 3.729
2355.000 2.956
2360.000 2.387
2365.000 1.970
2370.000 1.663
2375.000 1.407
2380.000 1.217
2385.000 1.059
2390.000 0.941
2395.000 0.888
2400.000 0.793
2405.000 0.713
2410.000 0.647
2415.000 0.589
2420.000 0.538
2425.000 0.494
2430.000 0.455
2435.000 0.421
2440.000 0.392
2445.000 0.365
2450.000 0.339
2455.000 0.317
2460.000 0.302
2465.000 0.285
2470.000 0.264
2475.000 0.249
2480.000 0.234
2485.000 0.220
2490.000 0.208
2495.000 0.197
2500.000 0.190
2505.000 0.182
2510.000 0.175
2515.000 0.167
2520.000 0.164
2525.000 0.160
2530.000 0.157
2535.000 0.154
2540.000 0.153
2545.000 0.150
2550.000 0.149
2555.000 0.150
2560.000 0.149
2565.000 0.150
2570.000 0.153
2575.000 0.154
2580.000 0.152
2585.000 0.155
2590.000 0.160
2595.000 0.162
2600.000 0.165
2605.000 0.168
2610.000 0.173
2615.000 0.178
2620.000 0.181
2625.000 0.185
2630.000 0.189
2635.000 0.194
2640.000 0.196
2645.000 0.198
2650.000 0.205
2655.000 0.208
2660.000 0.215
2665.000 0.219
2670.000 0.226
2675.000 0.230
2680.000 0.236
2685.000 0.243
2690.000 0.250
2695.000 0.256
2700.000 0.258
2705.000 0.264
2710.000 0.271
2715.000 0.278
2720.000 0.288
2725.000 0.292
2730.000 0.297
2735.000 0.303
2740.000 0.312
2745.000 0.320
2750.000 0.330
2755.000 0.338
2760.000 0.344
2765.000 0.346
2770.000 0.358
2775.000 0.363
2780.000 0.371
2785.000 0.377
2790.000 0.385
2795.000 0.394
2800.000 0.403
2805.000 0.410
2810.000 0.420
2815.000 0.430
2820.000 0.436
2825.000 0.444
2830.000 0.455
2835.000 0.461
2840.000 0.469
2845.000 0.480
2850.000 0.490
2855.000 0.500
2860.000 0.511
2865.000 0.522
2870.000 0.534
2875.000 0.540
2880.000 0.541
2885.000 0.549
2890.000 0.555
2895.000 0.565
2900.000 0.570
2905.000 0.573
2910.000 0.577
2915.000 0.582
2920.000 0.590
2925.000 0.593
2930.000 0.599
2935.000 0.602
2940.000 0.609
2945.000 0.614
2950.000 0.619
2955.000 0.619
2960.000 0.623
2965.000 0.625
2970.000 0.631
2975.000 0.629
2980.000 0.628
2985.000 0.642
2990.000 0.636
2995.000 0.638
3000.000 0.648
3005.000 0.648
3010.000 0.640
3015.000 0.653
3020.000 0.647
3025.000 0.657
3030.000 0.650
3035.000 0.654
3040.000 0.647
3045.000 0.655
3050.000 0.656
3055.000 0.663
3060.000 0.655
3065.000 0.659
3070.000 0.659
3075.000 0.659
3080.000 0.657
3085.000 0.665
3090.000 0.665
3095.000 0.665
3100.000 0.665
3105.000 0.665
3110.000 0.665
3115.000 0.665
3120.000 0.667
3125.000 0.666
3130.000 0.664
3135.000 0.667
3140.000 0.669
3145.000 0.671
3150.000 0.671
3155.000 0.671
3160.000 0.678
3165.000 0.684
3170.000 0.683
3175.000 0.685
3180.000 0.683
3185.000 0.685
3190.000 0.685
3195.000 0.686
3200.000 0.689
3205.000 0.690
3210.000 0.692
3215.000 0.693
3220.000 0.696
3225.000 0.700
3230.000 0.701
3235.000 0.703
3240.000 0.708
3245.000 0.712
3250.000 0.718
3255.000 0.721
3260.000 0.724
3265.000 0.724
3270.000 0.731
3275.000 0.733
3280.000 0.737
3285.000 0.740
3290.000 0.744
3295.000 0.748
3300.000 0.754
3305.000 0.758
3310.000 0.764
3315.000 0.767
3320.000 0.778
3325.000 0.782
3330.000 0.787
3335.000 0.795
3340.000 0.801
3345.000 0.806
3350.000 0.810
3355.000 0.821
3360.000 0.828
3365.000 0.840
3370.000 0.843
3375.000 0.852
3380.000 0.859
3385.000 0.869
3390.000 0.880
3395.000 0.891
3400.000 0.903
3405.000 0.923
3410.000 0.933
3415.000 0.941
3420.000 0.953
3425.000 0.965
3430.000 0.972
3435.000 0.991
3440.000 1.005
3445.000 1.029
3450.000 1.040
3455.000 1.066
3460.000 1.086
3465.000 1.114
3470.000 1.150
3475.000 1.170
3480.000 1.190
3485.000 1.221
3490.000 1.264
3495.000 1.285
3500.000 1.324
3505.000 1.342
3510.000 1.371
3515.000 1.404
3520.000 1.435
3525.000 1.468
3530.000 1.503
3535.000 1.544
3540.000 1.576
3545.000 1.624
3550.000 1.653
3555.000 1.694
3560.000 1.753
3565.000 1.858
3570.000 1.959
3575.000 2.021
3580.000 2.062
3585.000 2.123
3590.000 2.194
3595.000 2.272
3600.000 2.363
3605.000 2.464
3610.000 2.517
3615.000 2.649
3620.000 2.788
3625.000 2.941
3630.000 3.109
3635.000 3.304
3640.000 3.547
3645.000 3.808
3650.000 4.135
3655.000 4.558
3660.000 5.098
3665.000 5.757
3670.000 6.707
3675.000 7.350
3680.000 8.999
3685.000 11.457
3690.000 15.791
3695.000 21.457
3700.000 28.844
3705.000 37.086
3710.000 44.572
3715.000 49.878
3720.000 47.943
3725.000 29.584
3730.000 19.405
3735.000 16.158
3740.000 11.714
3745.000 9.045
3750.000 7.278
3755.000 6.051
3760.000 5.143
3765.000 4.407
3770.000 3.854
3775.000 3.416
3780.000 3.064
3785.000 2.773
3790.000 2.646
3795.000 2.425
3800.000 2.236
3805.000 2.076
3810.000 1.939
3815.000 1.817
3820.000 1.716
3825.000 1.621
3830.000 1.542
3835.000 1.468
3840.000 1.405
3845.000 1.346
3850.000 1.294
3855.000 1.268
3860.000 1.222
3865.000 1.179
3870.000 1.139
3875.000 1.103
3880.000 1.068
3885.000 1.038
3890.000 1.011
3895.000 0.984
3900.000 0.949
3905.000 0.938
3910.000 0.913
3915.000 0.903
3920.000 0.884
3925.000 0.862
3930.000 0.845
3935.000 0.825
3940.000 0.810
3945.000 0.791
3950.000 0.782
3955.000 0.765
3960.000 0.754
3965.000 0.737
3970.000 0.726
3975.000 0.711
3980.000 0.706
3985.000 0.702
3990.000 0.682
3995.000 0.675
4000.000 0.665
4005.000 0.657
4010.000 0.655
4015.000 0.639
4020.000 0.643
4025.000 0.633
4030.000 0.623
4035.000 0.620
4040.000 0.603
4045.000 0.598
4050.000 0.596
4055.000 0.583
4060.000 0.578
4065.000 0.573
4070.000 0.565
4075.000 0.559
4080.000 0.552
4085.000 0.546
4090.000 0.537
4095.000 0.535
4100.000 0.527
4105.000 0.520
4110.000 0.514
4115.000 0.508
4120.000 0.502
4125.000 0.496
4130.000 0.491
4135.000 0.484
4140.000 0.477
4145.000 0.469
4150.000 0.465
4155.000 0.459
4160.000 0.457
4165.000 0.450
4170.000 0.444
4175.000 0.438
4180.000 0.435
4185.000 0.431
4190.000 0.424
4195.000 0.420
4200.000 0.419
4205.000 0.415
4210.000 0.417
4215.000 0.416
4220.000 0.416
4225.000 0.414
4230.000 0.413
4235.000 0.415
4240.000 0.417
4245.000 0.415
4250.000 0.416
4255.000 0.418
4260.000 0.418
4265.000 0.420
4270.000 0.420
4275.000 0.420
4280.000 0.421
4285.000 0.420
4290.000 0.421
4295.000 0.424
4300.000 0.421
4305.000 0.421
4310.000 0.422
4315.000 0.420
4320.000 0.421
4325.000 0.420
4330.000 0.420
4335.000 0.421
4340.000 0.423
4345.000 0.422
4350.000 0.422
4355.000 0.421
4360.000 0.421
4365.000 0.420
4370.000 0.420
4375.000 0.421
4380.000 0.421
4385.000 0.423
4390.000 0.423
4395.000 0.425
4400.000 0.425
4405.000 0.425
4410.000 0.424
4415.000 0.427
4420.000 0.426
4425.000 0.428
4430.000 0.428
4435.000 0.428
4440.000 0.429
4445.000 0.430
4450.000 0.430
4455.000 0.432
4460.000 0.432
4465.000 0.433
4470.000 0.434
4475.000 0.435
4480.000 0.437
4485.000 0.437
4490.000 0.439
4495.000 0.441
4500.000 0.442
4505.000 0.443
4510.000 0.445
4515.000 0.448
4520.000 0.446
4525.000 0.449
4530.000 0.451
4535.000 0.452
4540.000 0.454
4545.000 0.456
4550.000 0.459
4555.000 0.461
4560.000 0.464
4565.000 0.465
4570.000 0.468
4575.000 0.470
4580.000 0.475
4585.000 0.476
4590.000 0.480
4595.000 0.483
4600.000 0.486
4605.000 0.489
4610.000 0.492
4615.000 0.495
4620.000 0.499
4625.000 0.506
4630.000 0.506
4635.000 0.514
4640.000 0.517
4645.000 0.519
4650.000 0.523
4655.000 0.530
4660.000 0.535
4665.000 0.540
4670.000 0.547
4675.000 0.552
4680.000 0.559
4685.000 0.566
4690.000 0.575
4695.000 0.581
4700.000 0.588
4705.000 0.596
4710.000 0.600
4715.000 0.610
4720.000 0.620
4725.000 0.633
4730.000 0.646
4735.000 0.654
4740.000 0.666
4745.000 0.678
4750.000 0.692
4755.000 0.708
4760.000 0.723
4765.000 0.730
4770.000 0.748
4775.000 0.768
4780.000 0.787
4785.000 0.811
4790.000 0.835
4795.000 0.861
4800.000 0.889
4805.000 0.919
4810.000 0.953
4815.000 0.987
4820.000 1.025
4825.000 1.047
4830.000 1.092
4835.000 1.140
4840.000 1.191
4845.000 1.229
4850.000 1.256
4855.000 1.294
4860.000 1.330
4865.000 1.372
4870.000 1.414
4875.000 1.467
4880.000 1.517
4885.000 1.576
4890.000 1.609
4895.000 1.681
4900.000 1.769
4905.000 1.877
4910.000 1.999
4915.000 2.111
4920.000 2.221
4925.000 2.333
4930.000 2.478
4935.000 2.666
4940.000 2.903
4945.000 3.198
4950.000 3.382
4955.000 3.786
4960.000 4.290
4965.000 4.947
4970.000 5.796
4975.000 6.849
4980.000 7.880
4985.000 9.625
4990.000 24.397
4995.000 34.653
5000.000 38.766
5005.000 37.885
5010.000 37.673
5015.000 29.904
5020.000 18.709
5025.000 12.616
5030.000 9.211
5035.000 7.053
5040.000 5.634
5045.000 4.668
5050.000 3.979
5055.000 3.470
5060.000 3.051
5065.000 2.728
5070.000 2.588
5075.000 2.344
5080.000 2.142
5085.000 1.978
5090.000 1.837
5095.000 1.717
5100.000 1.617
5105.000 1.526
5110.000 1.450
5115.000 1.381
5120.000 1.319
5125.000 1.267
5130.000 1.218
5135.000 1.198
5140.000 1.157
5145.000 1.120
5150.000 1.088
5155.000 1.062
5160.000 1.034
5165.000 1.013
5170.000 0.991
5175.000 0.972
5180.000 0.953
5185.000 0.937
5190.000 0.921
5195.000 0.914
5200.000 0.902
5205.000 0.890
5210.000 0.878
5215.000 0.869
5220.000 0.861
5225.000 0.853
5230.000 0.844
5235.000 0.837
5240.000 0.831
5245.000 0.826
5250.000 0.822
5255.000 0.817
5260.000 0.812
5265.000 0.809
5270.000 0.806
5275.000 0.803
5280.000 0.799
5285.000 0.796
5290.000 0.792
5295.000 0.791
5300.000 0.790
5305.000 0.788
5310.000 0.787
5315.000 0.785
5320.000 0.783
5325.000 0.783
5330.000 0.780
5335.000 0.777
5340.000 0.778
5345.000 0.777
5350.000 0.775
5355.000 0.775
5360.000 0.773
5365.000 0.772
5370.000 0.773
5375.000 0.772
5380.000 0.770
5385.000 0.769
5390.000 0.767
5395.000 0.766
5400.000 0.764
5405.000 0.764
5410.000 0.765
5415.000 0.764
5420.000 0.760
5425.000 0.760
5430.000 0.759
5435.000 0.758
5440.000 0.758
5445.000 0.760
5450.000 0.753
5455.000 0.753
5460.000 0.756
5465.000 0.752
5470.000 0.752
5475.000 0.760
5480.000 0.760
5485.000 0.758
5490.000 0.756
5495.000 0.756
5500.000 0.750
5505.000 0.749
5510.000 0.748
5515.000 0.752
5520.000 0.752
5525.000 0.758
5530.000 0.759
5535.000 0.758
5540.000 0.753
5545.000 0.750
5550.000 0.747
5555.000 0.746
5560.000 0.743
5565.000 0.744
5570.000 0.741
5575.000 0.744
5580.000 0.747
5585.000 0.747
5590.000 0.745
5595.000 0.745
5600.000 0.743
5605.000 0.742
5610.000 0.745
5615.000 0.745
5620.000 0.744
5625.000 0.748
5630.000 0.748
5635.000 0.750
5640.000 0.750
5645.000 0.751
5650.000 0.754
5655.000 0.757
5660.000 0.756
5665.000 0.758
5670.000 0.761
5675.000 0.763
5680.000 0.764
5685.000 0.765
5690.000 0.767
5695.000 0.769
5700.000 0.773
5705.000 0.776
5710.000 0.780
5715.000 0.784
5720.000 0.786
5725.000 0.787
5730.000 0.795
5735.000 0.798
5740.000 0.800
5745.000 0.802
5750.000 0.807
5755.000 0.811
5760.000 0.815
5765.000 0.824
5770.000 0.827
5775.000 0.836
5780.000 0.837
5785.000 0.843
5790.000 0.849
5795.000 0.854
5800.000 0.859
5805.000 0.864
5810.000 0.873
5815.000 0.882
5820.000 0.888
5825.000 0.896
5830.000 0.904
5835.000 0.914
5840.000 0.925
5845.000 0.935
5850.000 0.945
5855.000 0.955
5860.000 0.961
5865.000 0.975
5870.000 0.985
5875.000 0.999
5880.000 1.014
5885.000 1.033
5890.000 1.043
5895.000 1.063
5900.000 1.081
5905.000 1.101
5910.000 1.118
5915.000 1.137
5920.000 1.161
5925.000 1.168
5930.000 1.196
5935.000 1.218
5940.000 1.248
5945.000 1.275
5950.000 1.310
5955.000 1.336
5960.000 1.378
5965.000 1.404
5970.000 1.426
5975.000 1.438
5980.000 1.464
5985.000 1.499
5990.000 1.495
5995.000 1.530
6000.000 1.548
6005.000 1.590
6010.000 1.619
6015.000 1.647
6020.000 1.671
6025.000 1.697
6030.000 1.734
6035.000 1.758
6040.000 1.802
6045.000 1.820
6050.000 1.855
6055.000 1.899
6060.000 1.946
6065.000 1.989
6070.000 2.038
6075.000 2.097
6080.000 2.153
6085.000 2.219
6090.000 2.285
6095.000 2.342
6100.000 2.418
6105.000 2.455
6110.000 2.530
6115.000 2.608
6120.000 2.697
6125.000 2.795
6130.000 2.892
6135.000 3.008
6140.000 3.133
6145.000 3.265
6150.000 3.413
6155.000 3.580
6160.000 3.766
6165.000 3.964
6170.000 4.082
6175.000 4.331
6180.000 4.614
6185.000 4.959
6190.000 5.377
6195.000 5.905
6200.000 6.597
6205.000 7.507
6210.000 8.771
6215.000 10.547
6220.000 13.100
6225.000 16.847
6230.000 19.268
6235.000 25.242
6240.000 32.807
6245.000 39.750
6250.000 44.333
6255.000 42.740
6260.000 31.244
6265.000 21.926
6270.000 15.460
6275.000 11.618
6280.000 9.208
6285.000 8.342
6290.000 7.023
6295.000 6.106
6300.000 5.487
6305.000 5.164
6310.000 4.879
6315.000 4.530
6320.000 4.139
6325.000 3.777
6330.000 3.462
6335.000 3.185
6340.000 2.953
6345.000 2.747
6350.000 2.654
6355.000 2.489
6360.000 2.346
6365.000 2.219
6370.000 2.103
6375.000 2.006
6380.000 1.914
6385.000 1.834
6390.000 1.763
6395.000 1.696
6400.000 1.638
6405.000 1.582
6410.000 1.563
6415.000 1.513
6420.000 1.468
6425.000 1.432
6430.000 1.397
6435.000 1.363
6440.000 1.334
6445.000 1.309
6450.000 1.284
6455.000 1.261
6460.000 1.241
6465.000 1.225
6470.000 1.209
6475.000 1.202
6480.000 1.191
6485.000 1.183
6490.000 1.176
6495.000 1.174
6500.000 1.172
6505.000 1.174
6510.000 1.181
6515.000 1.192
6520.000 1.207
6525.000 1.229
6530.000 1.243
6535.000 1.284
6540.000 1.333
6545.000 1.393
6550.000 1.483
6555.000 1.613
6560.000 1.809
6565.000 2.135
6570.000 2.755
6575.000 4.166
6580.000 8.375
6585.000 16.937
6590.000 20.923
6595.000 20.908
6600.000 2.380
6605.000 2.090
6610.000 1.789
6615.000 0.735
6620.000 0.475
6625.000 0.406
6630.000 0.370
6635.000 0.317
6640.000 0.286
6645.000 0.272
6650.000 0.272
6655.000 0.273
6660.000 0.277
6665.000 0.280
6670.000 0.287
6675.000 0.292
6680.000 0.297
6685.000 0.300
6690.000 0.305
6695.000 0.309
6700.000 0.312
6705.000 0.315
6710.000 0.317
6715.000 0.321
6720.000 0.322
6725.000 0.325
6730.000 0.327
6735.000 0.330
6740.000 0.331
6745.000 0.333
6750.000 0.335
6755.000 0.336
6760.000 0.336
6765.000 0.338
6770.000 0.341
6775.000 0.342
6780.000 0.343
6785.000 0.343
6790.000 0.344
6795.000 0.346
6800.000 0.347
6805.000 0.348
6810.000 0.349
6815.000 0.348
6820.000 0.351
6825.000 0.351
6830.000 0.352
6835.000 0.354
6840.000 0.354
6845.000 0.354
6850.000 0.355
6855.000 0.356
6860.000 0.358
6865.000 0.357
6870.000 0.360
6875.000 0.360
6880.000 0.362
6885.000 0.363
6890.000 0.364
6895.000 0.366
6900.000 0.367
6905.000 0.368
6910.000 0.368
6915.000 0.371
6920.000 0.371
6925.000 0.374
6930.000 0.375
6935.000 0.375
6940.000 0.378
6945.000 0.380
6950.000 0.385
6955.000 0.383
6960.000 0.386
6965.000 0.389
6970.000 0.393
6975.000 0.396
6980.000 0.398
6985.000 0.405
6990.000 0.406
6995.000 0.407
7000.000 0.412
7005.000 0.412
7010.000 0.415
7015.000 0.419
7020.000 0.418
7025.000 0.426
7030.000 0.428
7035.000 0.429
7040.000 0.432
7045.000 0.438
7050.000 0.447
7055.000 0.448
7060.000 0.454
7065.000 0.461
7070.000 0.468
7075.000 0.472
7080.000 0.475
7085.000 0.479
7090.000 0.486
7095.000 0.496
7100.000 0.504
7105.000 0.512
7110.000 0.520
7115.000 0.530
7120.000 0.536
7125.000 0.545
7130.000 0.553
7135.000 0.563
7140.000 0.566
7145.000 0.578
7150.000 0.586
7155.000 0.595
7160.000 0.604
7165.000 0.614
7170.000 0.625
7175.000 0.639
7180.000 0.650
7185.000 0.660
7190.000 0.675
7195.000 0.692
7200.000 0.705
7205.000 0.712
7210.000 0.727
7215.000 0.745
7220.000 0.764
7225.000 0.779
7230.000 0.801
7235.000 0.823
7240.000 0.846
7245.000 0.870
7250.000 0.895
7255.000 0.925
7260.000 0.936
7265.000 0.971
7270.000 1.005
7275.000 1.042
7280.000 1.081
7285.000 1.129
7290.000 1.175
7295.000 1.227
7300.000 1.288
7305.000 1.361
7310.000 1.435
7315.000 1.525
7320.000 1.576
7325.000 1.678
7330.000 1.795
7335.000 1.899
7340.000 1.997
7345.000 2.098
7350.000 2.233
7355.000 2.432
7360.000 2.597
7365.000 2.920
7370.000 3.093
7375.000 3.238
7380.000 3.418
7385.000 3.522
7390.000 3.763
7395.000 4.044
7400.000 4.409
7405.000 4.875
7410.000 5.449
7415.000 6.176
7420.000 7.128
7425.000 8.425
7430.000 10.124
7435.000 12.398
7440.000 15.416
7445.000 17.243
7450.000 21.531
7455.000 26.350
7460.000 31.106
7465.000 34.775
7470.000 35.433
7475.000 30.917
7480.000 22.915
7485.000 17.119
7490.000 13.120
7495.000 10.363
7500.000 9.349
7505.000 7.786
7510.000 6.643
7515.000 5.792
7520.000 5.194
7525.000 4.833
7530.000 4.536
7535.000 4.276
7540.000 4.046
7545.000 3.838
7550.000 3.656
7555.000 3.418
7560.000 3.198
7565.000 3.101
7570.000 2.918
7575.000 2.754
7580.000 2.596
7585.000 2.453
7590.000 2.327
7595.000 2.218
7600.000 2.121
7605.000 2.041
7610.000 1.973
7615.000 1.911
7620.000 1.853
7625.000 1.822
7630.000 1.761
7635.000 1.704
7640.000 1.656
7645.000 1.612
7650.000 1.573
7655.000 1.536
7660.000 1.503
7665.000 1.473
7670.000 1.443
7675.000 1.415
7680.000 1.392
7685.000 1.367
7690.000 1.356
7695.000 1.335
7700.000 1.316
7705.000 1.297
7710.000 1.279
7715.000 1.264
7720.000 1.248
7725.000 1.231
7730.000 1.217
7735.000 1.207
7740.000 1.194
7745.000 1.187
7750.000 1.175
7755.000 1.165
7760.000 1.153
7765.000 1.144
7770.000 1.137
7775.000 1.128
7780.000 1.121
7785.000 1.115
7790.000 1.106
7795.000 1.102
7800.000 1.096
7805.000 1.093
7810.000 1.090
7815.000 1.088
7820.000 1.084
7825.000 1.079
7830.000 1.077
7835.000 1.076
7840.000 1.074
7845.000 1.073
7850.000 1.072
7855.000 1.072
7860.000 1.070
7865.000 1.071
7870.000 1.074
7875.000 1.074
7880.000 1.074
7885.000 1.076
7890.000 1.085
7895.000 1.088
7900.000 1.091
7905.000 1.097
7910.000 1.101
7915.000 1.110
7920.000 1.121
7925.000 1.128
7930.000 1.136
7935.000 1.144
7940.000 1.160
7945.000 1.171
7950.000 1.185
7955.000 1.204
7960.000 1.224
7965.000 1.244
7970.000 1.264
7975.000 1.301
7980.000 1.328
7985.000 1.350
7990.000 1.371
7995.000 1.407
8000.000 1.451
8005.000 1.481
8010.000 1.530
8015.000 1.590
8020.000 1.677
8025.000 1.772
8030.000 1.898
8035.000 2.052
8040.000 2.264
8045.000 2.570
8050.000 2.735
8055.000 3.182
8060.000 3.955
8065.000 5.486
8070.000 8.627
8075.000 14.067
8080.000 19.024
8085.000 14.132
8090.000 7.708
8095.000 2.661
8100.000 1.881
8105.000 0.971
8110.000 0.656
8115.000 0.520
8120.000 0.338
8125.000 0.248
8130.000 0.234
8135.000 0.254
8140.000 0.281
8145.000 0.313
8150.000 0.340
8155.000 0.368
8160.000 0.393
8165.000 0.415
8170.000 0.435
8175.000 0.445
8180.000 0.465
8185.000 0.483
8190.000 0.500
8195.000 0.518
8200.000 0.537
8205.000 0.552
8210.000 0.566
8215.000 0.582
8220.000 0.598
8225.000 0.614
8230.000 0.622
8235.000 0.636
8240.000 0.651
8245.000 0.667
8250.000 0.682
8255.000 0.697
8260.000 0.720
8265.000 0.732
8270.000 0.748
8275.000 0.782
8280.000 0.793
8285.000 0.805
8290.000 0.817
8295.000 0.822
8300.000 0.837
8305.000 0.855
8310.000 0.871
8315.000 0.890
8320.000 0.907
8325.000 0.924
8330.000 0.942
8335.000 0.960
8340.000 0.978
8345.000 1.005
8350.000 1.016
8355.000 1.027
8360.000 1.040
8365.000 1.056
8370.000 1.075
8375.000 1.092
8380.000 1.114
8385.000 1.135
8390.000 1.161
8395.000 1.185
8400.000 1.209
8405.000 1.241
8410.000 1.272
8415.000 1.299
8420.000 1.315
8425.000 1.352
8430.000 1.387
8435.000 1.436
8440.000 1.478
8445.000 1.525
8450.000 1.572
8455.000 1.624
8460.000 1.670
8465.000 1.709
8470.000 1.755
8475.000 1.776
8480.000 1.826
8485.000 1.878
8490.000 1.931
8495.000 1.982
8500.000 2.048
8505.000 2.118
8510.000 2.190
8515.000 2.272
8520.000 2.359
8525.000 2.465
8530.000 2.593
8535.000 2.659
8540.000 2.820
8545.000 3.043
8550.000 3.368
8555.000 3.976
8560.000 5.244
8565.000 7.258
8570.000 5.441
8575.000 2.837
8580.000 2.053
8585.000 3.165
8590.000 3.780
8595.000 4.171
8600.000 4.417
8605.000 4.938
8610.000 5.558
8615.000 6.306
8620.000 7.218
8625.000 8.361
8630.000 9.810
8635.000 11.653
8640.000 13.919
8645.000 16.621
8650.000 19.589
8655.000 22.553
8660.000 24.931
8665.000 25.633
8670.000 25.486
8675.000 22.446
8680.000 17.829
8685.000 13.769
8690.000 10.646
8695.000 8.450
8700.000 6.906
8705.000 5.830
8710.000 5.090
8715.000 4.558
8720.000 4.376
8725.000 4.053
8730.000 3.775
8735.000 3.522
8740.000 3.303
8745.000 3.104
8750.000 2.923
8755.000 2.760
8760.000 2.608
8765.000 2.443
8770.000 2.286
8775.000 2.146
8780.000 2.077
8785.000 1.942
8790.000 1.815
8795.000 1.698
8800.000 1.595
8805.000 1.502
8810.000 1.426
8815.000 1.351
8820.000 1.296
8825.000 1.231
8830.000 1.191
8835.000 1.122
8840.000 1.083
8845.000 1.062
8850.000 1.032
8855.000 0.990
8860.000 0.958
8865.000 0.924
8870.000 0.895
8875.000 0.870
8880.000 0.843
8885.000 0.819
8890.000 0.797
8895.000 0.780
8900.000 0.761
8905.000 0.752
8910.000 0.733
8915.000 0.716
8920.000 0.697
8925.000 0.681
8930.000 0.662
8935.000 0.649
8940.000 0.631
8945.000 0.619
8950.000 0.608
8955.000 0.594
8960.000 0.584
8965.000 0.573
8970.000 0.567
8975.000 0.554
8980.000 0.543
8985.000 0.536
8990.000 0.524
8995.000 0.514
9000.000 0.508
9005.000 0.496
9010.000 0.492
9015.000 0.482
9020.000 0.479
9025.000 0.472
9030.000 0.468
9035.000 0.477
9040.000 0.471
9045.000 0.463
9050.000 0.450
9055.000 0.447
9060.000 0.441
9065.000 0.431
9070.000 0.427
9075.000 0.423
9080.000 0.416
9085.000 0.416
9090.000 0.412
9095.000 0.409
9100.000 0.406
9105.000 0.403
9110.000 0.399
9115.000 0.397
9120.000 0.393
9125.000 0.391
9130.000 0.388
9135.000 0.387
9140.000 0.386
9145.000 0.387
9150.000 0.387
9155.000 0.384
9160.000 0.382
9165.000 0.381
9170.000 0.382
9175.000 0.381
9180.000 0.380
9185.000 0.378
9190.000 0.378
9195.000 0.378
9200.000 0.379
9205.000 0.379
9210.000 0.378
9215.000 0.378
9220.000 0.383
9225.000 0.383
9230.000 0.386
9235.000 0.385
9240.000 0.389
9245.000 0.391
9250.000 0.394
9255.000 0.397
9260.000 0.401
9265.000 0.403
9270.000 0.406
9275.000 0.410
9280.000 0.415
9285.000 0.419
9290.000 0.425
9295.000 0.432
9300.000 0.438
9305.000 0.443
9310.000 0.454
9315.000 0.460
9320.000 0.468
9325.000 0.475
9330.000 0.480
9335.000 0.492
9340.000 0.503
9345.000 0.513
9350.000 0.527
9355.000 0.544
9360.000 0.559
9365.000 0.578
9370.000 0.598
9375.000 0.620
9380.000 0.644
9385.000 0.669
9390.000 0.684
9395.000 0.718
9400.000 0.753
9405.000 0.788
9410.000 0.819
9415.000 0.858
9420.000 0.900
9425.000 0.950
9430.000 1.008
9435.000 1.073
9440.000 1.154
9445.000 1.257
9450.000 1.378
9455.000 1.460
9460.000 1.646
9465.000 1.853
9470.000 2.141
9475.000 2.587
9480.000 3.290
9485.000 4.489
9490.000 6.550
9495.000 9.784
9500.000 14.291
9505.000 19.185
9510.000 20.315
9515.000 13.043
9520.000 7.187
9525.000 4.065
9530.000 2.939
9535.000 1.963
9540.000 1.475
9545.000 1.110
9550.000 0.865
9555.000 0.684
9560.000 0.544
9565.000 0.442
9570.000 0.363
9575.000 0.322
9580.000 0.252
9585.000 0.192
9590.000 0.137
9595.000 0.083
9600.000 0.044
9605.000 0.006
9610.000 0.035
9615.000 0.067
9620.000 0.101
9625.000 0.134
9630.000 0.165
9635.000 0.179
9640.000 0.210
9645.000 0.241
9650.000 0.272
9655.000 0.303
9660.000 0.336
9665.000 0.371
9670.000 0.404
9675.000 0.453
9680.000 0.488
9685.000 0.524
9690.000 0.565
9695.000 0.605
9700.000 0.630
9705.000 0.683
9710.000 0.739
9715.000 0.800
9720.000 0.875
9725.000 0.958
9730.000 1.053
9735.000 1.172
9740.000 1.312
9745.000 1.491
9750.000 1.707
9755.000 1.808
9760.000 2.020
9765.000 2.280
9770.000 2.592
9775.000 2.970
9780.000 3.426
9785.000 3.961
9790.000 4.564
9795.000 5.287
9800.000 6.129
9805.000 7.118
9810.000 8.287
9815.000 8.953
9820.000 10.484
9825.000 12.272
9830.000 14.281
9835.000 16.399
9840.000 18.296
9845.000 19.527
9850.000 19.582
9855.000 18.053
9860.000 15.481
9865.000 12.847
9870.000 10.515
9875.000 8.565
9880.000 7.772
9885.000 6.490
9890.000 5.510
9895.000 4.772
9900.000 4.228
9905.000 3.885
9910.000 3.641
9915.000 3.443
9920.000 3.264
9925.000 3.113
9930.000 2.977
9935.000 2.831
9940.000 2.770
9945.000 2.660
9950.000 2.554
9955.000 2.446
9960.000 2.366
9965.000 2.293
9970.000 2.227
9975.000 2.158
9980.000 2.094
9985.000 2.044
9990.000 1.995
9995.000 1.963
10000.000 1.909
10005.000 1.868
10010.000 1.825
10015.000 1.781
10020.000 1.738
10025.000 1.691
10030.000 1.649
10035.000 1.618
10040.000 1.588
10045.000 1.553
10050.000 1.515
10055.000 1.494
10060.000 1.475
10065.000 1.445
10070.000 1.415
10075.000 1.383
10080.000 1.360
10085.000 1.330
10090.000 1.307
10095.000 1.282
10100.000 1.259
10105.000 1.234
10110.000 1.216
10115.000 1.197
10120.000 1.191
10125.000 1.176
10130.000 1.160
10135.000 1.140
10140.000 1.131
10145.000 1.118
10150.000 1.092
10155.000 1.056
10160.000 1.012
10165.000 0.950
10170.000 0.883
10175.000 0.808
10180.000 0.713
10185.000 0.658
10190.000 0.515
10195.000 0.406
10200.000 0.967
10205.000 4.981
10210.000 5.093
10215.000 3.677
10220.000 2.877
10225.000 2.327
10230.000 2.003
10235.000 1.759
10240.000 1.677
10245.000 1.572
10250.000 1.491
10255.000 1.433
10260.000 1.376
10265.000 1.309
10270.000 1.259
10275.000 1.231
10280.000 1.216
10285.000 1.204
10290.000 1.199
10295.000 1.192
10300.000 1.184
10305.000 1.176
10310.000 1.161
10315.000 1.155
10320.000 1.146
10325.000 1.143
10330.000 1.138
10335.000 1.135
10340.000 1.128
10345.000 1.126
10350.000 1.123
10355.000 1.123
10360.000 1.128
10365.000 1.125
10370.000 1.121
10375.000 1.112
10380.000 1.114
10385.000 1.113
10390.000 1.100
10395.000 1.102
10400.000 1.104
10405.000 1.103
10410.000 1.098
10415.000 1.100
10420.000 1.101
10425.000 1.101
10430.000 1.098
10435.000 1.095
10440.000 1.097
10445.000 1.098
10450.000 1.100
10455.000 1.106
10460.000 1.105
10465.000 1.112
10470.000 1.114
10475.000 1.120
10480.000 1.133
10485.000 1.144
10490.000 1.143
10495.000 1.143
10500.000 1.135
10505.000 1.137
10510.000 1.139
10515.000 1.138
10520.000 1.142
10525.000 1.145
10530.000 1.148
10535.000 1.159
10540.000 1.167
10545.000 1.171
10550.000 1.177
10555.000 1.183
10560.000 1.183
10565.000 1.179
10570.000 1.190
10575.000 1.192
10580.000 1.195
10585.000 1.201
10590.000 1.217
10595.000 1.224
10600.000 1.223
10605.000 1.232
10610.000 1.240
10615.000 1.247
10620.000 1.253
10625.000 1.260
10630.000 1.267
10635.000 1.277
10640.000 1.281
10645.000 1.294
10650.000 1.305
10655.000 1.326
10660.000 1.335
10665.000 1.338
10670.000 1.345
10675.000 1.402
10680.000 1.393
10685.000 1.428
10690.000 1.423
10695.000 1.426
10700.000 1.439
10705.000 1.456
10710.000 1.474
10715.000 1.493
10720.000 1.512
10725.000 1.523
10730.000 1.549
10735.000 1.569
10740.000 1.590
10745.000 1.628
10750.000 1.654
10755.000 1.692
10760.000 1.736
10765.000 1.772
10770.000 1.812
10775.000 1.853
10780.000 1.901
10785.000 1.958
10790.000 1.980
10795.000 2.040
10800.000 2.115
10805.000 2.188
10810.000 2.267
10815.000 2.361
10820.000 2.505
10825.000 2.633
10830.000 2.787
10835.000 2.968
10840.000 3.193
10845.000 3.490
10850.000 3.685
10855.000 4.193
10860.000 4.944
10865.000 6.055
10870.000 7.608
10875.000 9.580
10880.000 11.154
10885.000 10.605
10890.000 7.568
10895.000 4.608
10900.000 2.851
10905.000 1.880
10910.000 1.337
10915.000 1.023
10920.000 0.620
10925.000 0.299
10930.000 0.162
10935.000 0.269
10940.000 0.433
10945.000 0.598
10950.000 0.758
10955.000 0.990
10960.000 1.311
10965.000 1.774
10970.000 2.068
10975.000 2.747
10980.000 3.566
10985.000 4.429
10990.000 5.289
10995.000 6.188
11000.000 7.109
11005.000 8.082
11010.000 9.054
11015.000 9.862
11020.000 10.343
11025.000 10.312
11030.000 10.121
11035.000 9.385
11040.000 8.418
11045.000 7.428
11050.000 6.548
11055.000 5.709
11060.000 4.953
11065.000 4.267
11070.000 3.628
11075.000 3.075
11080.000 2.618
11085.000 2.246
11090.000 1.951
11095.000 1.832
11100.000 1.634
11105.000 1.474
11110.000 1.341
11115.000 1.241
11120.000 1.163
11125.000 1.095
11130.000 1.027
11135.000 0.954
11140.000 0.882
11145.000 0.822
11150.000 0.765
11155.000 0.740
11160.000 0.693
11165.000 0.654
11170.000 0.618
11175.000 0.585
11180.000 0.555
11185.000 0.529
11190.000 0.505
11195.000 0.479
11200.000 0.458
11205.000 0.441
11210.000 0.431
11215.000 0.414
11220.000 0.396
11225.000 0.381
11230.000 0.366
11235.000 0.356
11240.000 0.345
11245.000 0.329
11250.000 0.319
11255.000 0.306
11260.000 0.295
11265.000 0.286
11270.000 0.277
11275.000 0.271
11280.000 0.264
11285.000 0.255
11290.000 0.247
11295.000 0.239
11300.000 0.232
11305.000 0.226
11310.000 0.219
11315.000 0.212
11320.000 0.206
11325.000 0.200
11330.000 0.195
11335.000 0.191
11340.000 0.188
11345.000 0.183
11350.000 0.181
11355.000 0.179
11360.000 0.181
11365.000 0.181
11370.000 0.176
11375.000 0.168
11380.000 0.161
11385.000 0.153
11390.000 0.145
11395.000 0.143
11400.000 0.141
11405.000 0.137
11410.000 0.132
11415.000 0.126
11420.000 0.123
11425.000 0.118
11430.000 0.115
11435.000 0.114
11440.000 0.110
11445.000 0.106
11450.000 0.104
11455.000 0.104
11460.000 0.100
11465.000 0.100
11470.000 0.099
11475.000 0.094
11480.000 0.093
11485.000 0.090
11490.000 0.091
11495.000 0.089
11500.000 0.086
11505.000 0.088
11510.000 0.086
11515.000 0.086
11520.000 0.086
11525.000 0.085
11530.000 0.084
11535.000 0.082
11540.000 0.079
11545.000 0.077
11550.000 0.080
11555.000 0.076
11560.000 0.075
11565.000 0.076
11570.000 0.074
11575.000 0.074
11580.000 0.075
11585.000 0.073
11590.000 0.073
11595.000 0.072
11600.000 0.074
11605.000 0.075
11610.000 0.073
11615.000 0.072
11620.000 0.073
11625.000 0.072
11630.000 0.073
11635.000 0.072
11640.000 0.071
11645.000 0.073
11650.000 0.071
11655.000 0.072
11660.000 0.070
11665.000 0.071
11670.000 0.072
11675.000 0.070
11680.000 0.071
11685.000 0.073
11690.000 0.073
11695.000 0.074
11700.000 0.075
11705.000 0.081
11710.000 0.087
11715.000 0.099
11720.000 0.115
11725.000 0.143
11730.000 0.186
11735.000 0.259
11740.000 0.412
11745.000 0.849
11750.000 1.863
11755.000 3.074
11760.000 3.301
11765.000 1.793
11770.000 1.254
11775.000 1.211
11780.000 0.836
11785.000 0.687
11790.000 0.583
11795.000 0.513
11800.000 0.467
11805.000 0.431
11810.000 0.408
11815.000 0.398
11820.000 0.395
11825.000 0.392
11830.000 0.389
11835.000 0.389
11840.000 0.389
11845.000 0.389
11850.000 0.394
11855.000 0.398
11860.000 0.407
11865.000 0.409
11870.000 0.419
11875.000 0.428
11880.000 0.437
11885.000 0.439
11890.000 0.446
11895.000 0.457
11900.000 0.465
11905.000 0.479
11910.000 0.489
11915.000 0.505
11920.000 0.513
11925.000 0.528
11930.000 0.554
11935.000 0.565
11940.000 0.573
11945.000 0.591
11950.000 0.612
11955.000 0.633
11960.000 0.655
11965.000 0.688
11970.000 0.709
11975.000 0.738
11980.000 0.782
11985.000 0.800
11990.000 0.830
11995.000 0.851
12000.000 0.887
