105.000 0.049
110.000 0.994
115.000 2.665
120.000 2.931
125.000 3.155
130.000 3.349
135.000 3.643
140.000 3.659
145.000 3.849
150.000 3.756
155.000 3.715
160.000 3.523
165.000 3.417
170.000 3.525
175.000 3.376
180.000 3.396
185.000 3.328
190.000 3.391
195.000 3.481
200.000 3.520
205.000 3.520
210.000 3.497
215.000 3.693
220.000 3.733
225.000 3.793
230.000 3.818
235.000 3.843
240.000 3.889
245.000 4.055
250.000 3.965
255.000 4.124
260.000 4.078
265.000 4.215
270.000 4.231
275.000 4.259
280.000 4.265
285.000 4.265
290.000 4.260
295.000 4.254
300.000 4.229
305.000 4.216
310.000 4.216
315.000 4.308
320.000 4.365
325.000 4.467
330.000 4.619
335.000 4.708
340.000 4.862
345.000 5.082
350.000 5.271
355.000 5.509
360.000 5.742
365.000 5.999
370.000 6.351
375.000 6.517
380.000 6.849
385.000 7.196
390.000 7.528
395.000 7.887
400.000 8.106
405.000 8.359
410.000 8.467
415.000 8.505
420.000 8.329
425.000 7.953
430.000 7.724
435.000 7.106
440.000 6.326
445.000 5.117
450.000 4.755
455.000 4.087
460.000 3.511
465.000 3.058
470.000 2.717
475.000 2.456
480.000 2.243
485.000 2.079
490.000 1.945
495.000 1.888
500.000 1.717
505.000 1.624
510.000 1.580
515.000 1.500
520.000 1.423
525.000 1.346
530.000 1.289
535.000 1.224
540.000 1.156
545.000 1.110
550.000 1.067
555.000 1.050
560.000 0.986
565.000 0.901
570.000 0.876
575.000 0.833
580.000 0.796
585.000 0.758
590.000 0.735
595.000 0.708
600.000 0.672
605.000 0.661
610.000 0.644
615.000 0.605
620.000 0.604
625.000 0.572
630.000 0.565
635.000 0.551
640.000 0.535
645.000 0.523
650.000 0.515
655.000 0.504
660.000 0.487
665.000 0.471
670.000 0.469
675.000 0.462
680.000 0.448
685.000 0.446
690.000 0.431
695.000 0.434
700.000 0.426
705.000 0.418
710.000 0.410
715.000 0.405
720.000 0.400
725.000 0.402
730.000 0.385
735.000 0.381
740.000 0.377
745.000 0.380
750.000 0.372
755.000 0.367
760.000 0.364
765.000 0.357
770.000 0.353
775.000 0.352
780.000 0.361
785.000 0.357
790.000 0.358
795.000 0.350
800.000 0.349
805.000 0.344
810.000 0.339
815.000 0.337
820.000 0.336
825.000 0.335
830.000 0.330
835.000 0.325
840.000 0.332
845.000 0.330
850.000 0.329
855.000 0.322
860.000 0.325
865.000 0.323
870.000 0.315
875.000 0.317
880.000 0.319
885.000 0.320
890.000 0.318
895.000 0.324
900.000 0.322
905.000 0.318
910.000 0.316
915.000 0.319
920.000 0.315
925.000 0.313
930.000 0.299
935.000 0.305
940.000 0.314
945.000 0.315
950.000 0.315
955.000 0.308
960.000 0.315
965.000 0.319
970.000 0.302
975.000 0.316
980.000 0.306
985.000 0.311
990.000 0.302
995.000 0.301
1000.000 0.322
1005.000 0.305
1010.000 0.309
1015.000 0.303
1020.000 0.316
1025.000 0.319
1030.000 0.319
1035.000 0.311
1040.000 0.305
1045.000 0.312
1050.000 0.309
1055.000 0.307
1060.000 0.307
1065.000 0.307
1070.000 0.309
1075.000 0.312
1080.000 0.307
1085.000 0.309
1090.000 0.313
1095.000 0.308
1100.000 0.305
1105.000 0.305
1110.000 0.310
1115.000 0.312
1120.000 0.311
1125.000 0.310
1130.000 0.312
1135.000 0.307
1140.000 0.313
1145.000 0.315
1150.000 0.312
1155.000 0.308
1160.000 0.313
1165.000 0.315
1170.000 0.311
1175.000 0.309
1180.000 0.311
1185.000 0.313
1190.000 0.315
1195.000 0.308
1200.000 0.315
1205.000 0.312
1210.000 0.313
1215.000 0.314
1220.000 0.316
1225.000 0.316
1230.000 0.317
1235.000 0.314
1240.000 0.320
1245.000 0.315
1250.000 0.318
1255.000 0.319
1260.000 0.321
1265.000 0.321
1270.000 0.321
1275.000 0.321
1280.000 0.320
1285.000 0.320
1290.000 0.319
1295.000 0.323
1300.000 0.325
1305.000 0.327
1310.000 0.322
1315.000 0.325
1320.000 0.329
1325.000 0.329
1330.000 0.328
1335.000 0.324
1340.000 0.328
1345.000 0.328
1350.000 0.335
1355.000 0.333
1360.000 0.334
1365.000 0.326
1370.000 0.333
1375.000 0.332
1380.000 0.329
1385.000 0.333
1390.000 0.330
1395.000 0.327
1400.000 0.330
1405.000 0.331
1410.000 0.325
1415.000 0.327
1420.000 0.322
1425.000 0.321
1430.000 0.323
1435.000 0.323
1440.000 0.322
1445.000 0.316
1450.000 0.323
1455.000 0.325
1460.000 0.327
1465.000 0.330
1470.000 0.336
1475.000 0.338
1480.000 0.340
1485.000 0.343
1490.000 0.343
1495.000 0.349
1500.000 0.349
1505.000 0.354
1510.000 0.357
1515.000 0.358
1520.000 0.358
1525.000 0.359
1530.000 0.364
1535.000 0.367
1540.000 0.366
1545.000 0.372
1550.000 0.382
1555.000 0.376
1560.000 0.378
1565.000 0.382
1570.000 0.383
1575.000 0.392
1580.000 0.388
1585.000 0.391
1590.000 0.394
1595.000 0.398
1600.000 0.403
1605.000 0.408
1610.000 0.409
1615.000 0.409
1620.000 0.414
1625.000 0.416
1630.000 0.422
1635.000 0.430
1640.000 0.433
1645.000 0.434
1650.000 0.436
1655.000 0.445
1660.000 0.445
1665.000 0.452
1670.000 0.459
1675.000 0.462
1680.000 0.472
1685.000 0.477
1690.000 0.482
1695.000 0.487
1700.000 0.491
1705.000 0.513
1710.000 0.506
1715.000 0.508
1720.000 0.516
1725.000 0.523
1730.000 0.526
1735.000 0.532
1740.000 0.544
1745.000 0.547
1750.000 0.560
1755.000 0.566
1760.000 0.571
1765.000 0.583
1770.000 0.587
1775.000 0.589
1780.000 0.597
1785.000 0.606
1790.000 0.612
1795.000 0.617
1800.000 0.624
1805.000 0.631
1810.000 0.635
1815.000 0.641
1820.000 0.639
1825.000 0.655
1830.000 0.657
1835.000 0.659
1840.000 0.667
1845.000 0.668
1850.000 0.672
1855.000 0.674
1860.000 0.671
1865.000 0.676
1870.000 0.674
1875.000 0.672
1880.000 0.675
1885.000 0.666
1890.000 0.664
1895.000 0.664
1900.000 0.660
1905.000 0.661
1910.000 0.653
1915.000 0.644
1920.000 0.638
1925.000 0.635
1930.000 0.631
1935.000 0.626
1940.000 0.617
1945.000 0.603
1950.000 0.602
1955.000 0.602
1960.000 0.588
1965.000 0.587
1970.000 0.584
1975.000 0.569
1980.000 0.560
1985.000 0.567
1990.000 0.551
1995.000 0.545
2000.000 0.538
2005.000 0.538
2010.000 0.536
2015.000 0.528
2020.000 0.522
2025.000 0.521
2030.000 0.505
2035.000 0.511
2040.000 0.491
2045.000 0.497
2050.000 0.499
2055.000 0.486
2060.000 0.485
2065.000 0.484
2070.000 0.471
2075.000 0.472
2080.000 0.473
2085.000 0.464
2090.000 0.462
2095.000 0.456
2100.000 0.455
2105.000 0.450
2110.000 0.449
2115.000 0.447
2120.000 0.441
2125.000 0.440
2130.000 0.439
2135.000 0.436
2140.000 0.434
2145.000 0.432
2150.000 0.430
2155.000 0.427
2160.000 0.429
2165.000 0.420
2170.000 0.422
2175.000 0.419
2180.000 0.415
2185.000 0.417
2190.000 0.408
2195.000 0.408
2200.000 0.405
2205.000 0.402
2210.000 0.396
2215.000 0.395
2220.000 0.401
2225.000 0.390
2230.000 0.385
2235.000 0.385
2240.000 0.373
2245.000 0.371
2250.000 0.362
2255.000 0.358
2260.000 0.352
2265.000 0.337
2270.000 0.323
2275.000 0.309
2280.000 0.282
2285.000 0.250
2290.000 0.218
2295.000 0.268
2300.000 0.810
2305.000 2.632
2310.000 6.944
2315.000 15.158
2320.000 20.011
2325.000 11.406
2330.000 2.718
2335.000 0.588
2340.000 0.431
2345.000 0.069
2350.000 0.104
2355.000 0.157
2360.000 0.184
2365.000 0.198
2370.000 0.206
2375.000 0.207
2380.000 0.214
2385.000 0.214
2390.000 0.219
2395.000 0.220
2400.000 0.222
2405.000 0.222
2410.000 0.225
2415.000 0.226
2420.000 0.228
2425.000 0.229
2430.000 0.230
2435.000 0.230
2440.000 0.233
2445.000 0.234
2450.000 0.236
2455.000 0.239
2460.000 0.241
2465.000 0.239
2470.000 0.241
2475.000 0.241
2480.000 0.244
2485.000 0.243
2490.000 0.247
2495.000 0.246
2500.000 0.247
2505.000 0.247
2510.000 0.249
2515.000 0.250
2520.000 0.250
2525.000 0.252
2530.000 0.253
2535.000 0.256
2540.000 0.257
2545.000 0.259
2550.000 0.259
2555.000 0.261
2560.000 0.262
2565.000 0.265
2570.000 0.265
2575.000 0.269
2580.000 0.269
2585.000 0.269
2590.000 0.273
2595.000 0.275
2600.000 0.277
2605.000 0.279
2610.000 0.280
2615.000 0.282
2620.000 0.286
2625.000 0.286
2630.000 0.288
2635.000 0.293
2640.000 0.296
2645.000 0.297
2650.000 0.300
2655.000 0.303
2660.000 0.305
2665.000 0.310
2670.000 0.312
2675.000 0.314
2680.000 0.317
2685.000 0.321
2690.000 0.325
2695.000 0.327
2700.000 0.329
2705.000 0.332
2710.000 0.335
2715.000 0.338
2720.000 0.342
2725.000 0.347
2730.000 0.348
2735.000 0.351
2740.000 0.358
2745.000 0.359
2750.000 0.363
2755.000 0.365
2760.000 0.372
2765.000 0.374
2770.000 0.379
2775.000 0.383
2780.000 0.388
2785.000 0.391
2790.000 0.395
2795.000 0.397
2800.000 0.401
2805.000 0.406
2810.000 0.408
2815.000 0.413
2820.000 0.419
2825.000 0.421
2830.000 0.426
2835.000 0.430
2840.000 0.436
2845.000 0.441
2850.000 0.447
2855.000 0.447
2860.000 0.452
2865.000 0.455
2870.000 0.458
2875.000 0.463
2880.000 0.467
2885.000 0.468
2890.000 0.475
2895.000 0.477
2900.000 0.477
2905.000 0.480
2910.000 0.482
2915.000 0.487
2920.000 0.492
2925.000 0.491
2930.000 0.495
2935.000 0.495
2940.000 0.502
2945.000 0.503
2950.000 0.505
2955.000 0.511
2960.000 0.510
2965.000 0.514
2970.000 0.508
2975.000 0.517
2980.000 0.516
2985.000 0.504
2990.000 0.516
2995.000 0.514
3000.000 0.517
3005.000 0.518
3010.000 0.517
3015.000 0.510
3020.000 0.513
3025.000 0.506
3030.000 0.513
3035.000 0.518
3040.000 0.521
3045.000 0.520
3050.000 0.510
3055.000 0.515
3060.000 0.514
3065.000 0.515
3070.000 0.506
3075.000 0.506
3080.000 0.510
3085.000 0.509
3090.000 0.509
3095.000 0.509
3100.000 0.506
3105.000 0.506
3110.000 0.506
3115.000 0.504
3120.000 0.504
3125.000 0.503
3130.000 0.504
3135.000 0.505
3140.000 0.505
3145.000 0.506
3150.000 0.506
3155.000 0.503
3160.000 0.506
3165.000 0.506
3170.000 0.504
3175.000 0.503
3180.000 0.504
3185.000 0.501
3190.000 0.504
3195.000 0.505
3200.000 0.503
3205.000 0.505
3210.000 0.503
3215.000 0.504
3220.000 0.505
3225.000 0.504
3230.000 0.504
3235.000 0.503
3240.000 0.508
3245.000 0.508
3250.000 0.509
3255.000 0.507
3260.000 0.509
3265.000 0.511
3270.000 0.511
3275.000 0.512
3280.000 0.515
3285.000 0.516
3290.000 0.514
3295.000 0.520
3300.000 0.519
3305.000 0.520
3310.000 0.522
3315.000 0.523
3320.000 0.526
3325.000 0.529
3330.000 0.528
3335.000 0.533
3340.000 0.535
3345.000 0.535
3350.000 0.538
3355.000 0.540
3360.000 0.544
3365.000 0.545
3370.000 0.546
3375.000 0.557
3380.000 0.558
3385.000 0.564
3390.000 0.564
3395.000 0.566
3400.000 0.578
3405.000 0.587
3410.000 0.589
3415.000 0.593
3420.000 0.593
3425.000 0.604
3430.000 0.607
3435.000 0.618
3440.000 0.624
3445.000 0.631
3450.000 0.642
3455.000 0.654
3460.000 0.660
3465.000 0.675
3470.000 0.684
3475.000 0.702
3480.000 0.704
3485.000 0.721
3490.000 0.733
3495.000 0.747
3500.000 0.764
3505.000 0.784
3510.000 0.798
3515.000 0.812
3520.000 0.826
3525.000 0.843
3530.000 0.855
3535.000 0.863
3540.000 0.882
3545.000 0.910
3550.000 0.920
3555.000 0.948
3560.000 0.970
3565.000 0.994
3570.000 1.025
3575.000 1.048
3580.000 1.081
3585.000 1.117
3590.000 1.159
3595.000 1.175
3600.000 1.229
3605.000 1.276
3610.000 1.335
3615.000 1.390
3620.000 1.454
3625.000 1.524
3630.000 1.598
3635.000 1.691
3640.000 1.795
3645.000 1.917
3650.000 2.065
3655.000 2.148
3660.000 2.473
3665.000 2.616
3670.000 3.198
3675.000 3.459
3680.000 4.166
3685.000 5.227
3690.000 6.751
3695.000 9.076
3700.000 12.569
3705.000 18.419
3710.000 28.162
3715.000 32.722
3720.000 34.695
3725.000 24.554
3730.000 14.126
3735.000 9.315
3740.000 6.516
3745.000 4.872
3750.000 3.829
3755.000 3.101
3760.000 2.571
3765.000 2.175
3770.000 1.878
3775.000 1.648
3780.000 1.550
3785.000 1.316
3790.000 1.253
3795.000 1.142
3800.000 1.057
3805.000 0.978
3810.000 0.916
3815.000 0.856
3820.000 0.807
3825.000 0.765
3830.000 0.725
3835.000 0.693
3840.000 0.676
3845.000 0.650
3850.000 0.624
3855.000 0.602
3860.000 0.579
3865.000 0.559
3870.000 0.543
3875.000 0.528
3880.000 0.514
3885.000 0.499
3890.000 0.487
3895.000 0.473
3900.000 0.466
3905.000 0.456
3910.000 0.447
3915.000 0.440
3920.000 0.430
3925.000 0.422
3930.000 0.412
3935.000 0.403
3940.000 0.399
3945.000 0.393
3950.000 0.387
3955.000 0.380
3960.000 0.371
3965.000 0.376
3970.000 0.368
3975.000 0.362
3980.000 0.363
3985.000 0.355
3990.000 0.352
3995.000 0.344
4000.000 0.350
4005.000 0.333
4010.000 0.330
4015.000 0.331
4020.000 0.329
4025.000 0.332
4030.000 0.324
4035.000 0.327
4040.000 0.319
4045.000 0.318
4050.000 0.320
4055.000 0.316
4060.000 0.314
4065.000 0.312
4070.000 0.308
4075.000 0.310
4080.000 0.306
4085.000 0.304
4090.000 0.303
4095.000 0.301
4100.000 0.302
4105.000 0.300
4110.000 0.299
4115.000 0.297
4120.000 0.296
4125.000 0.294
4130.000 0.292
4135.000 0.291
4140.000 0.291
4145.000 0.288
4150.000 0.287
4155.000 0.287
4160.000 0.285
4165.000 0.283
4170.000 0.281
4175.000 0.281
4180.000 0.278
4185.000 0.276
4190.000 0.274
4195.000 0.271
4200.000 0.268
4205.000 0.266
4210.000 0.265
4215.000 0.262
4220.000 0.261
4225.000 0.259
4230.000 0.257
4235.000 0.255
4240.000 0.255
4245.000 0.253
4250.000 0.252
4255.000 0.250
4260.000 0.250
4265.000 0.251
4270.000 0.249
4275.000 0.248
4280.000 0.247
4285.000 0.247
4290.000 0.248
4295.000 0.246
4300.000 0.246
4305.000 0.246
4310.000 0.247
4315.000 0.247
4320.000 0.246
4325.000 0.245
4330.000 0.246
4335.000 0.247
4340.000 0.246
4345.000 0.248
4350.000 0.247
4355.000 0.248
4360.000 0.245
4365.000 0.246
4370.000 0.246
4375.000 0.247
4380.000 0.247
4385.000 0.247
4390.000 0.247
4395.000 0.246
4400.000 0.246
4405.000 0.247
4410.000 0.246
4415.000 0.248
4420.000 0.248
4425.000 0.249
4430.000 0.247
4435.000 0.246
4440.000 0.247
4445.000 0.248
4450.000 0.248
4455.000 0.246
4460.000 0.248
4465.000 0.248
4470.000 0.248
4475.000 0.248
4480.000 0.247
4485.000 0.247
4490.000 0.248
4495.000 0.248
4500.000 0.248
4505.000 0.249
4510.000 0.248
4515.000 0.245
4520.000 0.247
4525.000 0.248
4530.000 0.248
4535.000 0.248
4540.000 0.248
4545.000 0.248
4550.000 0.249
4555.000 0.248
4560.000 0.249
4565.000 0.250
4570.000 0.249
4575.000 0.251
4580.000 0.249
4585.000 0.249
4590.000 0.251
4595.000 0.250
4600.000 0.249
4605.000 0.251
4610.000 0.251
4615.000 0.249
4620.000 0.250
4625.000 0.251
4630.000 0.251
4635.000 0.252
4640.000 0.250
4645.000 0.250
4650.000 0.251
4655.000 0.251
4660.000 0.253
4665.000 0.253
4670.000 0.253
4675.000 0.255
4680.000 0.255
4685.000 0.256
4690.000 0.254
4695.000 0.256
4700.000 0.255
4705.000 0.256
4710.000 0.257
4715.000 0.258
4720.000 0.259
4725.000 0.258
4730.000 0.260
4735.000 0.260
4740.000 0.260
4745.000 0.262
4750.000 0.263
4755.000 0.263
4760.000 0.263
4765.000 0.265
4770.000 0.268
4775.000 0.267
4780.000 0.268
4785.000 0.271
4790.000 0.270
4795.000 0.271
4800.000 0.273
4805.000 0.276
4810.000 0.278
4815.000 0.278
4820.000 0.279
4825.000 0.282
4830.000 0.282
4835.000 0.286
4840.000 0.289
4845.000 0.290
4850.000 0.293
4855.000 0.295
4860.000 0.296
4865.000 0.298
4870.000 0.300
4875.000 0.302
4880.000 0.305
4885.000 0.309
4890.000 0.313
4895.000 0.318
4900.000 0.323
4905.000 0.326
4910.000 0.333
4915.000 0.345
4920.000 0.351
4925.000 0.362
4930.000 0.375
4935.000 0.393
4940.000 0.402
4945.000 0.447
4950.000 0.465
4955.000 0.527
4960.000 0.609
4965.000 0.728
4970.000 0.941
4975.000 1.427
4980.000 2.742
4985.000 6.021
4990.000 9.669
4995.000 4.489
5000.000 3.012
5005.000 3.298
5010.000 7.635
5015.000 9.476
5020.000 3.220
5025.000 2.200
5030.000 1.331
5035.000 0.984
5040.000 0.774
5045.000 0.638
5050.000 0.533
5055.000 0.467
5060.000 0.421
5065.000 0.404
5070.000 0.369
5075.000 0.346
5080.000 0.328
5085.000 0.310
5090.000 0.296
5095.000 0.286
5100.000 0.281
5105.000 0.273
5110.000 0.270
5115.000 0.262
5120.000 0.261
5125.000 0.257
5130.000 0.254
5135.000 0.251
5140.000 0.249
5145.000 0.248
5150.000 0.248
5155.000 0.246
5160.000 0.245
5165.000 0.242
5170.000 0.243
5175.000 0.241
5180.000 0.240
5185.000 0.240
5190.000 0.240
5195.000 0.238
5200.000 0.238
5205.000 0.238
5210.000 0.238
5215.000 0.238
5220.000 0.237
5225.000 0.237
5230.000 0.237
5235.000 0.237
5240.000 0.238
5245.000 0.237
5250.000 0.236
5255.000 0.237
5260.000 0.237
5265.000 0.238
5270.000 0.239
5275.000 0.240
5280.000 0.241
5285.000 0.241
5290.000 0.240
5295.000 0.243
5300.000 0.243
5305.000 0.244
5310.000 0.245
5315.000 0.246
5320.000 0.249
5325.000 0.250
5330.000 0.253
5335.000 0.252
5340.000 0.254
5345.000 0.256
5350.000 0.257
5355.000 0.259
5360.000 0.259
5365.000 0.263
5370.000 0.265
5375.000 0.267
5380.000 0.267
5385.000 0.273
5390.000 0.275
5395.000 0.278
5400.000 0.280
5405.000 0.282
5410.000 0.285
5415.000 0.288
5420.000 0.290
5425.000 0.292
5430.000 0.295
5435.000 0.297
5440.000 0.302
5445.000 0.304
5450.000 0.307
5455.000 0.311
5460.000 0.313
5465.000 0.315
5470.000 0.320
5475.000 0.324
5480.000 0.328
5485.000 0.328
5490.000 0.332
5495.000 0.336
5500.000 0.340
5505.000 0.346
5510.000 0.347
5515.000 0.352
5520.000 0.359
5525.000 0.371
5530.000 0.379
5535.000 0.377
5540.000 0.380
5545.000 0.380
5550.000 0.381
5555.000 0.385
5560.000 0.386
5565.000 0.395
5570.000 0.400
5575.000 0.403
5580.000 0.407
5585.000 0.409
5590.000 0.412
5595.000 0.413
5600.000 0.415
5605.000 0.417
5610.000 0.420
5615.000 0.415
5620.000 0.420
5625.000 0.424
5630.000 0.427
5635.000 0.428
5640.000 0.432
5645.000 0.433
5650.000 0.429
5655.000 0.440
5660.000 0.439
5665.000 0.441
5670.000 0.440
5675.000 0.444
5680.000 0.446
5685.000 0.451
5690.000 0.452
5695.000 0.453
5700.000 0.458
5705.000 0.459
5710.000 0.459
5715.000 0.465
5720.000 0.465
5725.000 0.470
5730.000 0.471
5735.000 0.475
5740.000 0.478
5745.000 0.481
5750.000 0.482
5755.000 0.484
5760.000 0.486
5765.000 0.489
5770.000 0.493
5775.000 0.502
5780.000 0.500
5785.000 0.503
5790.000 0.500
5795.000 0.510
5800.000 0.513
5805.000 0.516
5810.000 0.520
5815.000 0.522
5820.000 0.530
5825.000 0.530
5830.000 0.537
5835.000 0.543
5840.000 0.563
5845.000 0.564
5850.000 0.564
5855.000 0.564
5860.000 0.560
5865.000 0.565
5870.000 0.569
5875.000 0.576
5880.000 0.582
5885.000 0.584
5890.000 0.593
5895.000 0.598
5900.000 0.606
5905.000 0.606
5910.000 0.614
5915.000 0.616
5920.000 0.627
5925.000 0.628
5930.000 0.634
5935.000 0.643
5940.000 0.651
5945.000 0.659
5950.000 0.674
5955.000 0.676
5960.000 0.691
5965.000 0.697
5970.000 0.702
5975.000 0.701
5980.000 0.712
5985.000 0.741
5990.000 0.742
5995.000 0.759
6000.000 0.753
6005.000 0.774
6010.000 0.786
6015.000 0.803
6020.000 0.799
6025.000 0.815
6030.000 0.827
6035.000 0.835
6040.000 0.861
6045.000 0.880
6050.000 0.887
6055.000 0.900
6060.000 0.912
6065.000 0.930
6070.000 0.950
6075.000 0.958
6080.000 0.979
6085.000 0.986
6090.000 1.008
6095.000 1.014
6100.000 1.045
6105.000 1.055
6115.000 1.106
6120.000 1.127
6125.000 1.155
6130.000 1.182
6135.000 1.216
6140.000 1.257
6145.000 1.273
6150.000 1.311
6155.000 1.372
6160.000 1.399
6165.000 1.446
6170.000 1.504
6175.000 1.568
6180.000 1.639
6185.000 1.720
6190.000 1.803
6195.000 1.901
6200.000 2.022
6205.000 2.088
6210.000 2.232
6215.000 2.425
6220.000 2.802
6225.000 2.961
6230.000 3.362
6235.000 3.902
6240.000 4.602
6245.000 5.364
6250.000 5.996
6255.000 7.206
6260.000 10.070
6265.000 8.232
6270.000 6.680
6275.000 4.231
6280.000 3.080
6285.000 2.637
6290.000 2.452
6295.000 2.393
6300.000 2.394
6305.000 2.359
6310.000 2.287
6315.000 2.282
6320.000 2.128
6325.000 1.977
6330.000 1.901
6335.000 1.783
6340.000 1.672
6345.000 1.572
6350.000 1.483
6355.000 1.395
6360.000 1.326
6365.000 1.256
6370.000 1.190
6375.000 1.133
6380.000 1.080
6385.000 1.014
6390.000 0.981
6395.000 0.918
6400.000 0.863
6405.000 0.813
6410.000 0.764
6415.000 0.732
6420.000 0.692
6425.000 0.663
6430.000 0.636
6435.000 0.608
6440.000 0.586
6445.000 0.566
6450.000 0.558
6455.000 0.539
6460.000 0.523
6465.000 0.501
6470.000 0.492
6475.000 0.482
6480.000 0.467
6485.000 0.459
6490.000 0.448
6495.000 0.439
6500.000 0.432
6505.000 0.423
6510.000 0.418
6515.000 0.410
6520.000 0.404
6525.000 0.394
6530.000 0.389
6535.000 0.387
6540.000 0.380
6545.000 0.378
6550.000 0.374
6555.000 0.372
6560.000 0.370
6565.000 0.369
6570.000 0.371
6575.000 0.383
6580.000 0.427
6585.000 0.590
6590.000 1.527
6595.000 6.251
6600.000 9.879
6605.000 1.980
6610.000 0.909
6615.000 0.561
6620.000 0.466
6625.000 0.365
6630.000 0.370
6635.000 0.346
6640.000 0.327
6645.000 0.320
6650.000 0.308
6655.000 0.298
6660.000 0.291
6665.000 0.286
6670.000 0.281
6675.000 0.279
6680.000 0.277
6685.000 0.274
6690.000 0.290
6695.000 0.286
6700.000 0.280
6705.000 0.278
6710.000 0.276
6715.000 0.272
6720.000 0.270
6725.000 0.269
6730.000 0.265
6735.000 0.272
6740.000 0.271
6745.000 0.268
6750.000 0.265
6755.000 0.263
6760.000 0.262
6765.000 0.260
6770.000 0.259
6775.000 0.258
6780.000 0.260
6785.000 0.260
6790.000 0.256
6795.000 0.260
6800.000 0.258
6805.000 0.256
6810.000 0.258
6815.000 0.257
6820.000 0.258
6825.000 0.256
6830.000 0.256
6835.000 0.256
6840.000 0.256
6845.000 0.256
6850.000 0.254
6855.000 0.252
6860.000 0.254
6865.000 0.257
6870.000 0.258
6875.000 0.255
6880.000 0.256
6885.000 0.257
6890.000 0.257
6895.000 0.274
6900.000 0.275
6905.000 0.278
6910.000 0.279
6915.000 0.271
6920.000 0.266
6925.000 0.260
6930.000 0.260
6935.000 0.259
6940.000 0.258
6945.000 0.257
6950.000 0.256
6955.000 0.252
6960.000 0.255
6965.000 0.252
6970.000 0.248
6975.000 0.251
6980.000 0.253
6985.000 0.246
6990.000 0.252
6995.000 0.251
7000.000 0.256
7005.000 0.248
7010.000 0.254
7015.000 0.250
7020.000 0.250
7025.000 0.247
7030.000 0.249
7035.000 0.252
7040.000 0.256
7045.000 0.255
7050.000 0.247
7055.000 0.250
7060.000 0.251
7065.000 0.254
7070.000 0.248
7075.000 0.248
7080.000 0.249
7085.000 0.252
7090.000 0.252
7095.000 0.250
7100.000 0.251
7105.000 0.250
7110.000 0.252
7115.000 0.250
7120.000 0.251
7125.000 0.251
7130.000 0.249
7135.000 0.251
7140.000 0.250
7145.000 0.251
7150.000 0.250
7155.000 0.248
7160.000 0.249
7165.000 0.249
7170.000 0.249
7175.000 0.250
7180.000 0.250
7185.000 0.250
7190.000 0.248
7195.000 0.249
7200.000 0.249
7205.000 0.250
7210.000 0.247
7215.000 0.249
7220.000 0.247
7225.000 0.247
7230.000 0.248
7235.000 0.247
7240.000 0.247
7245.000 0.246
7250.000 0.246
7255.000 0.243
7260.000 0.243
7265.000 0.245
7270.000 0.241
7275.000 0.241
7280.000 0.239
7285.000 0.241
7290.000 0.242
7295.000 0.240
7300.000 0.242
7305.000 0.237
7310.000 0.240
7315.000 0.236
7320.000 0.236
7325.000 0.236
7330.000 0.233
7335.000 0.233
7340.000 0.231
7345.000 0.231
7350.000 0.231
7355.000 0.236
7360.000 0.235
7365.000 0.255
7370.000 0.257
7375.000 0.244
7380.000 0.242
7385.000 0.238
7390.000 0.233
7395.000 0.226
7400.000 0.232
7405.000 0.240
7410.000 0.245
7415.000 0.263
7420.000 0.267
7425.000 0.294
7430.000 0.382
7435.000 0.458
7440.000 0.514
7445.000 0.682
7450.000 0.980
7455.000 1.435
7460.000 2.152
7465.000 3.274
7470.000 4.331
7475.000 4.615
7480.000 4.020
7485.000 3.484
7490.000 2.229
7495.000 1.008
7500.000 0.931
7505.000 0.902
7510.000 0.628
7515.000 0.454
7520.000 0.395
7525.000 0.376
7530.000 0.365
7535.000 0.359
7540.000 0.357
7545.000 0.353
7550.000 0.353
7555.000 0.348
7560.000 0.348
7565.000 0.343
7570.000 0.344
7575.000 0.340
7580.000 0.339
7585.000 0.335
7590.000 0.334
7595.000 0.333
7600.000 0.330
7605.000 0.330
7610.000 0.330
7615.000 0.328
7620.000 0.327
7625.000 0.326
7630.000 0.322
7635.000 0.317
7640.000 0.317
7645.000 0.312
7650.000 0.310
7655.000 0.309
7660.000 0.309
7665.000 0.306
7670.000 0.302
7675.000 0.305
7680.000 0.300
7685.000 0.302
7690.000 0.302
7695.000 0.300
7700.000 0.298
7705.000 0.295
7710.000 0.293
7715.000 0.293
7720.000 0.290
7725.000 0.293
7730.000 0.290
7735.000 0.291
7740.000 0.287
7745.000 0.285
7750.000 0.282
7755.000 0.282
7760.000 0.287
7765.000 0.282
7770.000 0.279
7775.000 0.279
7780.000 0.278
7785.000 0.277
7790.000 0.278
7795.000 0.276
7800.000 0.273
7805.000 0.272
7810.000 0.268
7815.000 0.267
7820.000 0.269
7825.000 0.267
7830.000 0.265
7835.000 0.261
7840.000 0.261
7845.000 0.258
7850.000 0.257
7855.000 0.257
7860.000 0.252
7865.000 0.250
7870.000 0.250
7875.000 0.248
7880.000 0.245
7885.000 0.239
7890.000 0.241
7895.000 0.237
7900.000 0.234
7905.000 0.234
7910.000 0.236
7915.000 0.229
7920.000 0.228
7925.000 0.226
7930.000 0.221
7935.000 0.220
7940.000 0.217
7945.000 0.213
7950.000 0.215
7955.000 0.206
7960.000 0.203
7965.000 0.200
7970.000 0.200
7975.000 0.196
7980.000 0.195
7985.000 0.201
7990.000 0.197
7995.000 0.200
8000.000 0.198
8005.000 0.213
8010.000 0.219
8015.000 0.238
8020.000 0.241
8025.000 0.263
8030.000 0.294
8035.000 0.328
8040.000 0.384
8045.000 0.466
8050.000 0.609
8055.000 0.846
8060.000 1.237
8065.000 1.888
8070.000 3.055
8075.000 5.258
8080.000 8.020
8085.000 6.961
8090.000 4.477
8095.000 8.062
8100.000 3.126
8105.000 2.087
8110.000 1.593
8115.000 1.293
8120.000 1.047
8125.000 0.872
8130.000 0.757
8135.000 0.680
8140.000 0.620
8145.000 0.577
8150.000 0.556
8155.000 0.522
8160.000 0.497
8165.000 0.471
8170.000 0.454
8175.000 0.437
8180.000 0.421
8185.000 0.408
8190.000 0.397
8195.000 0.388
8200.000 0.380
8205.000 0.372
8210.000 0.364
8215.000 0.357
8220.000 0.352
8225.000 0.344
8230.000 0.339
8235.000 0.334
8240.000 0.332
8245.000 0.325
8250.000 0.320
8255.000 0.321
8260.000 0.314
8265.000 0.311
8270.000 0.304
8275.000 0.302
8280.000 0.299
8285.000 0.294
8290.000 0.292
8295.000 0.287
8300.000 0.285
8305.000 0.284
8310.000 0.281
8315.000 0.276
8320.000 0.271
8325.000 0.271
8330.000 0.265
8335.000 0.262
8340.000 0.259
8345.000 0.258
8350.000 0.252
8355.000 0.250
8360.000 0.248
8365.000 0.243
8370.000 0.240
8375.000 0.239
8380.000 0.239
8385.000 0.234
8390.000 0.228
8395.000 0.227
8400.000 0.222
8405.000 0.218
8410.000 0.214
8415.000 0.213
8420.000 0.209
8425.000 0.203
8430.000 0.201
8435.000 0.199
8440.000 0.195
8445.000 0.191
8450.000 0.186
8455.000 0.184
8460.000 0.179
8465.000 0.174
8470.000 0.174
8475.000 0.169
8480.000 0.165
8485.000 0.162
8490.000 0.158
8495.000 0.154
8500.000 0.154
8505.000 0.150
8510.000 0.148
8515.000 0.144
8520.000 0.146
8525.000 0.145
8530.000 0.150
8535.000 0.161
8540.000 0.180
8545.000 0.222
8550.000 0.330
8555.000 0.677
8560.000 2.095
8565.000 4.898
8570.000 7.549
8575.000 6.404
8580.000 2.447
8585.000 1.478
8590.000 1.614
8595.000 1.467
8600.000 1.434
8605.000 1.517
8610.000 1.627
8615.000 1.795
8620.000 2.036
8625.000 2.325
8630.000 2.723
8635.000 3.285
8640.000 3.642
8645.000 5.173
8650.000 5.842
8655.000 7.391
8660.000 9.008
8665.000 10.203
8670.000 10.407
8675.000 9.213
8680.000 7.390
8685.000 5.733
8690.000 4.331
8695.000 3.172
8700.000 2.669
8705.000 1.867
8710.000 1.558
8715.000 1.561
8720.000 1.625
8725.000 1.620
8730.000 1.559
8735.000 1.491
8740.000 1.431
8745.000 1.379
8750.000 1.329
8755.000 1.285
8760.000 1.260
8765.000 1.226
8770.000 1.184
8775.000 1.149
8780.000 1.121
8785.000 1.096
8790.000 1.068
8795.000 1.040
8800.000 1.024
8805.000 1.001
8810.000 0.991
8815.000 0.983
8820.000 0.976
8825.000 0.944
8830.000 0.934
8835.000 0.937
8840.000 0.939
8845.000 0.910
8850.000 0.878
8855.000 0.865
8860.000 0.853
8865.000 0.833
8870.000 0.824
8875.000 0.812
8880.000 0.806
8885.000 0.797
8890.000 0.792
8895.000 0.776
8900.000 0.774
8905.000 0.764
8910.000 0.756
8915.000 0.752
8920.000 0.743
8925.000 0.732
8930.000 0.727
8935.000 0.718
8940.000 0.713
8945.000 0.712
8950.000 0.704
8955.000 0.694
8960.000 0.687
8965.000 0.693
8970.000 0.684
8975.000 0.684
8980.000 0.680
8985.000 0.672
8990.000 0.674
8995.000 0.669
9000.000 0.665
9005.000 0.668
9010.000 0.660
9015.000 0.661
9020.000 0.650
9025.000 0.654
9030.000 0.646
9035.000 0.643
9040.000 0.638
9045.000 0.636
9050.000 0.644
9055.000 0.634
9060.000 0.639
9065.000 0.635
9070.000 0.634
9075.000 0.632
9080.000 0.633
9085.000 0.623
9090.000 0.624
9095.000 0.627
9100.000 0.624
9105.000 0.625
9110.000 0.621
9115.000 0.619
9120.000 0.620
9125.000 0.618
9130.000 0.619
9135.000 0.617
9140.000 0.614
9145.000 0.614
9150.000 0.612
9155.000 0.609
9160.000 0.613
9165.000 0.614
9170.000 0.611
9175.000 0.611
9180.000 0.608
9185.000 0.607
9190.000 0.607
9195.000 0.605
9200.000 0.602
9205.000 0.606
9210.000 0.607
9215.000 0.604
9220.000 0.602
9225.000 0.600
9230.000 0.599
9235.000 0.606
9240.000 0.603
9245.000 0.605
9250.000 0.599
9255.000 0.600
9260.000 0.599
9265.000 0.597
9270.000 0.596
9275.000 0.595
9280.000 0.596
9285.000 0.600
9290.000 0.595
9295.000 0.594
9300.000 0.596
9305.000 0.594
9310.000 0.595
9315.000 0.595
9320.000 0.596
9325.000 0.597
9330.000 0.593
9335.000 0.590
9340.000 0.591
9345.000 0.593
9350.000 0.595
9355.000 0.593
9360.000 0.596
9365.000 0.594
9370.000 0.595
9375.000 0.597
9380.000 0.596
9385.000 0.597
9390.000 0.596
9395.000 0.597
9400.000 0.598
9405.000 0.601
9410.000 0.601
9415.000 0.598
9420.000 0.604
9425.000 0.603
9430.000 0.609
9435.000 0.612
9440.000 0.613
9445.000 0.616
9450.000 0.623
9455.000 0.630
9460.000 0.649
9465.000 0.651
9470.000 0.652
9475.000 0.665
9480.000 0.677
9485.000 0.697
9490.000 0.732
9495.000 0.777
9500.000 0.815
9505.000 0.872
9510.000 0.961
9515.000 1.674
9520.000 1.945
9525.000 2.022
9530.000 0.658
9535.000 0.685
9540.000 0.536
9545.000 0.529
9550.000 0.519
9555.000 0.521
9560.000 0.524
9565.000 0.528
9570.000 0.535
9575.000 0.535
9580.000 0.538
9585.000 0.540
9590.000 0.544
9595.000 0.548
9600.000 0.547
9605.000 0.548
9610.000 0.553
9615.000 0.557
9620.000 0.560
9625.000 0.554
9630.000 0.561
9635.000 0.561
9640.000 0.564
9645.000 0.565
9650.000 0.569
9655.000 0.565
9660.000 0.573
9665.000 0.573
9670.000 0.575
9675.000 0.575
9680.000 0.579
9685.000 0.583
9690.000 0.579
9695.000 0.586
9700.000 0.589
9705.000 0.591
9710.000 0.595
9715.000 0.599
9720.000 0.601
9725.000 0.608
9730.000 0.615
9735.000 0.617
9740.000 0.624
9745.000 0.622
9750.000 0.632
9755.000 0.637
9760.000 0.647
9765.000 0.653
9770.000 0.667
9775.000 0.679
9780.000 0.689
9785.000 0.704
9790.000 0.715
9795.000 0.742
9800.000 0.765
9805.000 0.775
9810.000 0.805
9815.000 0.846
9820.000 0.889
9825.000 0.920
9830.000 0.958
9835.000 0.971
9840.000 0.943
9845.000 0.840
9850.000 0.653
9855.000 0.554
9860.000 0.379
9865.000 0.251
9870.000 0.245
9875.000 0.255
9880.000 0.293
9885.000 0.339
9890.000 0.379
9895.000 0.374
9900.000 0.288
9905.000 0.144
9910.000 0.229
9915.000 0.324
9920.000 0.481
9925.000 0.506
9930.000 0.521
9935.000 0.519
9940.000 0.506
9945.000 0.488
9950.000 0.470
9955.000 0.445
9960.000 0.438
9965.000 0.430
9970.000 0.430
9975.000 0.427
9980.000 0.430
9985.000 0.431
9990.000 0.440
9995.000 0.447
10000.000 0.447
10005.000 0.442
10010.000 0.440
10015.000 0.452
10020.000 0.456
10025.000 0.455
10030.000 0.458
10035.000 0.458
10040.000 0.461
10045.000 0.463
10050.000 0.466
10055.000 0.467
10060.000 0.463
10065.000 0.474
10070.000 0.474
10075.000 0.474
10080.000 0.476
10085.000 0.476
10090.000 0.473
10095.000 0.474
10100.000 0.473
10105.000 0.472
10110.000 0.474
10115.000 0.474
10120.000 0.478
10125.000 0.480
10130.000 0.479
10135.000 0.483
10140.000 0.481
10145.000 0.483
10150.000 0.487
10155.000 0.489
10160.000 0.493
10165.000 0.493
10170.000 0.497
10175.000 0.504
10180.000 0.522
10185.000 0.544
10190.000 0.583
10195.000 0.662
10200.000 0.790
10205.000 0.818
10210.000 1.008
10215.000 2.290
10220.000 0.941
10225.000 0.689
10230.000 0.696
10235.000 0.654
10240.000 0.566
10245.000 0.534
10250.000 0.514
10255.000 0.506
10260.000 0.503
10265.000 0.504
10270.000 0.503
10275.000 0.502
10280.000 0.504
10285.000 0.505
10290.000 0.506
10295.000 0.506
10300.000 0.502
10305.000 0.500
10310.000 0.503
10315.000 0.505
10320.000 0.502
10325.000 0.503
10330.000 0.502
10335.000 0.504
10340.000 0.506
10345.000 0.510
10350.000 0.510
10355.000 0.512
10360.000 0.513
10365.000 0.512
10370.000 0.511
10375.000 0.514
10380.000 0.520
10385.000 0.517
10390.000 0.519
10395.000 0.515
10400.000 0.516
10405.000 0.520
10410.000 0.519
10415.000 0.517
10420.000 0.521
10425.000 0.525
10430.000 0.521
10435.000 0.524
10440.000 0.523
10445.000 0.522
10450.000 0.528
10455.000 0.527
10460.000 0.526
10465.000 0.529
10470.000 0.535
10475.000 0.534
10480.000 0.537
10485.000 0.536
10490.000 0.538
10495.000 0.542
10500.000 0.546
10505.000 0.543
10510.000 0.549
10515.000 0.547
10520.000 0.549
10525.000 0.551
10530.000 0.555
10535.000 0.555
10540.000 0.554
10545.000 0.558
10550.000 0.559
10555.000 0.560
10560.000 0.559
10565.000 0.563
10570.000 0.566
10575.000 0.566
10580.000 0.568
10585.000 0.567
10590.000 0.572
10595.000 0.574
10600.000 0.579
10605.000 0.581
10610.000 0.583
10615.000 0.590
10620.000 0.590
10625.000 0.593
10630.000 0.592
10635.000 0.601
10640.000 0.602
10645.000 0.601
10650.000 0.609
10655.000 0.609
10660.000 0.611
10665.000 0.613
10670.000 0.623
10675.000 0.620
10680.000 0.632
10685.000 0.637
10690.000 0.639
10695.000 0.648
10700.000 0.649
10705.000 0.656
10710.000 0.660
10715.000 0.661
10720.000 0.680
10725.000 0.684
10730.000 0.691
10735.000 0.698
10740.000 0.708
10745.000 0.713
10750.000 0.721
10755.000 0.734
10760.000 0.741
10765.000 0.749
10770.000 0.765
10775.000 0.775
10780.000 0.787
10785.000 0.806
10790.000 0.823
10795.000 0.847
10800.000 0.866
10805.000 0.889
10810.000 0.912
10815.000 0.946
10820.000 0.982
10825.000 0.999
10830.000 1.042
10835.000 1.096
10840.000 1.156
10845.000 1.235
10850.000 1.340
10855.000 1.485
10860.000 1.695
10865.000 2.007
10870.000 2.474
10875.000 3.029
10880.000 3.273
10885.000 2.645
10890.000 1.491
10895.000 0.703
10900.000 0.507
10905.000 0.586
10910.000 0.752
10915.000 0.133
10920.000 0.102
10925.000 0.091
10930.000 0.144
10935.000 0.208
10940.000 0.264
10945.000 0.325
10950.000 0.364
10955.000 0.465
10960.000 0.586
10965.000 0.729
10970.000 0.890
10975.000 1.048
10980.000 1.221
10985.000 1.427
10990.000 1.613
10995.000 1.817
11000.000 2.051
11005.000 2.271
11010.000 2.387
11015.000 2.548
11020.000 2.584
11025.000 2.241
11030.000 2.028
11035.000 1.596
11040.000 1.187
11045.000 0.876
11050.000 0.648
11055.000 0.481
11060.000 0.371
11065.000 0.294
11070.000 0.277
11075.000 0.258
11080.000 0.274
11085.000 0.340
11090.000 0.354
11095.000 0.347
11100.000 0.291
11105.000 0.233
11110.000 0.188
11115.000 0.153
11120.000 0.127
11125.000 0.108
11130.000 0.090
11135.000 0.083
11140.000 0.073
11145.000 0.067
11150.000 0.065
11155.000 0.063
11160.000 0.063
11165.000 0.067
11170.000 0.072
11175.000 0.076
11180.000 0.079
11185.000 0.085
11190.000 0.088
11195.000 0.092
11200.000 0.096
11205.000 0.102
11210.000 0.104
11215.000 0.107
11220.000 0.113
11225.000 0.118
11230.000 0.122
11235.000 0.126
11240.000 0.128
11245.000 0.131
11250.000 0.137
11255.000 0.138
11260.000 0.143
11265.000 0.145
11270.000 0.150
11275.000 0.152
11280.000 0.156
11285.000 0.159
11290.000 0.163
11295.000 0.165
11300.000 0.168
11305.000 0.173
11310.000 0.172
11315.000 0.173
11320.000 0.178
11325.000 0.184
11330.000 0.184
11335.000 0.188
11340.000 0.191
11345.000 0.192
11350.000 0.193
11355.000 0.196
11360.000 0.199
11365.000 0.203
11370.000 0.206
11375.000 0.207
11380.000 0.213
11385.000 0.218
11390.000 0.219
11395.000 0.219
11400.000 0.220
11405.000 0.220
11410.000 0.222
11415.000 0.225
11420.000 0.227
11425.000 0.230
11430.000 0.227
11435.000 0.230
11440.000 0.228
11445.000 0.231
11450.000 0.231
11455.000 0.232
11460.000 0.232
11465.000 0.232
11470.000 0.234
11475.000 0.235
11480.000 0.235
11485.000 0.236
11490.000 0.236
11495.000 0.237
11500.000 0.240
11505.000 0.239
11510.000 0.241
11515.000 0.243
11520.000 0.248
11525.000 0.242
11530.000 0.240
11535.000 0.239
11540.000 0.237
11545.000 0.240
11550.000 0.238
11555.000 0.241
11560.000 0.237
11565.000 0.234
11570.000 0.235
11575.000 0.235
11580.000 0.237
11585.000 0.232
11590.000 0.233
11595.000 0.230
11600.000 0.229
11605.000 0.227
11610.000 0.229
11615.000 0.227
11620.000 0.226
11625.000 0.224
11630.000 0.224
11635.000 0.217
11640.000 0.217
11645.000 0.214
11650.000 0.212
11655.000 0.208
11660.000 0.206
11665.000 0.202
11670.000 0.196
11675.000 0.188
11680.000 0.186
11685.000 0.179
11690.000 0.177
11695.000 0.167
11700.000 0.159
11705.000 0.150
11710.000 0.142
11715.000 0.134
11720.000 0.138
11725.000 0.151
11730.000 0.198
11735.000 0.241
11740.000 0.421
11745.000 0.828
11750.000 2.087
11755.000 2.586
11760.000 2.849
11765.000 1.238
11770.000 1.735
11775.000 1.799
11780.000 1.255
11785.000 0.989
11790.000 0.818
11795.000 0.697
11800.000 0.651
11805.000 0.550
11810.000 0.526
11815.000 0.484
11820.000 0.462
11825.000 0.441
11830.000 0.428
11835.000 0.417
11840.000 0.411
11845.000 0.402
11850.000 0.394
11855.000 0.388
11860.000 0.385
11865.000 0.385
11870.000 0.380
11875.000 0.379
11880.000 0.371
11885.000 0.366
11890.000 0.362
11895.000 0.361
11900.000 0.358
11905.000 0.359
11910.000 0.355
11915.000 0.357
11920.000 0.351
11925.000 0.352
11930.000 0.351
11935.000 0.350
11940.000 0.345
11945.000 0.345
11950.000 0.345
11955.000 0.345
11960.000 0.344
11965.000 0.345
11970.000 0.341
11975.000 0.347
11980.000 0.348
11985.000 0.339
11990.000 0.340
11995.000 0.343
12000.000 0.344
