105.000 0.072
110.000 0.373
115.000 2.485
120.000 2.995
125.000 3.198
130.000 3.481
135.000 3.580
140.000 3.538
145.000 3.761
150.000 3.753
155.000 3.647
160.000 3.597
165.000 3.548
170.000 3.424
175.000 3.431
180.000 3.470
185.000 3.316
190.000 3.435
195.000 3.442
200.000 3.539
205.000 3.501
210.000 3.611
215.000 3.613
220.000 3.618
225.000 3.746
230.000 3.767
235.000 3.740
240.000 4.005
245.000 3.954
250.000 4.022
255.000 4.080
260.000 4.142
265.000 4.145
270.000 4.180
275.000 4.199
280.000 4.349
285.000 4.313
290.000 4.316
295.000 4.322
300.000 4.345
305.000 4.333
310.000 4.339
315.000 4.319
320.000 4.374
325.000 4.480
330.000 4.546
335.000 4.600
340.000 4.800
345.000 5.007
350.000 5.211
355.000 5.506
360.000 5.732
365.000 5.998
370.000 6.245
375.000 6.690
380.000 6.966
385.000 7.335
390.000 7.471
395.000 7.974
400.000 8.110
405.000 8.305
410.000 8.316
415.000 8.420
420.000 8.365
425.000 8.053
430.000 7.500
435.000 6.860
440.000 6.086
445.000 5.302
450.000 4.603
455.000 3.931
460.000 3.382
465.000 3.156
470.000 2.808
475.000 2.525
480.000 2.285
485.000 2.112
490.000 1.982
495.000 1.844
500.000 1.750
505.000 1.646
510.000 1.570
515.000 1.527
520.000 1.414
525.000 1.381
530.000 1.300
535.000 1.236
540.000 1.189
545.000 1.123
550.000 1.090
555.000 1.027
560.000 0.994
565.000 0.933
570.000 0.904
575.000 0.837
580.000 0.797
585.000 0.773
590.000 0.733
595.000 0.717
600.000 0.690
605.000 0.656
610.000 0.636
615.000 0.622
620.000 0.594
625.000 0.590
630.000 0.578
635.000 0.550
640.000 0.541
645.000 0.531
650.000 0.519
655.000 0.500
660.000 0.490
665.000 0.479
670.000 0.474
675.000 0.463
680.000 0.454
685.000 0.447
690.000 0.441
695.000 0.434
700.000 0.430
705.000 0.422
710.000 0.414
715.000 0.409
720.000 0.401
725.000 0.398
730.000 0.393
735.000 0.386
740.000 0.381
745.000 0.377
750.000 0.375
755.000 0.373
760.000 0.363
765.000 0.363
770.000 0.365
775.000 0.360
780.000 0.366
785.000 0.364
790.000 0.362
795.000 0.367
800.000 0.355
805.000 0.350
810.000 0.353
815.000 0.345
820.000 0.343
825.000 0.335
830.000 0.341
835.000 0.335
840.000 0.332
845.000 0.331
850.000 0.332
855.000 0.329
860.000 0.325
865.000 0.329
870.000 0.320
875.000 0.325
880.000 0.321
885.000 0.330
890.000 0.324
895.000 0.325
900.000 0.317
905.000 0.317
910.000 0.318
915.000 0.324
920.000 0.317
925.000 0.320
930.000 0.318
935.000 0.317
940.000 0.318
945.000 0.316
950.000 0.313
955.000 0.317
960.000 0.311
965.000 0.314
970.000 0.319
975.000 0.311
980.000 0.313
985.000 0.320
990.000 0.313
995.000 0.315
1000.000 0.328
1005.000 0.307
1010.000 0.313
1015.000 0.308
1020.000 0.321
1025.000 0.314
1030.000 0.325
1035.000 0.308
1040.000 0.311
1045.000 0.315
1050.000 0.316
1055.000 0.314
1060.000 0.314
1065.000 0.317
1070.000 0.307
1075.000 0.312
1080.000 0.310
1085.000 0.308
1090.000 0.315
1095.000 0.314
1100.000 0.312
1105.000 0.314
1110.000 0.309
1115.000 0.315
1120.000 0.311
1125.000 0.311
1130.000 0.313
1135.000 0.310
1140.000 0.313
1145.000 0.313
1150.000 0.315
1155.000 0.316
1160.000 0.316
1165.000 0.313
1170.000 0.315
1175.000 0.314
1180.000 0.318
1185.000 0.316
1190.000 0.314
1195.000 0.316
1200.000 0.317
1205.000 0.319
1210.000 0.322
1215.000 0.317
1220.000 0.317
1225.000 0.319
1230.000 0.324
1235.000 0.321
1240.000 0.324
1245.000 0.323
1250.000 0.321
1255.000 0.323
1260.000 0.321
1265.000 0.326
1270.000 0.330
1275.000 0.329
1280.000 0.325
1285.000 0.322
1290.000 0.333
1295.000 0.328
1300.000 0.323
1305.000 0.331
1310.000 0.331
1315.000 0.330
1320.000 0.328
1325.000 0.333
1330.000 0.330
1335.000 0.333
1340.000 0.335
1345.000 0.332
1350.000 0.335
1355.000 0.334
1360.000 0.337
1365.000 0.337
1370.000 0.334
1375.000 0.335
1380.000 0.340
1385.000 0.332
1390.000 0.334
1395.000 0.335
1400.000 0.334
1405.000 0.332
1410.000 0.332
1415.000 0.335
1420.000 0.333
1425.000 0.335
1430.000 0.330
1435.000 0.328
1440.000 0.327
1445.000 0.326
1450.000 0.330
1455.000 0.334
1460.000 0.333
1465.000 0.334
1470.000 0.344
1475.000 0.344
1480.000 0.351
1485.000 0.345
1490.000 0.355
1495.000 0.358
1500.000 0.362
1505.000 0.363
1510.000 0.361
1515.000 0.368
1520.000 0.366
1525.000 0.373
1530.000 0.371
1535.000 0.376
1540.000 0.377
1545.000 0.379
1550.000 0.381
1555.000 0.390
1560.000 0.385
1565.000 0.396
1570.000 0.390
1575.000 0.395
1580.000 0.396
1585.000 0.401
1590.000 0.404
1595.000 0.407
1600.000 0.411
1605.000 0.417
1610.000 0.417
1615.000 0.424
1620.000 0.421
1625.000 0.428
1630.000 0.437
1635.000 0.441
1640.000 0.439
1645.000 0.450
1650.000 0.453
1655.000 0.457
1660.000 0.460
1665.000 0.468
1670.000 0.476
1675.000 0.469
1680.000 0.484
1685.000 0.489
1690.000 0.493
1695.000 0.503
1700.000 0.509
1705.000 0.516
1710.000 0.519
1715.000 0.530
1720.000 0.539
1725.000 0.541
1730.000 0.552
1735.000 0.558
1740.000 0.564
1745.000 0.564
1750.000 0.580
1755.000 0.586
1760.000 0.594
1765.000 0.604
1770.000 0.615
1775.000 0.622
1780.000 0.629
1785.000 0.638
1790.000 0.643
1795.000 0.650
1800.000 0.658
1805.000 0.660
1810.000 0.671
1815.000 0.673
1820.000 0.679
1825.000 0.687
1830.000 0.695
1835.000 0.700
1840.000 0.705
1845.000 0.707
1850.000 0.713
1855.000 0.713
1860.000 0.712
1865.000 0.711
1870.000 0.720
1875.000 0.709
1880.000 0.712
1885.000 0.711
1890.000 0.707
1895.000 0.704
1900.000 0.700
1905.000 0.696
1910.000 0.691
1915.000 0.690
1920.000 0.678
1925.000 0.676
1930.000 0.666
1935.000 0.667
1940.000 0.657
1945.000 0.650
1950.000 0.643
1955.000 0.636
1960.000 0.628
1965.000 0.627
1970.000 0.620
1975.000 0.619
1980.000 0.618
1985.000 0.619
1990.000 0.587
1995.000 0.580
2000.000 0.586
2005.000 0.577
2010.000 0.577
2015.000 0.563
2020.000 0.567
2025.000 0.554
2030.000 0.558
2035.000 0.538
2040.000 0.545
2045.000 0.531
2050.000 0.524
2055.000 0.531
2060.000 0.529
2065.000 0.513
2070.000 0.517
2075.000 0.509
2080.000 0.506
2085.000 0.508
2090.000 0.504
2095.000 0.499
2100.000 0.496
2105.000 0.498
2110.000 0.493
2115.000 0.489
2120.000 0.487
2125.000 0.484
2130.000 0.485
2135.000 0.479
2140.000 0.478
2145.000 0.475
2150.000 0.474
2155.000 0.473
2160.000 0.470
2165.000 0.468
2170.000 0.470
2175.000 0.466
2180.000 0.466
2185.000 0.467
2190.000 0.464
2195.000 0.461
2200.000 0.457
2205.000 0.458
2210.000 0.460
2215.000 0.452
2220.000 0.450
2225.000 0.457
2230.000 0.447
2235.000 0.449
2240.000 0.446
2245.000 0.443
2250.000 0.449
2255.000 0.446
2260.000 0.449
2265.000 0.444
2270.000 0.441
2275.000 0.423
2280.000 0.406
2285.000 0.394
2290.000 0.345
2295.000 0.282
2300.000 0.253
2305.000 1.100
2310.000 4.337
2315.000 12.208
2320.000 21.470
2325.000 14.119
2330.000 3.320
2335.000 1.115
2340.000 0.345
2345.000 0.225
2350.000 0.115
2355.000 0.123
2360.000 0.120
2365.000 0.141
2370.000 0.155
2375.000 0.167
2380.000 0.174
2385.000 0.181
2390.000 0.185
2395.000 0.187
2400.000 0.193
2405.000 0.196
2410.000 0.198
2415.000 0.201
2420.000 0.206
2425.000 0.208
2430.000 0.210
2435.000 0.212
2440.000 0.215
2445.000 0.217
2450.000 0.218
2455.000 0.220
2460.000 0.223
2465.000 0.225
2470.000 0.226
2475.000 0.228
2480.000 0.229
2485.000 0.231
2490.000 0.231
2495.000 0.233
2500.000 0.236
2505.000 0.237
2510.000 0.240
2515.000 0.238
2520.000 0.241
2525.000 0.245
2530.000 0.246
2535.000 0.246
2540.000 0.247
2545.000 0.249
2550.000 0.251
2555.000 0.251
2560.000 0.254
2565.000 0.254
2570.000 0.257
2575.000 0.259
2580.000 0.260
2585.000 0.263
2590.000 0.264
2595.000 0.266
2600.000 0.267
2605.000 0.269
2610.000 0.272
2615.000 0.273
2620.000 0.276
2625.000 0.278
2630.000 0.281
2635.000 0.284
2640.000 0.288
2645.000 0.291
2650.000 0.294
2655.000 0.294
2660.000 0.297
2665.000 0.299
2670.000 0.301
2675.000 0.305
2680.000 0.303
2685.000 0.307
2690.000 0.311
2695.000 0.312
2700.000 0.314
2705.000 0.317
2710.000 0.321
2715.000 0.323
2720.000 0.325
2725.000 0.327
2730.000 0.331
2735.000 0.335
2740.000 0.339
2745.000 0.342
2750.000 0.345
2755.000 0.347
2760.000 0.348
2765.000 0.352
2770.000 0.359
2775.000 0.362
2780.000 0.363
2785.000 0.366
2790.000 0.372
2795.000 0.377
2800.000 0.379
2805.000 0.386
2810.000 0.388
2815.000 0.393
2820.000 0.397
2825.000 0.402
2830.000 0.405
2835.000 0.408
2840.000 0.413
2845.000 0.416
2850.000 0.421
2855.000 0.424
2860.000 0.427
2865.000 0.431
2870.000 0.435
2875.000 0.437
2880.000 0.441
2885.000 0.446
2890.000 0.451
2895.000 0.451
2900.000 0.455
2905.000 0.460
2910.000 0.460
2915.000 0.466
2920.000 0.469
2925.000 0.471
2930.000 0.472
2935.000 0.476
2940.000 0.473
2945.000 0.479
2950.000 0.480
2955.000 0.489
2960.000 0.482
2965.000 0.481
2970.000 0.488
2975.000 0.485
2980.000 0.489
2985.000 0.490
2990.000 0.489
2995.000 0.490
3000.000 0.485
3005.000 0.495
3010.000 0.498
3015.000 0.488
3020.000 0.490
3025.000 0.492
3030.000 0.488
3035.000 0.503
3040.000 0.513
3045.000 0.527
3050.000 0.546
3055.000 0.549
3060.000 0.537
3065.000 0.525
3070.000 0.517
3075.000 0.514
3080.000 0.508
3085.000 0.503
3090.000 0.498
3095.000 0.500
3100.000 0.501
3105.000 0.496
3110.000 0.494
3115.000 0.494
3120.000 0.494
3125.000 0.492
3130.000 0.489
3135.000 0.489
3140.000 0.489
3145.000 0.489
3150.000 0.490
3155.000 0.491
3160.000 0.494
3165.000 0.495
3170.000 0.492
3175.000 0.491
3180.000 0.490
3185.000 0.490
3190.000 0.490
3195.000 0.489
3200.000 0.489
3205.000 0.489
3210.000 0.489
3215.000 0.487
3220.000 0.487
3225.000 0.491
3230.000 0.490
3235.000 0.486
3240.000 0.488
3245.000 0.489
3250.000 0.491
3255.000 0.489
3260.000 0.489
3265.000 0.492
3270.000 0.493
3275.000 0.495
3280.000 0.495
3285.000 0.496
3290.000 0.497
3295.000 0.499
3300.000 0.501
3305.000 0.500
3310.000 0.505
3315.000 0.504
3320.000 0.508
3325.000 0.512
3330.000 0.514
3335.000 0.517
3340.000 0.519
3345.000 0.521
3350.000 0.528
3355.000 0.530
3360.000 0.535
3365.000 0.537
3370.000 0.544
3375.000 0.542
3380.000 0.547
3385.000 0.552
3390.000 0.557
3395.000 0.564
3400.000 0.571
3405.000 0.585
3410.000 0.584
3415.000 0.591
3420.000 0.592
3425.000 0.604
3430.000 0.611
3435.000 0.619
3440.000 0.629
3445.000 0.633
3450.000 0.643
3455.000 0.653
3460.000 0.662
3465.000 0.674
3470.000 0.687
3475.000 0.705
3480.000 0.716
3485.000 0.730
3490.000 0.743
3495.000 0.753
3500.000 0.766
3505.000 0.778
3510.000 0.778
3515.000 0.794
3520.000 0.812
3525.000 0.828
3530.000 0.841
3535.000 0.866
3540.000 0.877
3545.000 0.899
3550.000 0.918
3555.000 0.944
3560.000 0.955
3565.000 0.983
3570.000 1.005
3575.000 1.035
3580.000 1.072
3585.000 1.104
3590.000 1.139
3595.000 1.182
3600.000 1.232
3605.000 1.283
3610.000 1.347
3615.000 1.410
3620.000 1.470
3625.000 1.505
3630.000 1.587
3635.000 1.673
3640.000 1.772
3645.000 1.895
3650.000 2.039
3655.000 2.219
3660.000 2.450
3665.000 2.752
3670.000 3.187
3675.000 3.799
3680.000 4.196
3685.000 5.264
3690.000 6.918
3695.000 9.480
3700.000 13.331
3705.000 18.915
3710.000 26.471
3715.000 31.755
3720.000 31.312
3725.000 19.134
3730.000 11.816
3735.000 7.934
3740.000 6.657
3745.000 4.365
3750.000 3.881
3755.000 3.147
3760.000 2.625
3765.000 2.229
3770.000 1.923
3775.000 1.685
3780.000 1.495
3785.000 1.342
3790.000 1.219
3795.000 1.118
3800.000 1.027
3805.000 0.991
3810.000 0.925
3815.000 0.868
3820.000 0.818
3825.000 0.773
3830.000 0.735
3835.000 0.701
3840.000 0.672
3845.000 0.644
3850.000 0.621
3855.000 0.597
3860.000 0.579
3865.000 0.560
3870.000 0.550
3875.000 0.536
3880.000 0.520
3885.000 0.507
3890.000 0.494
3895.000 0.482
3900.000 0.470
3905.000 0.460
3910.000 0.451
3915.000 0.439
3920.000 0.431
3925.000 0.426
3930.000 0.420
3935.000 0.412
3940.000 0.408
3945.000 0.400
3950.000 0.394
3955.000 0.386
3960.000 0.386
3965.000 0.378
3970.000 0.368
3975.000 0.368
3980.000 0.361
3985.000 0.358
3990.000 0.351
3995.000 0.356
4000.000 0.355
4005.000 0.343
4010.000 0.338
4015.000 0.336
4020.000 0.340
4025.000 0.341
4030.000 0.338
4035.000 0.326
4040.000 0.325
4045.000 0.324
4050.000 0.327
4055.000 0.319
4060.000 0.318
4065.000 0.318
4070.000 0.317
4075.000 0.318
4080.000 0.312
4085.000 0.314
4090.000 0.316
4095.000 0.310
4100.000 0.310
4105.000 0.307
4110.000 0.307
4115.000 0.305
4120.000 0.306
4125.000 0.302
4130.000 0.302
4135.000 0.299
4140.000 0.298
4145.000 0.296
4150.000 0.296
4155.000 0.293
4160.000 0.292
4165.000 0.291
4170.000 0.290
4175.000 0.288
4180.000 0.288
4185.000 0.284
4190.000 0.282
4195.000 0.278
4200.000 0.276
4205.000 0.275
4210.000 0.270
4215.000 0.268
4220.000 0.266
4225.000 0.265
4230.000 0.266
4235.000 0.262
4240.000 0.264
4245.000 0.261
4250.000 0.259
4255.000 0.257
4260.000 0.257
4265.000 0.257
4270.000 0.256
4275.000 0.257
4280.000 0.256
4285.000 0.254
4290.000 0.254
4295.000 0.255
4300.000 0.253
4305.000 0.253
4310.000 0.253
4315.000 0.254
4320.000 0.255
4325.000 0.253
4330.000 0.255
4335.000 0.254
4340.000 0.254
4345.000 0.253
4350.000 0.255
4355.000 0.254
4360.000 0.255
4365.000 0.255
4370.000 0.256
4375.000 0.254
4380.000 0.254
4385.000 0.255
4390.000 0.255
4395.000 0.255
4400.000 0.255
4405.000 0.255
4410.000 0.254
4415.000 0.254
4420.000 0.256
4425.000 0.256
4430.000 0.257
4435.000 0.257
4440.000 0.253
4445.000 0.254
4450.000 0.255
4455.000 0.256
4460.000 0.255
4465.000 0.257
4470.000 0.255
4475.000 0.256
4480.000 0.256
4485.000 0.256
4490.000 0.255
4495.000 0.256
4500.000 0.259
4505.000 0.255
4510.000 0.257
4515.000 0.256
4520.000 0.257
4525.000 0.258
4530.000 0.257
4535.000 0.258
4540.000 0.259
4545.000 0.258
4550.000 0.257
4555.000 0.260
4560.000 0.259
4565.000 0.258
4570.000 0.260
4575.000 0.258
4580.000 0.258
4585.000 0.259
4590.000 0.262
4595.000 0.259
4600.000 0.260
4605.000 0.262
4610.000 0.261
4615.000 0.261
4620.000 0.262
4625.000 0.262
4630.000 0.263
4635.000 0.263
4640.000 0.265
4645.000 0.264
4650.000 0.263
4655.000 0.265
4660.000 0.266
4665.000 0.269
4670.000 0.269
4675.000 0.270
4680.000 0.271
4685.000 0.270
4690.000 0.268
4695.000 0.271
4700.000 0.271
4705.000 0.271
4710.000 0.275
4715.000 0.275
4720.000 0.275
4725.000 0.275
4730.000 0.279
4735.000 0.278
4740.000 0.281
4745.000 0.281
4750.000 0.283
4755.000 0.284
4760.000 0.285
4765.000 0.289
4770.000 0.291
4775.000 0.291
4780.000 0.296
4785.000 0.298
4790.000 0.299
4795.000 0.301
4800.000 0.304
4805.000 0.306
4810.000 0.310
4815.000 0.313
4820.000 0.317
4825.000 0.319
4830.000 0.323
4835.000 0.325
4840.000 0.326
4845.000 0.330
4850.000 0.336
4855.000 0.340
4860.000 0.344
4865.000 0.349
4870.000 0.357
4875.000 0.362
4880.000 0.370
4885.000 0.377
4890.000 0.389
4895.000 0.397
4900.000 0.411
4905.000 0.419
4910.000 0.436
4915.000 0.465
4920.000 0.486
4925.000 0.512
4930.000 0.548
4935.000 0.575
4940.000 0.615
4945.000 0.669
4950.000 0.716
4955.000 0.800
4960.000 0.919
4965.000 1.011
4970.000 1.295
4975.000 1.920
4980.000 3.490
4985.000 6.956
4990.000 10.492
4995.000 5.213
5000.000 1.870
5005.000 4.584
5010.000 13.969
5015.000 10.200
5020.000 4.131
5025.000 2.762
5030.000 2.353
5035.000 1.687
5040.000 1.239
5045.000 1.008
5050.000 0.829
5055.000 0.722
5060.000 0.633
5065.000 0.565
5070.000 0.518
5075.000 0.480
5080.000 0.446
5085.000 0.435
5090.000 0.410
5095.000 0.389
5100.000 0.375
5105.000 0.361
5110.000 0.350
5115.000 0.339
5120.000 0.330
5125.000 0.323
5130.000 0.320
5135.000 0.309
5140.000 0.306
5145.000 0.303
5150.000 0.299
5155.000 0.297
5160.000 0.292
5165.000 0.289
5170.000 0.285
5175.000 0.283
5180.000 0.281
5185.000 0.278
5190.000 0.275
5195.000 0.274
5200.000 0.272
5205.000 0.272
5210.000 0.270
5215.000 0.269
5220.000 0.267
5225.000 0.264
5230.000 0.262
5235.000 0.264
5240.000 0.261
5245.000 0.260
5250.000 0.258
5255.000 0.260
5260.000 0.257
5265.000 0.255
5270.000 0.254
5275.000 0.254
5280.000 0.255
5285.000 0.255
5290.000 0.254
5295.000 0.254
5300.000 0.253
5305.000 0.253
5310.000 0.253
5315.000 0.252
5320.000 0.253
5325.000 0.252
5330.000 0.255
5335.000 0.252
5340.000 0.254
5345.000 0.253
5350.000 0.254
5355.000 0.255
5360.000 0.253
5365.000 0.255
5370.000 0.256
5375.000 0.257
5380.000 0.259
5385.000 0.258
5390.000 0.262
5395.000 0.264
5400.000 0.264
5405.000 0.264
5410.000 0.265
5415.000 0.267
5420.000 0.268
5425.000 0.268
5430.000 0.270
5435.000 0.269
5440.000 0.271
5445.000 0.273
5450.000 0.274
5455.000 0.274
5460.000 0.274
5465.000 0.276
5470.000 0.279
5475.000 0.280
5480.000 0.283
5485.000 0.285
5490.000 0.287
5495.000 0.288
5500.000 0.290
5505.000 0.292
5510.000 0.295
5515.000 0.296
5520.000 0.300
5525.000 0.304
5530.000 0.308
5535.000 0.307
5540.000 0.306
5545.000 0.309
5550.000 0.311
5555.000 0.313
5560.000 0.314
5565.000 0.315
5570.000 0.316
5575.000 0.320
5580.000 0.321
5585.000 0.325
5590.000 0.330
5595.000 0.333
5600.000 0.333
5605.000 0.337
5610.000 0.339
5615.000 0.340
5620.000 0.344
5625.000 0.343
5630.000 0.348
5635.000 0.350
5640.000 0.352
5645.000 0.355
5650.000 0.361
5655.000 0.362
5660.000 0.364
5665.000 0.372
5670.000 0.376
5675.000 0.376
5680.000 0.380
5685.000 0.383
5690.000 0.389
5695.000 0.390
5700.000 0.394
5705.000 0.396
5710.000 0.402
5715.000 0.410
5720.000 0.411
5725.000 0.416
5730.000 0.422
5735.000 0.426
5740.000 0.432
5745.000 0.436
5750.000 0.443
5755.000 0.450
5760.000 0.455
5765.000 0.472
5770.000 0.473
5775.000 0.478
5780.000 0.474
5785.000 0.475
5790.000 0.484
5795.000 0.490
5800.000 0.489
5805.000 0.489
5810.000 0.493
5815.000 0.491
5820.000 0.496
5825.000 0.497
5830.000 0.502
5835.000 0.510
5840.000 0.509
5845.000 0.512
5850.000 0.518
5855.000 0.521
5860.000 0.528
5865.000 0.533
5870.000 0.536
5875.000 0.535
5880.000 0.543
5885.000 0.543
5890.000 0.552
5895.000 0.559
5900.000 0.565
5905.000 0.566
5910.000 0.571
5915.000 0.577
5920.000 0.586
5925.000 0.586
5930.000 0.597
5935.000 0.604
5940.000 0.605
5945.000 0.614
5950.000 0.617
5955.000 0.635
5960.000 0.634
5965.000 0.644
5970.000 0.659
5975.000 0.662
5980.000 0.671
5985.000 0.685
5990.000 0.696
5995.000 0.702
6000.000 0.705
6005.000 0.726
6010.000 0.729
6015.000 0.748
6020.000 0.748
6025.000 0.766
6030.000 0.766
6035.000 0.791
6040.000 0.797
6045.000 0.816
6050.000 0.828
6055.000 0.827
6060.000 0.839
6065.000 0.860
6070.000 0.875
6075.000 0.891
6080.000 0.909
6085.000 0.930
6090.000 0.952
6095.000 0.970
6100.000 0.988
6105.000 1.005
6110.000 1.027
6115.000 1.069
6120.000 1.081
6125.000 1.114
6130.000 1.147
6135.000 1.186
6140.000 1.227
6145.000 1.266
6150.000 1.317
6155.000 1.367
6160.000 1.424
6165.000 1.455
6170.000 1.559
6175.000 1.643
6180.000 1.689
6185.000 1.789
6190.000 1.896
6195.000 2.035
6200.000 2.201
6205.000 2.405
6210.000 2.673
6215.000 3.038
6220.000 3.565
6225.000 4.313
6230.000 5.422
6235.000 6.163
6240.000 9.163
6245.000 10.230
6250.000 11.589
6255.000 11.221
6260.000 11.007
6265.000 9.035
6270.000 6.472
6275.000 4.472
6280.000 3.336
6285.000 2.738
6290.000 2.406
6295.000 2.223
6300.000 2.181
6305.000 2.119
6310.000 2.083
6315.000 1.981
6320.000 1.874
6325.000 1.766
6330.000 1.660
6335.000 1.563
6340.000 1.478
6345.000 1.393
6350.000 1.322
6355.000 1.249
6360.000 1.219
6365.000 1.151
6370.000 1.078
6375.000 1.004
6380.000 0.940
6385.000 0.879
6390.000 0.828
6395.000 0.783
6400.000 0.741
6405.000 0.728
6410.000 0.681
6415.000 0.649
6420.000 0.638
6425.000 0.611
6430.000 0.592
6435.000 0.572
6440.000 0.555
6445.000 0.538
6450.000 0.522
6455.000 0.508
6460.000 0.495
6465.000 0.485
6470.000 0.475
6475.000 0.463
6480.000 0.456
6485.000 0.447
6490.000 0.442
6495.000 0.435
6500.000 0.428
6505.000 0.423
6510.000 0.417
6515.000 0.409
6520.000 0.405
6525.000 0.402
6530.000 0.397
6535.000 0.395
6540.000 0.392
6545.000 0.391
6550.000 0.390
6555.000 0.392
6560.000 0.394
6565.000 0.398
6570.000 0.409
6575.000 0.428
6580.000 0.465
6585.000 0.523
6590.000 0.981
6595.000 7.557
6600.000 8.953
6605.000 3.643
6610.000 0.404
6615.000 1.029
6620.000 0.445
6625.000 0.415
6630.000 0.349
6635.000 0.329
6640.000 0.319
6645.000 0.308
6650.000 0.300
6655.000 0.291
6660.000 0.285
6665.000 0.281
6670.000 0.280
6675.000 0.275
6680.000 0.272
6685.000 0.271
6690.000 0.269
6695.000 0.265
6700.000 0.264
6705.000 0.263
6710.000 0.263
6715.000 0.259
6720.000 0.260
6725.000 0.258
6730.000 0.260
6735.000 0.259
6740.000 0.256
6745.000 0.257
6750.000 0.258
6755.000 0.258
6760.000 0.259
6765.000 0.255
6770.000 0.256
6775.000 0.258
6780.000 0.256
6785.000 0.257
6790.000 0.255
6795.000 0.260
6800.000 0.260
6805.000 0.256
6810.000 0.257
6815.000 0.254
6820.000 0.254
6825.000 0.255
6830.000 0.254
6835.000 0.256
6840.000 0.254
6845.000 0.254
6850.000 0.254
6855.000 0.255
6860.000 0.254
6865.000 0.253
6870.000 0.256
6875.000 0.253
6880.000 0.252
6885.000 0.253
6890.000 0.251
6895.000 0.253
6900.000 0.253
6905.000 0.252
6910.000 0.254
6915.000 0.250
6920.000 0.252
6925.000 0.251
6930.000 0.253
6935.000 0.252
6940.000 0.251
6945.000 0.250
6950.000 0.248
6955.000 0.253
6960.000 0.248
6965.000 0.254
6970.000 0.246
6975.000 0.247
6980.000 0.249
6985.000 0.250
6990.000 0.252
6995.000 0.255
7000.000 0.247
7005.000 0.256
7010.000 0.254
7015.000 0.257
7020.000 0.250
7025.000 0.245
7030.000 0.254
7035.000 0.244
7040.000 0.253
7045.000 0.251
7050.000 0.247
7055.000 0.252
7060.000 0.248
7065.000 0.249
7070.000 0.250
7075.000 0.249
7080.000 0.251
7085.000 0.248
7090.000 0.251
7095.000 0.251
7100.000 0.252
7105.000 0.249
7110.000 0.251
7115.000 0.248
7120.000 0.248
7125.000 0.248
7130.000 0.247
7135.000 0.249
7140.000 0.247
7145.000 0.248
7150.000 0.248
7155.000 0.249
7160.000 0.249
7165.000 0.247
7170.000 0.253
7175.000 0.271
7180.000 0.264
7185.000 0.259
7190.000 0.255
7195.000 0.255
7200.000 0.250
7205.000 0.251
7210.000 0.249
7215.000 0.248
7220.000 0.248
7225.000 0.246
7230.000 0.249
7235.000 0.249
7240.000 0.247
7245.000 0.248
7250.000 0.246
7255.000 0.248
7260.000 0.246
7265.000 0.246
7270.000 0.246
7275.000 0.249
7280.000 0.251
7285.000 0.258
7290.000 0.254
7295.000 0.254
7300.000 0.253
7305.000 0.257
7310.000 0.255
7315.000 0.253
7320.000 0.257
7325.000 0.260
7330.000 0.263
7335.000 0.263
7340.000 0.268
7345.000 0.272
7350.000 0.278
7355.000 0.289
7360.000 0.301
7365.000 0.309
7370.000 0.325
7375.000 0.334
7380.000 0.351
7385.000 0.359
7390.000 0.398
7395.000 0.436
7400.000 0.438
7405.000 0.474
7410.000 0.518
7415.000 0.572
7420.000 0.647
7425.000 0.741
7430.000 0.892
7435.000 1.106
7440.000 1.431
7445.000 1.919
7450.000 2.251
7455.000 3.630
7460.000 4.298
7465.000 5.770
7470.000 6.513
7475.000 5.756
7480.000 4.119
7485.000 2.545
7490.000 1.270
7495.000 0.852
7500.000 1.126
7505.000 1.094
7510.000 0.915
7515.000 0.801
7520.000 0.762
7525.000 0.705
7530.000 0.675
7535.000 0.644
7540.000 0.612
7545.000 0.595
7550.000 0.575
7555.000 0.554
7560.000 0.542
7565.000 0.526
7570.000 0.510
7575.000 0.494
7580.000 0.480
7585.000 0.467
7590.000 0.463
7595.000 0.452
7600.000 0.444
7605.000 0.437
7610.000 0.432
7615.000 0.431
7620.000 0.425
7625.000 0.414
7630.000 0.405
7635.000 0.396
7640.000 0.386
7645.000 0.381
7650.000 0.376
7655.000 0.371
7660.000 0.368
7665.000 0.363
7670.000 0.360
7675.000 0.357
7680.000 0.352
7685.000 0.352
7690.000 0.349
7695.000 0.345
7700.000 0.341
7705.000 0.338
7710.000 0.337
7715.000 0.330
7720.000 0.326
7725.000 0.326
7730.000 0.325
7735.000 0.321
7740.000 0.319
7745.000 0.316
7750.000 0.316
7755.000 0.313
7760.000 0.310
7765.000 0.310
7770.000 0.307
7775.000 0.303
7780.000 0.305
7785.000 0.300
7790.000 0.296
7795.000 0.297
7800.000 0.293
7805.000 0.289
7810.000 0.290
7815.000 0.288
7820.000 0.285
7825.000 0.286
7830.000 0.280
7835.000 0.278
7840.000 0.278
7845.000 0.276
7850.000 0.272
7855.000 0.270
7860.000 0.267
7865.000 0.266
7870.000 0.259
7875.000 0.258
7880.000 0.256
7885.000 0.255
7890.000 0.252
7895.000 0.250
7900.000 0.245
7905.000 0.242
7910.000 0.240
7915.000 0.236
7920.000 0.234
7925.000 0.229
7930.000 0.226
7935.000 0.223
7940.000 0.221
7945.000 0.219
7950.000 0.216
7955.000 0.210
7960.000 0.208
7965.000 0.202
7970.000 0.194
7975.000 0.194
7980.000 0.191
7985.000 0.184
7990.000 0.185
7995.000 0.182
8000.000 0.174
8005.000 0.184
8010.000 0.188
8015.000 0.188
8020.000 0.191
8025.000 0.206
8030.000 0.231
8035.000 0.278
8040.000 0.335
8045.000 0.457
8050.000 0.669
8055.000 0.986
8060.000 1.501
8065.000 2.373
8070.000 4.066
8075.000 7.010
8080.000 8.690
8085.000 8.964
8090.000 3.272
8095.000 5.146
8100.000 2.317
8105.000 1.958
8110.000 1.560
8115.000 1.192
8120.000 0.998
8125.000 0.865
8130.000 0.760
8135.000 0.726
8140.000 0.640
8145.000 0.597
8150.000 0.578
8155.000 0.549
8160.000 0.522
8165.000 0.501
8170.000 0.480
8175.000 0.464
8180.000 0.449
8185.000 0.439
8190.000 0.428
8195.000 0.420
8200.000 0.411
8205.000 0.404
8210.000 0.402
8215.000 0.395
8220.000 0.389
8225.000 0.384
8230.000 0.376
8235.000 0.372
8240.000 0.369
8245.000 0.363
8250.000 0.357
8255.000 0.358
8260.000 0.351
8265.000 0.347
8270.000 0.346
8275.000 0.339
8280.000 0.336
8285.000 0.331
8290.000 0.329
8295.000 0.325
8300.000 0.321
8305.000 0.320
8310.000 0.317
8315.000 0.310
8320.000 0.312
8325.000 0.306
8330.000 0.306
8335.000 0.302
8340.000 0.298
8345.000 0.294
8350.000 0.293
8355.000 0.289
8360.000 0.286
8365.000 0.284
8370.000 0.279
8375.000 0.278
8380.000 0.272
8385.000 0.272
8390.000 0.271
8395.000 0.268
8400.000 0.261
8405.000 0.258
8410.000 0.256
8415.000 0.253
8420.000 0.248
8425.000 0.244
8430.000 0.242
8435.000 0.238
8440.000 0.235
8445.000 0.232
8450.000 0.227
8455.000 0.227
8460.000 0.223
8465.000 0.218
8470.000 0.215
8475.000 0.210
8480.000 0.207
8485.000 0.203
8490.000 0.200
8495.000 0.198
8500.000 0.194
8505.000 0.191
8510.000 0.191
8515.000 0.189
8520.000 0.191
8525.000 0.196
8530.000 0.203
8535.000 0.223
8540.000 0.251
8545.000 0.319
8550.000 0.483
8555.000 1.085
8560.000 3.037
8565.000 6.174
8570.000 7.481
8575.000 3.880
8580.000 2.997
8585.000 1.849
8590.000 1.269
8595.000 1.246
8600.000 1.262
8605.000 1.365
8610.000 1.461
8615.000 1.644
8620.000 1.903
8625.000 2.239
8630.000 2.451
8635.000 3.013
8640.000 3.811
8645.000 4.920
8650.000 6.362
8655.000 8.005
8660.000 9.566
8665.000 10.453
8670.000 10.099
8675.000 8.567
8680.000 6.809
8685.000 5.281
8690.000 4.031
8695.000 3.488
8700.000 2.502
8705.000 1.740
8710.000 1.462
8715.000 1.340
8720.000 1.298
8725.000 1.324
8730.000 1.327
8735.000 1.313
8740.000 1.277
8745.000 1.250
8750.000 1.222
8755.000 1.205
8760.000 1.174
8765.000 1.143
8770.000 1.121
8775.000 1.097
8780.000 1.073
8785.000 1.048
8790.000 1.030
8795.000 1.018
8800.000 0.994
8805.000 0.981
8810.000 0.963
8815.000 0.959
8820.000 0.942
8825.000 0.954
8830.000 0.936
8835.000 0.950
8840.000 0.924
8845.000 0.889
8850.000 0.873
8855.000 0.861
8860.000 0.839
8865.000 0.835
8870.000 0.823
8875.000 0.820
8880.000 0.814
8885.000 0.810
8890.000 0.802
8895.000 0.792
8900.000 0.781
8905.000 0.775
8910.000 0.772
8915.000 0.767
8920.000 0.757
8925.000 0.748
8930.000 0.741
8935.000 0.742
8940.000 0.735
8945.000 0.730
8950.000 0.726
8955.000 0.725
8960.000 0.722
8965.000 0.715
8970.000 0.703
8975.000 0.703
8980.000 0.697
8985.000 0.698
8990.000 0.699
8995.000 0.700
9000.000 0.692
9005.000 0.687
9010.000 0.679
9015.000 0.683
9020.000 0.677
9025.000 0.680
9030.000 0.677
9035.000 0.681
9040.000 0.675
9045.000 0.674
9050.000 0.668
9055.000 0.674
9060.000 0.669
9065.000 0.669
9070.000 0.665
9075.000 0.668
9080.000 0.666
9085.000 0.664
9090.000 0.659
9095.000 0.664
9100.000 0.659
9105.000 0.657
9110.000 0.653
9115.000 0.652
9120.000 0.657
9125.000 0.652
9130.000 0.651
9135.000 0.653
9140.000 0.649
9145.000 0.651
9150.000 0.650
9155.000 0.670
9160.000 0.672
9165.000 0.662
9170.000 0.654
9175.000 0.656
9180.000 0.650
9185.000 0.647
9190.000 0.644
9195.000 0.646
9200.000 0.648
9205.000 0.644
9210.000 0.641
9215.000 0.639
9220.000 0.636
9225.000 0.640
9230.000 0.640
9235.000 0.637
9240.000 0.639
9245.000 0.638
9250.000 0.640
9255.000 0.637
9260.000 0.639
9265.000 0.642
9270.000 0.639
9275.000 0.636
9280.000 0.640
9285.000 0.640
9290.000 0.641
9295.000 0.642
9300.000 0.645
9305.000 0.644
9310.000 0.643
9315.000 0.639
9320.000 0.642
9325.000 0.642
9330.000 0.644
9335.000 0.641
9340.000 0.643
9345.000 0.644
9350.000 0.644
9355.000 0.650
9360.000 0.645
9365.000 0.650
9370.000 0.653
9375.000 0.658
9380.000 0.655
9385.000 0.657
9390.000 0.660
9395.000 0.659
9400.000 0.665
9405.000 0.671
9410.000 0.673
9415.000 0.679
9420.000 0.682
9425.000 0.685
9430.000 0.685
9435.000 0.691
9440.000 0.700
9445.000 0.705
9450.000 0.719
9455.000 0.727
9460.000 0.742
9465.000 0.754
9470.000 0.776
9475.000 0.804
9480.000 0.845
9485.000 0.899
9490.000 0.929
9495.000 1.027
9500.000 1.186
9505.000 1.310
9510.000 1.382
9515.000 2.652
9520.000 2.303
9525.000 1.294
9530.000 0.439
9535.000 0.406
9540.000 0.494
9545.000 0.487
9550.000 0.497
9555.000 0.508
9560.000 0.516
9565.000 0.527
9570.000 0.535
9575.000 0.544
9580.000 0.552
9585.000 0.561
9590.000 0.573
9595.000 0.578
9600.000 0.583
9605.000 0.588
9610.000 0.586
9615.000 0.593
9620.000 0.600
9625.000 0.606
9630.000 0.610
9635.000 0.619
9640.000 0.622
9645.000 0.620
9650.000 0.630
9655.000 0.634
9660.000 0.636
9665.000 0.643
9670.000 0.647
9675.000 0.650
9680.000 0.657
9685.000 0.662
9690.000 0.669
9695.000 0.675
9700.000 0.681
9705.000 0.693
9710.000 0.702
9715.000 0.710
9720.000 0.716
9725.000 0.726
9730.000 0.743
9735.000 0.777
9740.000 0.839
9745.000 0.825
9750.000 0.860
9755.000 0.851
9760.000 0.849
9765.000 0.882
9770.000 1.117
9775.000 1.085
9780.000 1.059
9785.000 1.050
9790.000 1.052
9795.000 1.064
9800.000 1.089
9805.000 1.135
9810.000 1.218
9815.000 1.310
9820.000 1.435
9825.000 1.580
9830.000 1.734
9835.000 1.808
9840.000 1.849
9845.000 1.643
9850.000 1.487
9855.000 1.138
9860.000 0.829
9865.000 0.592
9870.000 0.427
9875.000 0.325
9880.000 0.279
9885.000 0.285
9890.000 0.326
9895.000 0.350
9900.000 0.314
9905.000 0.208
9910.000 0.189
9915.000 0.218
9920.000 0.193
9925.000 0.165
9930.000 0.159
9935.000 0.163
9940.000 0.176
9945.000 0.189
9950.000 0.196
9955.000 0.211
9960.000 0.221
9965.000 0.235
9970.000 0.239
9975.000 0.304
9980.000 0.305
9985.000 0.295
9990.000 0.301
9995.000 0.304
10000.000 0.304
10005.000 0.312
10010.000 0.314
10015.000 0.321
10020.000 0.329
10025.000 0.336
10030.000 0.334
10035.000 0.341
10040.000 0.342
10045.000 0.349
10050.000 0.395
10055.000 0.387
10060.000 0.379
10065.000 0.375
10070.000 0.376
10075.000 0.375
10080.000 0.377
10085.000 0.378
10090.000 0.382
10095.000 0.378
10100.000 0.380
10105.000 0.382
10110.000 0.382
10115.000 0.383
10120.000 0.387
10125.000 0.389
10130.000 0.391
10135.000 0.395
10140.000 0.397
10145.000 0.400
10150.000 0.403
10155.000 0.400
10160.000 0.398
10165.000 0.400
10170.000 0.405
10175.000 0.409
10180.000 0.415
10185.000 0.432
10190.000 0.458
10195.000 0.501
10200.000 0.532
10205.000 0.443
10210.000 0.626
10215.000 2.523
10220.000 1.460
10225.000 1.145
10230.000 0.774
10235.000 0.586
10240.000 0.542
10245.000 0.505
10250.000 0.482
10255.000 0.469
10260.000 0.454
10265.000 0.447
10270.000 0.447
10275.000 0.448
10280.000 0.447
10285.000 0.452
10290.000 0.452
10295.000 0.452
10300.000 0.456
10305.000 0.454
10310.000 0.456
10315.000 0.459
10320.000 0.457
10325.000 0.458
10330.000 0.458
10335.000 0.458
10340.000 0.459
10345.000 0.459
10350.000 0.459
10355.000 0.463
10360.000 0.461
10365.000 0.460
10370.000 0.466
10375.000 0.468
10380.000 0.468
10385.000 0.473
10390.000 0.470
10395.000 0.475
10400.000 0.472
10405.000 0.475
10410.000 0.479
10415.000 0.480
10420.000 0.476
10425.000 0.478
10430.000 0.482
10435.000 0.486
10440.000 0.485
10445.000 0.483
10450.000 0.485
10455.000 0.486
10460.000 0.485
10465.000 0.482
10470.000 0.488
10475.000 0.490
10480.000 0.488
10485.000 0.491
10490.000 0.489
10495.000 0.492
10500.000 0.498
10505.000 0.496
10510.000 0.500
10515.000 0.500
10520.000 0.502
10525.000 0.504
10530.000 0.508
10535.000 0.508
10540.000 0.512
10545.000 0.512
10550.000 0.513
10555.000 0.520
10560.000 0.521
10565.000 0.523
10570.000 0.524
10575.000 0.524
10580.000 0.524
10585.000 0.523
10590.000 0.527
10595.000 0.528
10600.000 0.531
10605.000 0.534
10610.000 0.536
10615.000 0.535
10620.000 0.540
10625.000 0.547
10630.000 0.550
10635.000 0.549
10640.000 0.556
10645.000 0.560
10650.000 0.561
10655.000 0.566
10660.000 0.568
10665.000 0.574
10670.000 0.581
10675.000 0.581
10680.000 0.588
10685.000 0.588
10690.000 0.591
10695.000 0.594
10700.000 0.601
10705.000 0.604
10710.000 0.609
10715.000 0.612
10720.000 0.622
10725.000 0.624
10730.000 0.636
10735.000 0.640
10740.000 0.654
10745.000 0.663
10750.000 0.668
10755.000 0.679
10760.000 0.685
10765.000 0.702
10770.000 0.714
10775.000 0.725
10780.000 0.734
10785.000 0.751
10790.000 0.773
10795.000 0.791
10800.000 0.809
10805.000 0.832
10810.000 0.859
10815.000 0.891
10820.000 0.901
10825.000 0.939
10830.000 0.983
10835.000 1.042
10840.000 1.096
10845.000 1.181
10850.000 1.292
10855.000 1.446
10860.000 1.686
10865.000 2.040
10870.000 2.534
10875.000 3.013
10880.000 2.942
10885.000 2.571
10890.000 1.496
10895.000 0.723
10900.000 0.444
10905.000 0.649
10910.000 0.475
10915.000 0.292
10920.000 0.071
10925.000 0.081
10930.000 0.109
10935.000 0.189
10940.000 0.239
10945.000 0.263
10950.000 0.330
10955.000 0.421
10960.000 0.526
10965.000 0.656
10970.000 0.792
10975.000 0.949
10980.000 1.113
10985.000 1.285
10990.000 1.472
10995.000 1.669
11000.000 1.871
11005.000 1.972
11010.000 2.162
11015.000 2.286
11020.000 2.288
11025.000 2.088
11030.000 1.761
11035.000 1.371
11040.000 1.035
11045.000 0.773
11050.000 0.582
11055.000 0.513
11060.000 0.408
11065.000 0.336
11070.000 0.291
11075.000 0.261
11080.000 0.239
11085.000 0.198
11090.000 0.130
11095.000 0.052
11100.000 0.070
11105.000 0.103
11110.000 0.113
11115.000 0.114
11120.000 0.107
11125.000 0.101
11130.000 0.099
11135.000 0.094
11140.000 0.092
11145.000 0.090
11150.000 0.090
11155.000 0.093
11160.000 0.094
11165.000 0.096
11170.000 0.098
11175.000 0.103
11180.000 0.105
11185.000 0.110
11190.000 0.110
11195.000 0.116
11200.000 0.119
11205.000 0.123
11210.000 0.126
11215.000 0.129
11220.000 0.132
11225.000 0.135
11230.000 0.140
11235.000 0.143
11240.000 0.145
11245.000 0.146
11250.000 0.151
11255.000 0.154
11260.000 0.155
11265.000 0.158
11270.000 0.162
11275.000 0.166
11280.000 0.167
11285.000 0.170
11290.000 0.173
11295.000 0.176
11300.000 0.179
11305.000 0.181
11310.000 0.185
11315.000 0.188
11320.000 0.188
11325.000 0.193
11330.000 0.194
11335.000 0.198
11340.000 0.201
11345.000 0.202
11350.000 0.204
11355.000 0.208
11360.000 0.210
11365.000 0.213
11370.000 0.215
11375.000 0.219
11380.000 0.217
11385.000 0.215
11390.000 0.218
11395.000 0.220
11400.000 0.220
11405.000 0.222
11410.000 0.221
11415.000 0.224
11420.000 0.222
11425.000 0.224
11430.000 0.224
11435.000 0.223
11440.000 0.223
11445.000 0.227
11450.000 0.224
11455.000 0.224
11460.000 0.224
11465.000 0.226
11470.000 0.226
11475.000 0.226
11480.000 0.227
11485.000 0.229
11490.000 0.230
11495.000 0.230
11500.000 0.229
11505.000 0.230
11510.000 0.230
11515.000 0.232
11520.000 0.230
11525.000 0.229
11530.000 0.228
11535.000 0.227
11540.000 0.227
11545.000 0.226
11550.000 0.228
11555.000 0.224
11560.000 0.226
11565.000 0.226
11570.000 0.225
11575.000 0.222
11580.000 0.222
11585.000 0.223
11590.000 0.218
11595.000 0.218
11600.000 0.217
11605.000 0.214
11610.000 0.215
11615.000 0.211
11620.000 0.210
11625.000 0.206
11630.000 0.205
11635.000 0.203
11640.000 0.197
11645.000 0.197
11650.000 0.194
11655.000 0.193
11660.000 0.191
11665.000 0.182
11670.000 0.180
11675.000 0.176
11680.000 0.172
11685.000 0.165
11690.000 0.160
11695.000 0.151
11700.000 0.147
11705.000 0.138
11710.000 0.132
11715.000 0.135
11720.000 0.145
11725.000 0.180
11730.000 0.262
11735.000 0.330
11740.000 0.608
11745.000 1.139
11750.000 2.076
11755.000 3.165
11760.000 2.958
11765.000 1.244
11770.000 1.451
11775.000 1.569
11780.000 0.997
11785.000 0.835
11790.000 0.699
11795.000 0.656
11800.000 0.578
11805.000 0.516
11810.000 0.474
11815.000 0.441
11820.000 0.415
11825.000 0.405
11830.000 0.396
11835.000 0.387
11840.000 0.380
11845.000 0.370
11850.000 0.366
11855.000 0.360
11860.000 0.357
11865.000 0.352
11870.000 0.348
11875.000 0.342
11880.000 0.338
11885.000 0.335
11890.000 0.333
11895.000 0.330
11900.000 0.324
11905.000 0.323
11910.000 0.318
11915.000 0.314
11920.000 0.314
11925.000 0.312
11930.000 0.308
11935.000 0.302
11940.000 0.302
11945.000 0.301
11950.000 0.298
11955.000 0.297
11960.000 0.291
11965.000 0.290
11970.000 0.293
11975.000 0.293
11980.000 0.293
11985.000 0.291
11990.000 0.284
11995.000 0.287
12000.000 0.285
