105.000 0.093
110.000 0.529
115.000 6.262
120.000 8.795
125.000 9.390
130.000 9.726
135.000 10.532
140.000 10.737
145.000 12.492
150.000 14.483
155.000 15.503
160.000 16.550
165.000 16.914
170.000 16.859
175.000 16.673
180.000 16.747
185.000 16.609
190.000 16.713
195.000 16.733
200.000 16.985
205.000 16.926
210.000 17.236
215.000 17.327
220.000 17.686
225.000 17.996
230.000 18.103
235.000 18.423
240.000 18.361
245.000 18.687
250.000 18.896
255.000 18.959
260.000 19.179
265.000 19.368
270.000 19.624
275.000 19.771
280.000 20.010
285.000 20.186
290.000 20.297
295.000 20.551
300.000 20.702
305.000 21.055
310.000 21.375
315.000 21.574
320.000 22.038
325.000 22.329
330.000 23.010
335.000 23.747
340.000 24.246
345.000 25.391
350.000 26.039
355.000 27.664
360.000 30.042
365.000 30.886
370.000 32.485
375.000 33.624
380.000 35.678
385.000 37.851
390.000 38.972
395.000 41.077
400.000 42.068
405.000 44.002
410.000 45.879
415.000 46.833
420.000 48.499
425.000 49.205
430.000 50.467
435.000 51.430
440.000 51.767
445.000 52.067
450.000 52.033
455.000 51.563
460.000 50.431
465.000 49.706
470.000 48.041
475.000 47.195
480.000 45.436
485.000 43.721
490.000 42.995
495.000 41.374
500.000 40.654
505.000 39.278
510.000 37.893
515.000 37.337
520.000 36.236
525.000 35.773
530.000 34.642
535.000 33.824
540.000 33.306
545.000 32.450
550.000 32.009
555.000 31.082
560.000 29.868
565.000 29.192
570.000 27.609
575.000 26.888
580.000 25.534
585.000 24.314
590.000 23.761
595.000 22.627
600.000 22.282
605.000 21.239
610.000 20.376
615.000 19.894
620.000 19.060
625.000 18.619
630.000 17.587
635.000 16.523
640.000 16.020
645.000 15.096
650.000 14.713
655.000 14.040
660.000 13.619
665.000 13.484
670.000 13.344
675.000 13.357
680.000 13.635
685.000 14.433
690.000 15.050
695.000 16.443
700.000 17.339
705.000 19.967
710.000 23.863
715.000 26.506
720.000 33.241
725.000 37.155
730.000 44.519
735.000 48.017
740.000 46.487
745.000 35.904
750.000 29.868
755.000 20.833
760.000 15.454
765.000 13.596
770.000 10.758
775.000 9.711
780.000 8.043
785.000 6.921
790.000 6.512
795.000 5.712
800.000 5.342
805.000 4.655
810.000 4.066
815.000 3.803
820.000 3.342
825.000 3.144
830.000 2.780
835.000 2.480
840.000 2.347
845.000 2.114
850.000 2.010
855.000 1.823
860.000 1.665
865.000 1.581
870.000 1.447
875.000 1.386
880.000 1.278
885.000 1.229
890.000 1.135
895.000 1.051
900.000 1.013
905.000 0.938
910.000 0.907
915.000 0.842
920.000 0.784
925.000 0.756
930.000 0.708
935.000 0.681
940.000 0.636
945.000 0.596
950.000 0.578
955.000 0.541
960.000 0.524
965.000 0.486
970.000 0.456
975.000 0.444
980.000 0.416
985.000 0.403
990.000 0.388
995.000 0.365
1000.000 0.342
1005.000 0.334
1010.000 0.325
1015.000 0.308
1020.000 0.287
1025.000 0.287
1030.000 0.273
1035.000 0.261
1040.000 0.254
1045.000 0.249
1050.000 0.241
1055.000 0.243
1060.000 0.238
1065.000 0.236
1070.000 0.236
1075.000 0.238
1080.000 0.238
1085.000 0.238
1090.000 0.244
1095.000 0.249
1100.000 0.254
1105.000 0.262
1110.000 0.268
1115.000 0.274
1120.000 0.286
1125.000 0.291
1130.000 0.308
1135.000 0.309
1140.000 0.322
1145.000 0.337
1150.000 0.349
1155.000 0.365
1160.000 0.374
1165.000 0.392
1170.000 0.410
1175.000 0.421
1180.000 0.442
1185.000 0.454
1190.000 0.476
1195.000 0.498
1200.000 0.510
1205.000 0.532
1210.000 0.547
1215.000 0.576
1220.000 0.607
1225.000 0.622
1230.000 0.659
1235.000 0.682
1240.000 0.727
1245.000 0.781
1250.000 0.803
1255.000 0.866
1260.000 0.901
1265.000 0.972
1270.000 1.050
1275.000 1.082
1280.000 1.146
1285.000 1.182
1290.000 1.251
1295.000 1.333
1300.000 1.374
1305.000 1.466
1310.000 1.518
1315.000 1.626
1320.000 1.756
1325.000 1.822
1330.000 1.981
1335.000 2.059
1340.000 2.238
1345.000 2.433
1350.000 2.582
1355.000 2.858
1360.000 3.030
1365.000 3.419
1370.000 3.908
1375.000 4.215
1380.000 4.962
1385.000 5.452
1390.000 6.662
1395.000 8.433
1400.000 9.663
1405.000 12.865
1410.000 14.903
1415.000 19.785
1420.000 25.246
1425.000 27.959
1430.000 32.738
1435.000 34.450
1440.000 35.337
1445.000 31.185
1450.000 27.650
1455.000 20.930
1460.000 17.866
1465.000 13.641
1470.000 12.040
1475.000 9.604
1480.000 7.929
1485.000 7.294
1490.000 6.248
1495.000 5.824
1500.000 5.128
1505.000 4.616
1510.000 4.424
1515.000 4.107
1520.000 3.965
1525.000 3.729
1530.000 3.515
1535.000 3.420
1540.000 3.237
1545.000 3.163
1550.000 3.011
1555.000 2.876
1560.000 2.810
1565.000 2.695
1570.000 2.647
1575.000 2.526
1580.000 2.380
1585.000 2.315
1590.000 2.185
1595.000 2.118
1600.000 2.003
1605.000 1.912
1610.000 1.886
1615.000 1.774
1620.000 1.723
1625.000 1.633
1630.000 1.561
1635.000 1.524
1640.000 1.479
1645.000 1.461
1650.000 1.449
1655.000 1.464
1660.000 1.484
1665.000 1.538
1670.000 1.581
1675.000 1.678
1680.000 1.803
1685.000 1.874
1690.000 2.016
1695.000 2.094
1700.000 2.233
1705.000 2.324
1710.000 2.363
1715.000 2.444
1720.000 2.480
1725.000 2.548
1730.000 2.610
1735.000 2.656
1740.000 2.709
1745.000 2.738
1750.000 2.785
1755.000 2.825
1760.000 2.849
1765.000 2.893
1770.000 2.916
1775.000 2.960
1780.000 2.987
1785.000 3.040
1790.000 3.086
1795.000 3.103
1800.000 3.146
1805.000 3.179
1810.000 3.203
1815.000 3.256
1820.000 3.288
1825.000 3.342
1830.000 3.363
1835.000 3.667
1840.000 3.660
1845.000 3.667
1850.000 3.697
1855.000 3.813
1860.000 3.825
1865.000 3.874
1870.000 3.898
1875.000 3.958
1880.000 3.986
1885.000 4.054
1890.000 4.135
1895.000 4.176
1900.000 4.263
1905.000 4.313
1910.000 4.404
1915.000 4.515
1920.000 4.579
1925.000 4.703
1930.000 4.776
1935.000 4.900
1940.000 5.039
1945.000 5.127
1950.000 5.274
1955.000 5.357
1960.000 5.546
1965.000 5.729
1970.000 5.823
1975.000 6.023
1980.000 6.139
1985.000 6.388
1990.000 6.668
1995.000 6.801
2000.000 7.108
2005.000 7.272
2010.000 7.654
2015.000 8.063
2020.000 8.276
2025.000 8.758
2030.000 9.049
2035.000 9.543
2040.000 10.068
2045.000 10.361
2050.000 11.029
2055.000 11.454
2060.000 12.228
2065.000 13.157
2070.000 13.718
2075.000 14.907
2080.000 15.571
2085.000 16.984
2090.000 18.479
2095.000 19.207
2100.000 20.444
2105.000 20.884
2110.000 21.240
2115.000 20.618
2120.000 19.978
2125.000 18.765
2130.000 18.098
2135.000 16.636
2140.000 15.130
2145.000 14.393
2150.000 12.959
2155.000 12.306
2160.000 11.125
2165.000 10.096
2170.000 9.627
2175.000 8.751
2180.000 8.340
2185.000 7.605
2190.000 6.968
2195.000 6.687
2200.000 6.165
2205.000 5.931
2210.000 5.493
2215.000 5.109
2220.000 4.925
2225.000 4.587
2230.000 4.432
2235.000 4.146
2240.000 3.888
2245.000 3.765
2250.000 3.535
2255.000 3.400
2260.000 3.113
2265.000 2.864
2270.000 2.751
2275.000 2.542
2280.000 2.457
2285.000 2.285
2290.000 2.135
2295.000 2.065
2300.000 1.940
2305.000 1.885
2310.000 1.774
2315.000 1.675
2320.000 1.635
2325.000 1.552
2330.000 1.517
2335.000 1.443
2340.000 1.376
2345.000 1.341
2350.000 1.278
2355.000 1.247
2360.000 1.191
2365.000 1.166
2370.000 1.114
2375.000 1.068
2380.000 1.048
2385.000 1.007
2390.000 0.985
2395.000 0.946
2400.000 0.914
2405.000 0.897
2410.000 0.866
2415.000 0.854
2420.000 0.823
2425.000 0.795
2430.000 0.784
2435.000 0.759
2440.000 0.748
2445.000 0.727
2450.000 0.705
2455.000 0.695
2460.000 0.676
2465.000 0.665
2470.000 0.647
2475.000 0.631
2480.000 0.624
2485.000 0.607
2490.000 0.600
2495.000 0.586
2500.000 0.572
2505.000 0.566
2510.000 0.551
2515.000 0.546
2520.000 0.535
2525.000 0.524
2530.000 0.520
2535.000 0.509
2540.000 0.503
2545.000 0.493
2550.000 0.487
2555.000 0.483
2560.000 0.472
2565.000 0.469
2570.000 0.461
2575.000 0.453
2580.000 0.449
2585.000 0.442
2590.000 0.439
2595.000 0.433
2600.000 0.427
2605.000 0.424
2610.000 0.418
2615.000 0.417
2620.000 0.412
2625.000 0.406
2630.000 0.405
2635.000 0.399
2640.000 0.397
2645.000 0.394
2650.000 0.392
2655.000 0.389
2660.000 0.388
2665.000 0.386
2670.000 0.381
2675.000 0.378
2680.000 0.378
2685.000 0.375
2690.000 0.374
2695.000 0.373
2700.000 0.372
2705.000 0.371
2710.000 0.370
2715.000 0.369
2720.000 0.369
2725.000 0.366
2730.000 0.366
2735.000 0.365
2740.000 0.365
2745.000 0.364
2750.000 0.362
2755.000 0.365
2760.000 0.365
2765.000 0.365
2770.000 0.366
2775.000 0.367
2780.000 0.368
2785.000 0.366
2790.000 0.366
2795.000 0.367
2800.000 0.371
2805.000 0.370
2810.000 0.373
2815.000 0.373
2820.000 0.373
2825.000 0.375
2830.000 0.373
2835.000 0.376
2840.000 0.377
2845.000 0.376
2850.000 0.378
2855.000 0.378
2860.000 0.379
2865.000 0.381
2870.000 0.382
2875.000 0.384
2880.000 0.385
2885.000 0.386
2890.000 0.386
2895.000 0.390
2900.000 0.390
2905.000 0.395
2910.000 0.396
2915.000 0.398
2920.000 0.399
2925.000 0.403
2930.000 0.402
2935.000 0.402
2940.000 0.408
2945.000 0.408
2950.000 0.413
2955.000 0.422
2960.000 0.419
2965.000 0.425
2970.000 0.421
2975.000 0.428
2980.000 0.436
2985.000 0.430
2990.000 0.435
2995.000 0.436
3000.000 0.450
3005.000 0.444
3010.000 0.453
3015.000 0.453
3020.000 0.468
3025.000 0.472
3030.000 0.478
3035.000 0.477
3040.000 0.481
3045.000 0.488
3050.000 0.490
3055.000 0.505
3060.000 0.516
3065.000 0.514
3070.000 0.527
3075.000 0.533
3080.000 0.538
3085.000 0.550
3090.000 0.555
3095.000 0.568
3100.000 0.575
3105.000 0.584
3110.000 0.599
3115.000 0.606
3120.000 0.622
3125.000 0.629
3130.000 0.643
3135.000 0.660
3140.000 0.669
3145.000 0.687
3150.000 0.695
3155.000 0.719
3160.000 0.744
3165.000 0.766
3170.000 0.786
3175.000 0.795
3180.000 0.822
3185.000 0.851
3190.000 0.871
3195.000 0.903
3200.000 0.923
3205.000 0.960
3210.000 1.008
3215.000 1.032
3220.000 1.084
3225.000 1.138
3230.000 1.234
3235.000 1.292
3240.000 1.327
3245.000 1.412
3250.000 1.454
3255.000 1.558
3260.000 1.686
3265.000 1.761
3270.000 1.926
3275.000 2.003
3280.000 2.143
3285.000 2.308
3290.000 2.404
3295.000 2.626
3300.000 2.752
3305.000 3.065
3310.000 3.459
3315.000 3.697
3320.000 4.306
3325.000 4.687
3330.000 5.629
3335.000 6.938
3340.000 7.776
3345.000 9.919
3350.000 11.269
3355.000 14.601
3360.000 18.670
3365.000 20.878
3370.000 25.110
3375.000 26.779
3380.000 28.170
3385.000 25.740
3390.000 23.046
3395.000 17.352
3400.000 14.975
3405.000 11.274
3410.000 8.732
3415.000 7.803
3420.000 6.401
3425.000 5.872
3430.000 5.039
3435.000 4.424
3440.000 4.200
3445.000 3.911
3450.000 3.795
3455.000 3.592
3460.000 3.414
3465.000 3.333
3470.000 3.188
3475.000 3.122
3480.000 3.004
3485.000 2.894
3490.000 2.851
3495.000 2.765
3500.000 2.726
3505.000 2.653
3510.000 2.573
3515.000 2.537
3520.000 2.462
3525.000 2.449
3530.000 2.443
3535.000 2.399
3540.000 2.359
3545.000 2.308
3550.000 2.289
3555.000 2.260
3560.000 2.321
3565.000 2.360
3570.000 2.308
3575.000 2.283
3580.000 2.251
3585.000 2.241
3590.000 2.320
3595.000 2.284
3600.000 2.272
3605.000 2.286
3610.000 2.339
3615.000 2.408
3620.000 2.390
3625.000 2.388
3630.000 2.405
3635.000 2.427
3640.000 2.579
3645.000 2.601
3650.000 2.615
3655.000 2.678
3660.000 2.730
3665.000 2.769
3670.000 2.830
3675.000 2.871
3680.000 2.969
3685.000 3.026
3690.000 3.145
3695.000 3.237
3700.000 3.293
3705.000 3.423
3710.000 3.499
3715.000 3.672
3720.000 3.885
3725.000 4.003
3730.000 4.293
3735.000 4.462
3740.000 4.881
3745.000 5.437
3750.000 5.782
3755.000 6.660
3760.000 7.220
3765.000 8.843
3770.000 11.023
3775.000 12.310
3780.000 15.398
3785.000 17.127
3790.000 20.370
3795.000 22.113
3800.000 21.877
3805.000 18.775
3810.000 16.637
3815.000 12.601
3820.000 9.588
3825.000 8.463
3830.000 6.750
3835.000 6.099
3840.000 5.042
3845.000 4.414
3850.000 4.172
3855.000 3.851
3860.000 3.735
3865.000 3.419
3870.000 3.135
3875.000 3.021
3880.000 2.793
3885.000 2.688
3890.000 2.504
3895.000 2.323
3900.000 2.235
3905.000 2.078
3910.000 1.999
3915.000 1.835
3920.000 1.688
3925.000 1.625
3930.000 1.507
3935.000 1.461
3940.000 1.365
3945.000 1.291
3950.000 1.255
3955.000 1.187
3960.000 1.162
3965.000 1.110
3970.000 1.065
3975.000 1.044
3980.000 1.007
3985.000 0.989
3990.000 0.946
3995.000 0.914
4000.000 0.910
4005.000 0.877
4010.000 0.864
4015.000 0.842
4020.000 0.851
4025.000 0.828
4030.000 0.810
4035.000 0.808
4040.000 0.790
4045.000 0.790
4050.000 0.801
4055.000 0.776
4060.000 0.775
4065.000 0.756
4070.000 0.744
4075.000 0.738
4080.000 0.736
4085.000 0.727
4090.000 0.720
4095.000 0.709
4100.000 0.705
4105.000 0.698
4110.000 0.695
4115.000 0.691
4120.000 0.702
4125.000 0.713
4130.000 0.707
4135.000 0.705
4140.000 0.701
4145.000 0.698
4150.000 0.698
4155.000 0.697
4160.000 0.701
4165.000 0.704
4170.000 0.708
4175.000 0.728
4180.000 0.744
4185.000 0.741
4190.000 0.746
4195.000 0.756
4200.000 0.758
4205.000 0.769
4210.000 0.773
4215.000 0.781
4220.000 0.788
4225.000 0.800
4230.000 0.811
4235.000 0.818
4240.000 0.830
4245.000 0.837
4250.000 0.852
4255.000 0.873
4260.000 0.883
4265.000 0.909
4270.000 0.923
4275.000 0.963
4280.000 1.007
4285.000 1.042
4290.000 1.110
4295.000 1.145
4300.000 1.207
4305.000 1.277
4310.000 1.316
4315.000 1.404
4320.000 1.449
4325.000 1.582
4330.000 1.759
4335.000 1.815
4340.000 1.990
4345.000 2.102
4350.000 2.395
4355.000 2.744
4360.000 2.960
4365.000 3.513
4370.000 3.883
4375.000 4.837
4380.000 6.351
4385.000 7.281
4390.000 9.612
4395.000 10.905
4400.000 13.209
4405.000 14.157
4410.000 13.764
4415.000 11.307
4420.000 9.907
4425.000 7.371
4430.000 5.432
4435.000 4.772
4440.000 3.803
4445.000 3.441
4450.000 2.880
4455.000 2.476
4460.000 2.347
4465.000 2.139
4470.000 2.053
4475.000 1.895
4480.000 1.751
4485.000 1.689
4490.000 1.579
4495.000 1.530
4500.000 1.442
4505.000 1.370
4510.000 1.347
4515.000 1.287
4520.000 1.256
4525.000 1.205
4530.000 1.161
4535.000 1.141
4540.000 1.104
4545.000 1.087
4550.000 1.056
4555.000 1.031
4560.000 1.018
4565.000 0.996
4570.000 0.980
4575.000 0.956
4580.000 0.940
4585.000 0.926
4590.000 0.907
4595.000 0.901
4600.000 0.885
4605.000 0.868
4610.000 0.862
4615.000 0.850
4620.000 0.843
4625.000 0.831
4630.000 0.824
4635.000 0.819
4640.000 0.837
4645.000 0.832
4650.000 0.809
4655.000 0.797
4660.000 0.791
4665.000 0.779
4670.000 0.772
4675.000 0.756
4680.000 0.736
4685.000 0.728
4690.000 0.713
4695.000 0.705
4700.000 0.690
4705.000 0.676
4710.000 0.682
4715.000 0.671
4720.000 0.665
4725.000 0.653
4730.000 0.647
4735.000 0.646
4740.000 0.656
4745.000 0.652
4750.000 0.648
4755.000 0.647
4760.000 0.658
4765.000 0.663
4770.000 0.670
4775.000 0.683
4780.000 0.697
4785.000 0.715
4790.000 0.736
4795.000 0.749
4800.000 0.782
4805.000 0.793
4810.000 0.818
4815.000 0.860
4820.000 0.884
4825.000 0.912
4830.000 0.926
4835.000 0.964
4840.000 0.997
4845.000 1.021
4850.000 1.108
4855.000 1.137
4860.000 1.188
4865.000 1.268
4870.000 1.305
4875.000 1.395
4880.000 1.447
4885.000 1.575
4890.000 1.737
4895.000 1.832
4900.000 2.055
4905.000 2.186
4910.000 2.532
4915.000 2.979
4920.000 3.264
4925.000 4.016
4930.000 4.516
4935.000 5.939
4940.000 7.662
4945.000 8.656
4950.000 10.685
4955.000 11.412
4960.000 11.840
4965.000 10.360
4970.000 9.136
4975.000 6.819
4980.000 5.848
4985.000 4.382
4990.000 3.418
4995.000 3.068
5000.000 2.504
5005.000 2.311
5010.000 1.971
5015.000 1.771
5020.000 1.697
5025.000 1.522
5030.000 1.435
5035.000 1.312
5040.000 1.245
5045.000 1.138
5050.000 1.051
5055.000 1.010
5060.000 0.923
5065.000 0.873
5070.000 0.793
5075.000 0.725
5080.000 0.694
5085.000 0.638
5090.000 0.613
5095.000 0.571
5100.000 0.533
5105.000 0.516
5110.000 0.486
5115.000 0.473
5120.000 0.451
5125.000 0.430
5130.000 0.421
5135.000 0.405
5140.000 0.398
5145.000 0.384
5150.000 0.372
5155.000 0.367
5160.000 0.357
5165.000 0.351
5170.000 0.344
5175.000 0.337
5180.000 0.331
5185.000 0.329
5190.000 0.324
5195.000 0.319
5200.000 0.315
5205.000 0.313
5210.000 0.309
5215.000 0.308
5220.000 0.305
5225.000 0.301
5230.000 0.301
5235.000 0.298
5240.000 0.297
5245.000 0.296
5250.000 0.294
5255.000 0.292
5260.000 0.293
5265.000 0.294
5270.000 0.291
5275.000 0.291
5280.000 0.291
5285.000 0.289
5290.000 0.289
5295.000 0.288
5300.000 0.289
5305.000 0.289
5310.000 0.290
5315.000 0.290
5320.000 0.288
5325.000 0.288
5330.000 0.291
5335.000 0.291
5340.000 0.293
5345.000 0.291
5350.000 0.292
5355.000 0.292
5360.000 0.291
5365.000 0.289
5370.000 0.290
5375.000 0.291
5380.000 0.291
5385.000 0.292
5390.000 0.291
5395.000 0.292
5400.000 0.291
5405.000 0.294
5410.000 0.292
5415.000 0.293
5420.000 0.294
5425.000 0.294
5430.000 0.294
5435.000 0.299
5440.000 0.298
5445.000 0.299
5450.000 0.297
5455.000 0.297
5460.000 0.296
5465.000 0.298
5470.000 0.296
5475.000 0.295
5480.000 0.297
5485.000 0.296
5490.000 0.295
5495.000 0.298
5500.000 0.297
5505.000 0.298
5510.000 0.302
5515.000 0.303
5520.000 0.305
5525.000 0.304
5530.000 0.311
5535.000 0.311
5540.000 0.309
5545.000 0.305
5550.000 0.305
5555.000 0.303
5560.000 0.305
5565.000 0.307
5570.000 0.308
5575.000 0.311
5580.000 0.312
5585.000 0.312
5590.000 0.312
5595.000 0.312
5600.000 0.312
5605.000 0.314
5610.000 0.314
5615.000 0.319
5620.000 0.319
5625.000 0.320
5630.000 0.321
5635.000 0.320
5640.000 0.321
5645.000 0.319
5650.000 0.321
5655.000 0.321
5660.000 0.322
5665.000 0.321
5670.000 0.322
5675.000 0.324
5680.000 0.324
5685.000 0.325
5690.000 0.327
5695.000 0.326
5700.000 0.328
5705.000 0.330
5710.000 0.332
5715.000 0.332
5720.000 0.333
5725.000 0.335
5730.000 0.336
5735.000 0.338
5740.000 0.338
5745.000 0.340
5750.000 0.341
5755.000 0.341
5760.000 0.344
5765.000 0.345
5770.000 0.348
5775.000 0.347
5780.000 0.348
5785.000 0.351
5790.000 0.353
5795.000 0.352
5800.000 0.354
5805.000 0.355
5810.000 0.359
5815.000 0.359
5820.000 0.360
5825.000 0.362
5830.000 0.362
5835.000 0.363
5840.000 0.365
5845.000 0.367
5850.000 0.367
5855.000 0.368
5860.000 0.374
5865.000 0.373
5870.000 0.376
5875.000 0.376
5880.000 0.377
5885.000 0.378
5890.000 0.380
5895.000 0.384
5900.000 0.383
5905.000 0.385
5910.000 0.387
5915.000 0.385
5920.000 0.386
5925.000 0.388
5930.000 0.392
5935.000 0.392
5940.000 0.395
5945.000 0.393
5950.000 0.396
5955.000 0.398
5960.000 0.406
5965.000 0.397
5970.000 0.397
5975.000 0.397
5980.000 0.400
5985.000 0.396
5990.000 0.408
5995.000 0.402
6000.000 0.397
6005.000 0.401
6010.000 0.399
6015.000 0.400
6020.000 0.412
6025.000 0.397
6030.000 0.400
6035.000 0.411
6040.000 0.405
6045.000 0.408
6050.000 0.412
6055.000 0.406
6060.000 0.404
6065.000 0.417
6070.000 0.412
6075.000 0.413
6080.000 0.415
6085.000 0.416
6090.000 0.415
6095.000 0.419
6100.000 0.420
6105.000 0.419
6110.000 0.421
6115.000 0.416
6120.000 0.420
6125.000 0.421
6130.000 0.422
6135.000 0.425
6140.000 0.426
6145.000 0.428
6150.000 0.431
6155.000 0.430
6160.000 0.429
6165.000 0.429
6170.000 0.431
6175.000 0.430
6180.000 0.435
6185.000 0.432
6190.000 0.434
6195.000 0.438
6200.000 0.440
6205.000 0.437
6210.000 0.440
6215.000 0.442
6220.000 0.447
6225.000 0.452
6230.000 0.458
6235.000 0.452
6240.000 0.474
6245.000 0.511
6250.000 0.505
6255.000 0.501
6260.000 0.495
6265.000 0.485
6270.000 0.481
6275.000 0.478
6280.000 0.475
6285.000 0.470
6290.000 0.469
6295.000 0.503
6300.000 0.505
6305.000 0.514
6310.000 0.508
6315.000 0.497
6320.000 0.503
6325.000 0.498
6330.000 0.494
6335.000 0.494
6340.000 0.490
6345.000 0.490
6350.000 0.494
6355.000 0.496
6360.000 0.497
6365.000 0.496
6370.000 0.502
6375.000 0.504
6380.000 0.507
6385.000 0.511
6390.000 0.514
6395.000 0.520
6400.000 0.523
6405.000 0.525
6410.000 0.527
6415.000 0.535
6420.000 0.544
6425.000 0.544
6430.000 0.555
6435.000 0.557
6440.000 0.564
6445.000 0.576
6450.000 0.579
6455.000 0.590
6460.000 0.593
6465.000 0.609
6470.000 0.613
6475.000 0.622
6480.000 0.634
6485.000 0.642
6490.000 0.658
6495.000 0.676
6500.000 0.682
6505.000 0.703
6510.000 0.711
6515.000 0.734
6520.000 0.754
6525.000 0.765
6530.000 0.787
6535.000 0.799
6540.000 0.826
6545.000 0.852
6550.000 0.863
6555.000 0.898
6560.000 0.915
6565.000 0.953
6570.000 0.993
6575.000 1.014
6580.000 1.064
6585.000 1.085
6590.000 1.146
6595.000 1.203
6600.000 1.241
6605.000 1.313
6610.000 1.354
6615.000 1.443
6620.000 1.550
6625.000 1.614
6630.000 1.763
6635.000 1.849
6640.000 2.030
6645.000 2.270
6650.000 2.417
6655.000 2.768
6660.000 2.991
6665.000 3.562
6670.000 4.436
6675.000 4.936
6680.000 6.286
6685.000 7.175
6690.000 9.256
6695.000 11.924
6700.000 13.408
6705.000 16.339
6710.000 17.617
6715.000 19.031
6720.000 17.997
6725.000 16.388
6730.000 12.585
6735.000 10.940
6740.000 8.316
6745.000 6.490
6750.000 5.813
6755.000 4.791
6760.000 4.403
6765.000 3.805
6770.000 3.389
6775.000 3.227
6780.000 3.009
6785.000 2.930
6790.000 2.801
6795.000 2.690
6800.000 2.642
6805.000 2.557
6810.000 2.511
6815.000 2.448
6820.000 2.422
6825.000 2.368
6830.000 2.330
6835.000 2.313
6840.000 2.290
6845.000 2.285
6850.000 2.277
6855.000 2.276
6860.000 2.276
6865.000 2.283
6870.000 2.296
6875.000 2.315
6880.000 2.343
6885.000 2.360
6890.000 2.400
6895.000 2.419
6900.000 2.478
6905.000 2.543
6910.000 2.579
6915.000 2.664
6920.000 2.712
6925.000 2.817
6930.000 2.943
6935.000 3.015
6940.000 3.171
6945.000 3.262
6950.000 3.462
6955.000 3.697
6960.000 3.840
6965.000 4.182
6970.000 4.396
6975.000 4.920
6980.000 5.624
6985.000 6.073
6990.000 7.177
6995.000 7.912
7000.000 9.710
7005.000 12.008
7010.000 13.343
7015.000 16.047
7020.000 17.251
7025.000 18.630
7030.000 17.684
7035.000 16.245
7040.000 12.991
7045.000 11.442
7050.000 8.958
7055.000 7.205
7060.000 6.530
7065.000 5.479
7070.000 5.081
7075.000 4.497
7080.000 4.095
7085.000 3.911
7090.000 3.625
7095.000 3.489
7100.000 3.259
7105.000 3.049
7110.000 2.961
7115.000 2.799
7120.000 2.727
7125.000 2.589
7130.000 2.467
7135.000 2.415
7140.000 2.324
7145.000 2.278
7150.000 2.191
7155.000 2.119
7160.000 2.084
7165.000 2.019
7170.000 1.981
7175.000 1.906
7180.000 1.834
7185.000 1.801
7190.000 1.742
7195.000 1.719
7200.000 1.667
7205.000 1.625
7210.000 1.604
7215.000 1.574
7220.000 1.558
7225.000 1.530
7230.000 1.505
7235.000 1.509
7240.000 1.492
7245.000 1.480
7250.000 1.468
7255.000 1.457
7260.000 1.455
7265.000 1.452
7270.000 1.445
7275.000 1.444
7280.000 1.440
7285.000 1.455
7290.000 1.463
7295.000 1.465
7300.000 1.465
7305.000 1.473
7310.000 1.481
7315.000 1.494
7320.000 1.502
7325.000 1.519
7330.000 1.547
7335.000 1.567
7340.000 1.604
7345.000 1.618
7350.000 1.669
7355.000 1.725
7360.000 1.773
7365.000 1.843
7370.000 1.867
7375.000 1.922
7380.000 1.945
7385.000 1.947
7390.000 1.982
7395.000 2.015
7400.000 2.078
7405.000 2.111
7410.000 2.178
7415.000 2.274
7420.000 2.319
7425.000 2.418
7430.000 2.465
7435.000 2.594
7440.000 2.744
7445.000 2.841
7450.000 3.028
7455.000 3.140
7460.000 3.394
7465.000 3.733
7470.000 3.943
7475.000 4.463
7480.000 4.788
7485.000 5.655
7490.000 6.739
7495.000 7.383
7500.000 8.820
7505.000 9.526
7510.000 10.719
7515.000 10.914
7520.000 10.423
7525.000 8.758
7530.000 7.845
7535.000 6.209
7540.000 4.964
7545.000 4.478
7550.000 3.736
7555.000 3.461
7560.000 3.041
7565.000 2.729
7570.000 2.592
7575.000 2.331
7580.000 2.220
7585.000 2.017
7590.000 1.849
7595.000 1.770
7600.000 1.641
7605.000 1.585
7610.000 1.474
7615.000 1.364
7620.000 1.311
7625.000 1.202
7630.000 1.153
7635.000 1.067
7640.000 0.995
7645.000 0.963
7650.000 0.901
7655.000 0.874
7660.000 0.822
7665.000 0.781
7670.000 0.757
7675.000 0.720
7680.000 0.703
7685.000 0.671
7690.000 0.639
7695.000 0.631
7700.000 0.603
7705.000 0.593
7710.000 0.573
7715.000 0.555
7720.000 0.545
7725.000 0.533
7730.000 0.527
7735.000 0.514
7740.000 0.501
7745.000 0.496
7750.000 0.487
7755.000 0.481
7760.000 0.477
7765.000 0.468
7770.000 0.466
7775.000 0.461
7780.000 0.460
7785.000 0.455
7790.000 0.454
7795.000 0.451
7800.000 0.452
7805.000 0.450
7810.000 0.450
7815.000 0.452
7820.000 0.457
7825.000 0.462
7830.000 0.465
7835.000 0.471
7840.000 0.481
7845.000 0.486
7850.000 0.498
7855.000 0.504
7860.000 0.519
7865.000 0.538
7870.000 0.548
7875.000 0.570
7880.000 0.585
7885.000 0.616
7890.000 0.654
7895.000 0.676
7900.000 0.737
7905.000 0.773
7910.000 0.858
7915.000 0.972
7920.000 1.043
7925.000 1.232
7930.000 1.359
7935.000 1.650
7940.000 1.993
7945.000 2.207
7950.000 2.717
7955.000 3.025
7960.000 3.596
7965.000 3.765
7970.000 3.602
7975.000 3.022
7980.000 2.717
7985.000 2.165
7990.000 1.763
7995.000 1.597
8000.000 1.351
8005.000 1.261
8010.000 1.128
8015.000 1.066
8020.000 0.960
8025.000 0.872
8030.000 0.842
8035.000 0.770
8040.000 0.745
8045.000 0.697
8050.000 0.660
8055.000 0.640
8060.000 0.611
8065.000 0.604
8070.000 0.579
8075.000 0.555
8080.000 0.546
8085.000 0.530
8090.000 0.522
8095.000 0.505
8100.000 0.490
8105.000 0.481
8110.000 0.468
8115.000 0.457
8120.000 0.443
8125.000 0.429
8130.000 0.421
8135.000 0.412
8140.000 0.411
8145.000 0.430
8150.000 0.442
8155.000 0.445
8160.000 0.445
8165.000 0.443
8170.000 0.439
8175.000 0.436
8180.000 0.432
8185.000 0.430
8190.000 0.428
8195.000 0.425
8200.000 0.420
8205.000 0.422
8210.000 0.418
8215.000 0.418
8220.000 0.417
8225.000 0.417
8230.000 0.414
8235.000 0.410
8240.000 0.407
8245.000 0.407
8250.000 0.401
8255.000 0.403
8260.000 0.404
8265.000 0.402
8270.000 0.399
8275.000 0.398
8280.000 0.396
8285.000 0.395
8290.000 0.396
8295.000 0.394
8300.000 0.391
8305.000 0.394
8310.000 0.392
8315.000 0.392
8320.000 0.391
8325.000 0.388
8330.000 0.390
8335.000 0.389
8340.000 0.387
8345.000 0.387
8350.000 0.386
8355.000 0.389
8360.000 0.394
8365.000 0.394
8370.000 0.398
8375.000 0.397
8380.000 0.390
8385.000 0.386
8390.000 0.387
8395.000 0.395
8400.000 0.395
8405.000 0.390
8410.000 0.386
8415.000 0.386
8420.000 0.384
8425.000 0.383
8430.000 0.383
8435.000 0.380
8440.000 0.387
8445.000 0.387
8450.000 0.386
8455.000 0.382
8460.000 0.380
8465.000 0.380
8470.000 0.382
8475.000 0.378
8480.000 0.380
8485.000 0.375
8490.000 0.379
8495.000 0.377
8500.000 0.378
8505.000 0.379
8510.000 0.377
8515.000 0.378
8520.000 0.379
8525.000 0.377
8530.000 0.379
8535.000 0.377
8540.000 0.376
8545.000 0.377
8550.000 0.376
8555.000 0.397
8560.000 0.390
8565.000 0.389
8570.000 0.388
8575.000 0.385
8580.000 0.382
8585.000 0.381
8590.000 0.382
8595.000 0.386
8600.000 0.384
8605.000 0.383
8610.000 0.380
8615.000 0.381
8620.000 0.386
8625.000 0.384
8630.000 0.382
8635.000 0.382
8640.000 0.382
8645.000 0.382
8650.000 0.384
8655.000 0.383
8660.000 0.384
8665.000 0.382
8670.000 0.384
8675.000 0.385
8680.000 0.383
8685.000 0.383
8690.000 0.385
8695.000 0.384
8700.000 0.386
8705.000 0.385
8710.000 0.384
8715.000 0.386
8720.000 0.384
8725.000 0.387
8730.000 0.387
8735.000 0.390
8740.000 0.390
8745.000 0.387
8750.000 0.386
8755.000 0.389
8760.000 0.397
8765.000 0.404
8770.000 0.403
8775.000 0.402
8780.000 0.400
8785.000 0.396
8790.000 0.395
8795.000 0.393
8800.000 0.393
8805.000 0.394
8810.000 0.394
8815.000 0.392
8820.000 0.392
8825.000 0.413
8830.000 0.406
8835.000 0.384
8840.000 0.389
8845.000 0.418
8850.000 0.411
8855.000 0.413
8860.000 0.416
8865.000 0.415
8870.000 0.418
8875.000 0.422
8880.000 0.422
8885.000 0.417
8890.000 0.413
8895.000 0.411
8900.000 0.409
8905.000 0.406
8910.000 0.407
8915.000 0.404
8920.000 0.404
8925.000 0.405
8930.000 0.406
8935.000 0.412
8940.000 0.422
8945.000 0.423
8950.000 0.423
8955.000 0.417
8960.000 0.422
8965.000 0.423
8970.000 0.420
8975.000 0.419
8980.000 0.419
8985.000 0.421
8990.000 0.423
8995.000 0.430
9000.000 0.435
9005.000 0.426
9010.000 0.430
9015.000 0.426
9020.000 0.430
9025.000 0.436
9030.000 0.431
9035.000 0.426
9040.000 0.421
9045.000 0.421
9050.000 0.415
9055.000 0.420
9060.000 0.415
9065.000 0.417
9070.000 0.416
9075.000 0.414
9080.000 0.418
9085.000 0.419
9090.000 0.421
9095.000 0.420
9100.000 0.422
9105.000 0.420
9110.000 0.423
9115.000 0.424
9120.000 0.426
9125.000 0.425
9130.000 0.427
9135.000 0.427
9140.000 0.428
9145.000 0.428
9150.000 0.428
9155.000 0.430
9160.000 0.429
9165.000 0.425
9170.000 0.427
9175.000 0.427
9180.000 0.431
9185.000 0.433
9190.000 0.430
9195.000 0.427
9205.000 0.444
9210.000 0.439
9215.000 0.436
9220.000 0.438
9225.000 0.438
9230.000 0.438
9235.000 0.440
9240.000 0.440
9245.000 0.436
9250.000 0.437
9255.000 0.437
9260.000 0.435
9265.000 0.436
9270.000 0.436
9275.000 0.436
9280.000 0.440
9285.000 0.439
9290.000 0.440
9295.000 0.437
9300.000 0.439
9305.000 0.442
9310.000 0.438
9315.000 0.444
9320.000 0.439
9325.000 0.442
9330.000 0.441
9335.000 0.441
9340.000 0.440
9345.000 0.438
9350.000 0.443
9355.000 0.438
9360.000 0.443
9365.000 0.444
9370.000 0.443
9375.000 0.444
9380.000 0.446
9385.000 0.444
9390.000 0.443
9395.000 0.443
9400.000 0.445
9405.000 0.442
9410.000 0.444
9415.000 0.444
9420.000 0.444
9425.000 0.446
9430.000 0.447
9435.000 0.450
9440.000 0.451
9445.000 0.452
9450.000 0.453
9455.000 0.453
9460.000 0.451
9465.000 0.449
9470.000 0.449
9475.000 0.454
9480.000 0.457
9485.000 0.453
9490.000 0.454
9495.000 0.452
9500.000 0.455
9505.000 0.455
9510.000 0.453
9515.000 0.457
9520.000 0.458
9525.000 0.458
9530.000 0.460
9535.000 0.464
9540.000 0.460
9545.000 0.463
9550.000 0.459
9555.000 0.459
9560.000 0.462
9565.000 0.463
9570.000 0.460
9575.000 0.465
9580.000 0.465
9585.000 0.465
9590.000 0.465
9595.000 0.468
9600.000 0.474
9605.000 0.471
9610.000 0.474
9615.000 0.476
9620.000 0.476
9625.000 0.475
9630.000 0.476
9635.000 0.474
9640.000 0.471
9645.000 0.476
9650.000 0.478
9655.000 0.479
9660.000 0.484
9665.000 0.486
9670.000 0.485
9675.000 0.485
9680.000 0.490
9685.000 0.491
9690.000 0.493
9695.000 0.493
9700.000 0.497
9705.000 0.495
9710.000 0.504
9715.000 0.507
9720.000 0.513
9725.000 0.513
9730.000 0.514
9735.000 0.518
9740.000 0.517
9745.000 0.520
9750.000 0.525
9755.000 0.528
9760.000 0.532
9765.000 0.540
9770.000 0.543
9775.000 0.545
9780.000 0.546
9785.000 0.551
9790.000 0.551
9795.000 0.560
9800.000 0.569
9805.000 0.572
9810.000 0.589
9815.000 0.593
9820.000 0.605
9825.000 0.603
9830.000 0.602
9835.000 0.616
9840.000 0.621
9845.000 0.629
9850.000 0.640
9855.000 0.649
9860.000 0.661
9865.000 0.668
9870.000 0.682
9875.000 0.703
9880.000 0.715
9885.000 0.738
9890.000 0.750
9895.000 0.774
9900.000 0.808
9905.000 0.822
9910.000 0.848
9915.000 0.866
9920.000 0.899
9925.000 0.950
9930.000 0.972
9935.000 1.028
9940.000 1.066
9945.000 1.142
9950.000 1.229
9955.000 1.285
9960.000 1.410
9965.000 1.496
9970.000 1.706
9975.000 2.006
9980.000 2.193
9985.000 2.673
9990.000 2.968
9995.000 3.644
10000.000 4.268
10005.000 4.474
10010.000 4.399
10015.000 4.120
10020.000 3.355
10025.000 2.625
10030.000 2.280
10035.000 1.822
10040.000 1.638
10045.000 1.360
10050.000 1.265
10055.000 1.104
10060.000 0.987
10065.000 0.942
10070.000 0.857
10075.000 0.822
10080.000 0.762
10085.000 0.718
10090.000 0.693
10095.000 0.655
10100.000 0.637
10105.000 0.612
10110.000 0.595
10115.000 0.587
10120.000 0.576
10125.000 0.574
10130.000 0.564
10135.000 0.563
10140.000 0.562
10145.000 0.566
10150.000 0.571
10155.000 0.575
10160.000 0.593
10165.000 0.602
10170.000 0.618
10175.000 0.628
10180.000 0.655
10185.000 0.693
10190.000 0.718
10195.000 0.759
10200.000 0.782
10205.000 0.832
10210.000 0.892
10215.000 0.925
10220.000 1.006
10225.000 1.050
10230.000 1.152
10235.000 1.293
10240.000 1.372
10245.000 1.575
10250.000 1.692
10255.000 2.006
10260.000 2.415
10265.000 2.766
10270.000 3.430
10275.000 3.825
10280.000 4.744
10285.000 5.747
10290.000 6.105
10295.000 6.978
10300.000 7.247
10305.000 7.351
10310.000 6.760
10315.000 6.271
10320.000 5.246
10325.000 4.714
10330.000 3.877
10335.000 3.245
10340.000 2.988
10345.000 2.581
10350.000 2.417
10355.000 2.150
10360.000 1.968
10365.000 1.904
10370.000 1.793
10375.000 1.745
10380.000 1.697
10385.000 1.630
10390.000 1.596
10395.000 1.525
10400.000 1.500
10405.000 1.454
10410.000 1.403
10415.000 1.383
10420.000 1.348
10425.000 1.330
10430.000 1.305
10435.000 1.271
10440.000 1.265
10445.000 1.240
10450.000 1.232
10455.000 1.210
10460.000 1.197
10465.000 1.190
10470.000 1.183
10475.000 1.176
10480.000 1.164
10485.000 1.158
10490.000 1.159
10495.000 1.150
10500.000 1.146
10505.000 1.148
10510.000 1.147
10515.000 1.148
10520.000 1.147
10525.000 1.147
10530.000 1.154
10535.000 1.161
10540.000 1.159
10545.000 1.172
10550.000 1.171
10555.000 1.176
10560.000 1.182
10565.000 1.194
10570.000 1.203
10575.000 1.209
10580.000 1.226
10585.000 1.244
10590.000 1.255
10595.000 1.268
10600.000 1.280
10605.000 1.311
10610.000 1.335
10615.000 1.346
10620.000 1.375
10625.000 1.391
10630.000 1.427
10635.000 1.450
10640.000 1.506
10645.000 1.564
10650.000 1.605
10655.000 1.671
10660.000 1.716
10665.000 1.804
10670.000 1.913
10675.000 1.967
10680.000 2.081
10685.000 2.149
10690.000 3.037
10695.000 3.437
10700.000 3.514
10705.000 3.295
10710.000 3.198
10715.000 3.052
10720.000 2.919
10725.000 2.836
10730.000 2.656
10735.000 2.536
10740.000 2.279
10745.000 1.998
10750.000 1.859
10755.000 1.590
10760.000 1.465
10765.000 1.252
10770.000 1.071
10775.000 0.992
10780.000 0.859
10785.000 0.796
10790.000 0.691
10795.000 0.597
10800.000 0.561
10805.000 0.480
10810.000 0.451
10815.000 0.386
10820.000 0.329
10825.000 0.303
10830.000 0.257
10835.000 0.238
10840.000 0.201
10845.000 0.172
10850.000 0.156
10855.000 0.136
10860.000 0.124
10865.000 0.105
10870.000 0.087
10875.000 0.082
10880.000 0.068
10885.000 0.062
10890.000 0.052
10895.000 0.043
10900.000 0.037
10905.000 0.030
10910.000 0.026
10915.000 0.020
10920.000 0.015
10925.000 0.013
10930.000 0.010
10935.000 0.015
10940.000 0.017
10945.000 0.019
10950.000 0.022
10955.000 0.026
10960.000 0.028
10965.000 0.032
10970.000 0.036
10975.000 0.038
10980.000 0.042
10985.000 0.046
10990.000 0.046
10995.000 0.052
11000.000 0.059
11005.000 0.065
11010.000 0.068
11015.000 0.077
11020.000 0.096
11025.000 0.096
11030.000 0.113
11035.000 0.121
11040.000 0.144
11045.000 0.170
11050.000 0.188
11055.000 0.220
11060.000 0.244
11065.000 0.303
11070.000 0.401
11075.000 0.460
11080.000 0.644
11085.000 0.760
11090.000 1.027
11095.000 1.333
11100.000 1.477
11105.000 1.775
11110.000 1.903
11115.000 2.066
11120.000 2.113
11125.000 2.085
11130.000 1.922
11135.000 1.828
11140.000 1.621
11145.000 1.424
11150.000 1.333
11155.000 1.164
11160.000 1.091
11165.000 0.964
11170.000 0.867
11175.000 0.825
11180.000 0.756
11185.000 0.723
11190.000 0.676
11195.000 0.632
11200.000 0.620
11205.000 0.596
11210.000 0.589
11215.000 0.571
11220.000 0.564
11225.000 0.555
11230.000 0.548
11235.000 0.543
11240.000 0.535
11245.000 0.527
11250.000 0.527
11255.000 0.515
11260.000 0.511
11265.000 0.506
11270.000 0.507
11275.000 0.498
11280.000 0.492
11285.000 0.492
11290.000 0.490
11295.000 0.487
11300.000 0.483
11305.000 0.475
11310.000 0.472
11315.000 0.468
11320.000 0.465
11325.000 0.463
11330.000 0.463
11335.000 0.461
11340.000 0.459
11345.000 0.457
11350.000 0.455
11355.000 0.452
11360.000 0.454
11365.000 0.451
11370.000 0.448
11375.000 0.445
11380.000 0.445
11385.000 0.446
11390.000 0.447
11395.000 0.443
11400.000 0.439
11405.000 0.434
11410.000 0.437
11415.000 0.437
11420.000 0.436
11425.000 0.435
11430.000 0.429
11435.000 0.431
11440.000 0.426
11445.000 0.426
11450.000 0.427
11455.000 0.428
11460.000 0.426
11465.000 0.426
11470.000 0.425
11475.000 0.425
11480.000 0.422
11485.000 0.424
11490.000 0.423
11495.000 0.424
11500.000 0.421
11505.000 0.422
11510.000 0.418
11515.000 0.424
11520.000 0.426
11525.000 0.423
11530.000 0.421
11535.000 0.421
11540.000 0.417
11545.000 0.419
11550.000 0.415
11555.000 0.411
11560.000 0.414
11565.000 0.412
11570.000 0.412
11575.000 0.411
11580.000 0.414
11585.000 0.412
11590.000 0.413
11595.000 0.412
11600.000 0.413
11605.000 0.408
11610.000 0.410
11615.000 0.411
11620.000 0.417
11625.000 0.415
11630.000 0.410
11635.000 0.414
11640.000 0.409
11645.000 0.414
11650.000 0.413
11655.000 0.420
11660.000 0.413
11665.000 0.413
11670.000 0.413
11675.000 0.409
11680.000 0.408
11685.000 0.405
11690.000 0.410
11695.000 0.410
11700.000 0.399
11705.000 0.406
11710.000 0.404
11715.000 0.400
11720.000 0.398
11725.000 0.399
11730.000 0.402
11735.000 0.398
11740.000 0.404
11745.000 0.397
11750.000 0.398
11755.000 0.398
11760.000 0.399
11765.000 0.401
11770.000 0.401
11775.000 0.400
11780.000 0.403
11785.000 0.398
11790.000 0.398
11795.000 0.399
11800.000 0.393
11805.000 0.396
11810.000 0.398
11815.000 0.400
11820.000 0.397
11825.000 0.400
11830.000 0.397
11835.000 0.399
11840.000 0.394
11845.000 0.394
11850.000 0.396
11855.000 0.396
11860.000 0.391
11865.000 0.392
11870.000 0.392
11875.000 0.394
11880.000 0.395
11885.000 0.394
11890.000 0.391
11895.000 0.390
11900.000 0.391
11905.000 0.389
11910.000 0.390
11915.000 0.394
11920.000 0.392
11925.000 0.392
11930.000 0.393
11935.000 0.391
11940.000 0.387
11945.000 0.385
11950.000 0.386
11955.000 0.387
11960.000 0.389
11965.000 0.386
11970.000 0.388
11975.000 0.390
11980.000 0.391
11985.000 0.389
11990.000 0.392
11995.000 0.388
12000.000 0.388
