105.000 0.034
110.000 0.274
115.000 3.238
120.000 4.630
125.000 5.191
130.000 5.422
135.000 5.894
140.000 5.970
145.000 6.715
150.000 7.704
155.000 8.346
160.000 9.594
165.000 9.954
170.000 10.507
175.000 10.803
180.000 10.944
185.000 10.975
190.000 11.395
195.000 11.978
200.000 12.542
205.000 12.970
210.000 13.668
215.000 14.146
220.000 15.023
225.000 15.860
230.000 15.935
235.000 15.741
240.000 15.475
245.000 14.994
250.000 15.825
255.000 16.002
260.000 17.458
265.000 18.630
270.000 20.375
275.000 23.155
280.000 24.976
285.000 28.738
290.000 30.923
295.000 35.379
300.000 40.506
305.000 43.492
310.000 50.187
315.000 53.933
320.000 62.373
325.000 68.573
330.000 68.646
335.000 68.009
340.000 67.723
345.000 63.777
350.000 53.450
355.000 49.519
360.000 44.650
365.000 43.240
370.000 40.692
375.000 39.840
380.000 39.726
385.000 40.090
390.000 40.396
395.000 41.408
400.000 42.592
405.000 43.205
410.000 44.629
415.000 45.380
420.000 46.527
425.000 47.310
430.000 47.542
435.000 47.523
440.000 47.412
445.000 46.657
450.000 46.136
455.000 44.657
460.000 42.632
465.000 41.510
470.000 39.123
475.000 37.854
480.000 35.224
485.000 32.479
490.000 31.168
495.000 28.678
500.000 27.485
505.000 25.381
510.000 23.666
515.000 22.911
520.000 21.590
525.000 21.019
530.000 20.053
535.000 19.401
540.000 19.134
545.000 18.652
550.000 18.453
555.000 18.206
560.000 18.115
565.000 18.118
570.000 18.263
575.000 18.416
580.000 18.867
585.000 19.555
590.000 19.952
595.000 20.863
600.000 21.431
605.000 22.885
610.000 24.960
615.000 26.302
620.000 29.748
625.000 31.749
630.000 37.177
635.000 45.025
640.000 49.810
645.000 59.654
650.000 63.281
655.000 61.744
660.000 39.590
665.000 30.637
670.000 21.036
675.000 17.919
680.000 13.354
685.000 10.375
690.000 9.261
695.000 7.464
700.000 6.763
705.000 5.635
710.000 4.786
715.000 4.436
720.000 3.862
725.000 3.622
730.000 3.229
735.000 2.901
740.000 2.739
745.000 2.500
750.000 2.390
755.000 2.207
760.000 2.057
765.000 1.985
770.000 1.876
775.000 1.824
780.000 1.732
785.000 1.660
790.000 1.633
795.000 1.569
800.000 1.545
805.000 1.501
810.000 1.457
815.000 1.436
820.000 1.396
825.000 1.374
830.000 1.348
835.000 1.319
840.000 1.308
845.000 1.290
850.000 1.285
855.000 1.284
860.000 1.283
865.000 1.286
870.000 1.304
875.000 1.326
880.000 1.332
885.000 1.369
890.000 1.392
895.000 1.450
900.000 1.485
905.000 1.578
910.000 1.685
915.000 1.758
920.000 1.948
925.000 2.057
930.000 2.328
935.000 2.735
940.000 3.036
945.000 3.865
950.000 4.469
955.000 6.267
960.000 8.864
965.000 9.772
970.000 8.311
975.000 6.451
980.000 3.908
985.000 2.652
990.000 2.240
995.000 1.678
1000.000 1.469
1005.000 1.162
1010.000 0.945
1015.000 0.859
1020.000 0.708
1025.000 0.667
1030.000 0.574
1035.000 0.500
1040.000 0.463
1045.000 0.411
1050.000 0.393
1055.000 0.359
1060.000 0.346
1065.000 0.330
1070.000 0.307
1075.000 0.302
1080.000 0.287
1085.000 0.294
1090.000 0.281
1095.000 0.280
1100.000 0.277
1105.000 0.284
1110.000 0.283
1115.000 0.293
1120.000 0.295
1125.000 0.302
1130.000 0.310
1135.000 0.315
1140.000 0.331
1145.000 0.342
1150.000 0.357
1155.000 0.377
1160.000 0.392
1165.000 0.423
1170.000 0.462
1175.000 0.487
1180.000 0.537
1185.000 0.565
1190.000 0.640
1195.000 0.725
1200.000 0.770
1205.000 0.865
1210.000 0.931
1215.000 1.055
1220.000 1.230
1225.000 1.341
1230.000 1.620
1235.000 1.798
1240.000 2.256
1245.000 2.918
1250.000 3.346
1255.000 4.529
1260.000 5.329
1265.000 7.606
1270.000 11.394
1275.000 13.660
1280.000 15.463
1285.000 13.907
1290.000 9.395
1295.000 6.660
1300.000 5.725
1305.000 4.383
1310.000 3.891
1315.000 3.154
1320.000 2.643
1325.000 2.450
1330.000 2.139
1335.000 2.005
1340.000 1.819
1345.000 1.697
1350.000 1.650
1355.000 1.584
1360.000 1.552
1365.000 1.505
1370.000 1.464
1375.000 1.451
1380.000 1.422
1385.000 1.413
1390.000 1.397
1395.000 1.388
1400.000 1.391
1405.000 1.385
1410.000 1.388
1415.000 1.394
1420.000 1.405
1425.000 1.413
1430.000 1.433
1435.000 1.447
1440.000 1.483
1445.000 1.506
1450.000 1.524
1455.000 1.567
1460.000 1.586
1465.000 1.636
1470.000 1.698
1475.000 1.735
1480.000 1.812
1485.000 1.854
1490.000 1.948
1495.000 2.057
1500.000 2.115
1505.000 2.260
1510.000 2.341
1515.000 2.530
1520.000 2.771
1525.000 2.927
1530.000 3.299
1535.000 3.544
1540.000 4.148
1545.000 5.029
1550.000 5.607
1555.000 7.196
1560.000 8.265
1565.000 11.181
1570.000 15.296
1575.000 17.733
1580.000 22.171
1585.000 23.181
1590.000 20.681
1595.000 14.427
1600.000 11.859
1605.000 8.245
1610.000 7.008
1615.000 5.254
1620.000 4.121
1625.000 3.695
1630.000 3.030
1635.000 2.789
1640.000 2.436
1645.000 2.317
1650.000 2.165
1655.000 2.065
1660.000 2.038
1665.000 2.017
1670.000 2.014
1675.000 2.040
1680.000 2.078
1685.000 2.110
1690.000 2.158
1695.000 2.179
1700.000 2.227
1705.000 2.271
1710.000 2.293
1715.000 2.343
1720.000 2.368
1725.000 2.417
1730.000 2.471
1735.000 2.504
1740.000 2.559
1745.000 2.590
1750.000 2.664
1755.000 2.752
1760.000 2.796
1765.000 2.894
1770.000 2.952
1775.000 3.083
1780.000 3.235
1785.000 3.317
1790.000 3.508
1795.000 3.613
1800.000 3.849
1805.000 4.137
1810.000 4.312
1815.000 4.743
1820.000 5.008
1825.000 5.646
1830.000 6.513
1835.000 7.059
1840.000 8.475
1845.000 9.406
1850.000 11.878
1855.000 15.421
1860.000 17.721
1865.000 23.278
1870.000 26.384
1875.000 32.258
1880.000 36.018
1885.000 36.531
1890.000 33.201
1895.000 25.561
1900.000 22.108
1905.000 16.596
1910.000 14.520
1915.000 11.482
1920.000 10.360
1925.000 8.655
1930.000 7.366
1935.000 6.901
1940.000 6.162
1945.000 5.901
1950.000 5.526
1955.000 5.230
1960.000 5.110
1965.000 4.886
1970.000 4.788
1975.000 4.614
1980.000 4.469
1985.000 4.409
1990.000 4.312
1995.000 4.250
2000.000 4.170
2005.000 4.108
2010.000 4.089
2015.000 4.033
2020.000 4.016
2025.000 4.009
2030.000 3.999
2035.000 4.005
2040.000 4.009
2045.000 4.016
2050.000 4.053
2055.000 4.095
2060.000 4.127
2065.000 4.198
2070.000 4.247
2075.000 4.357
2080.000 4.485
2085.000 4.565
2090.000 4.730
2095.000 4.834
2100.000 5.053
2105.000 5.336
2110.000 5.493
2115.000 5.874
2120.000 6.110
2125.000 6.700
2130.000 7.522
2135.000 8.047
2140.000 9.442
2145.000 10.353
2150.000 12.755
2155.000 16.024
2160.000 17.894
2165.000 21.438
2170.000 22.637
2175.000 22.485
2180.000 18.503
2185.000 16.126
2190.000 11.994
2195.000 10.419
2200.000 8.054
2205.000 6.449
2210.000 5.837
2215.000 4.944
2220.000 4.640
2225.000 4.092
2230.000 3.875
2235.000 3.511
2240.000 3.200
2245.000 3.071
2250.000 2.835
2255.000 2.634
2260.000 2.520
2265.000 2.308
2270.000 2.215
2275.000 2.057
2280.000 1.989
2285.000 1.874
2290.000 1.781
2295.000 1.742
2300.000 1.681
2305.000 1.664
2310.000 1.633
2315.000 1.624
2320.000 1.623
2325.000 1.637
2330.000 1.653
2335.000 1.699
2340.000 1.771
2345.000 1.820
2350.000 1.953
2355.000 2.039
2360.000 2.255
2365.000 2.591
2370.000 2.763
2375.000 3.228
2380.000 3.562
2385.000 4.560
2390.000 6.179
2395.000 7.276
2400.000 9.914
2405.000 11.111
2410.000 11.602
2415.000 8.498
2420.000 6.792
2425.000 4.455
2430.000 3.717
2435.000 2.714
2440.000 2.071
2445.000 1.835
2450.000 1.479
2455.000 1.349
2460.000 1.138
2465.000 0.982
2470.000 0.915
2475.000 0.807
2480.000 0.763
2485.000 0.684
2490.000 0.619
2495.000 0.591
2500.000 0.541
2505.000 0.521
2510.000 0.481
2515.000 0.448
2520.000 0.436
2525.000 0.411
2530.000 0.400
2535.000 0.381
2540.000 0.363
2545.000 0.357
2550.000 0.343
2555.000 0.336
2560.000 0.326
2565.000 0.315
2570.000 0.311
2575.000 0.302
2580.000 0.298
2585.000 0.291
2590.000 0.286
2595.000 0.282
2600.000 0.277
2605.000 0.275
2610.000 0.270
2615.000 0.266
2620.000 0.263
2625.000 0.260
2630.000 0.258
2635.000 0.256
2640.000 0.253
2645.000 0.252
2650.000 0.251
2655.000 0.249
2660.000 0.246
2665.000 0.243
2670.000 0.242
2675.000 0.245
2680.000 0.240
2685.000 0.239
2690.000 0.239
2695.000 0.237
2700.000 0.236
2705.000 0.235
2710.000 0.234
2715.000 0.235
2720.000 0.235
2725.000 0.233
2730.000 0.233
2735.000 0.233
2740.000 0.233
2745.000 0.233
2750.000 0.230
2755.000 0.233
2760.000 0.230
2765.000 0.234
2770.000 0.231
2775.000 0.231
2780.000 0.233
2785.000 0.231
2790.000 0.232
2795.000 0.232
2800.000 0.232
2805.000 0.231
2810.000 0.231
2815.000 0.232
2820.000 0.233
2825.000 0.235
2830.000 0.233
2835.000 0.234
2840.000 0.232
2845.000 0.233
2850.000 0.235
2855.000 0.234
2860.000 0.234
2865.000 0.233
2870.000 0.235
2875.000 0.233
2880.000 0.234
2885.000 0.233
2890.000 0.234
2895.000 0.232
2900.000 0.235
2905.000 0.234
2910.000 0.234
2915.000 0.235
2920.000 0.234
2925.000 0.234
2930.000 0.236
2935.000 0.237
2940.000 0.236
2945.000 0.234
2950.000 0.233
2955.000 0.236
2960.000 0.234
2965.000 0.243
2970.000 0.240
2975.000 0.244
2980.000 0.244
2985.000 0.241
2990.000 0.233
2995.000 0.240
3000.000 0.234
3005.000 0.241
3010.000 0.245
3015.000 0.245
3020.000 0.236
3025.000 0.239
3030.000 0.247
3035.000 0.243
3040.000 0.248
3045.000 0.250
3050.000 0.242
3055.000 0.245
3060.000 0.246
3065.000 0.246
3070.000 0.249
3075.000 0.248
3080.000 0.249
3085.000 0.250
3090.000 0.251
3095.000 0.254
3100.000 0.252
3105.000 0.253
3110.000 0.255
3115.000 0.255
3120.000 0.258
3125.000 0.260
3130.000 0.261
3135.000 0.263
3140.000 0.266
3145.000 0.268
3150.000 0.271
3155.000 0.273
3160.000 0.277
3165.000 0.277
3170.000 0.285
3175.000 0.288
3180.000 0.291
3185.000 0.298
3190.000 0.300
3195.000 0.308
3200.000 0.310
3205.000 0.318
3210.000 0.328
3215.000 0.333
3220.000 0.345
3225.000 0.352
3230.000 0.368
3235.000 0.386
3240.000 0.394
3245.000 0.416
3250.000 0.430
3255.000 0.458
3260.000 0.495
3265.000 0.517
3270.000 0.565
3275.000 0.593
3280.000 0.663
3285.000 0.752
3290.000 0.809
3295.000 0.955
3300.000 1.057
3305.000 1.364
3310.000 1.907
3315.000 2.319
3320.000 3.551
3325.000 4.388
3330.000 6.405
3335.000 8.890
3340.000 10.406
3345.000 13.817
3350.000 15.312
3355.000 16.454
3360.000 14.209
3365.000 12.642
3370.000 10.291
3375.000 9.403
3380.000 7.940
3385.000 6.817
3390.000 6.370
3395.000 5.680
3400.000 5.206
3405.000 5.055
3410.000 4.879
3415.000 4.858
3420.000 5.044
3425.000 5.253
3430.000 5.905
3435.000 6.968
3440.000 7.690
3445.000 9.734
3450.000 11.115
3455.000 14.614
3460.000 18.522
3465.000 20.150
3470.000 21.323
3475.000 20.328
3480.000 15.412
3485.000 10.841
3490.000 9.144
3495.000 6.767
3500.000 5.940
3505.000 4.737
3510.000 3.929
3515.000 3.622
3520.000 3.160
3525.000 2.997
3530.000 2.776
3535.000 2.603
3540.000 2.532
3545.000 2.414
3550.000 2.365
3555.000 2.278
3560.000 2.213
3565.000 2.185
3570.000 2.145
3575.000 2.130
3580.000 2.108
3585.000 2.107
3590.000 2.109
3595.000 2.133
3600.000 2.142
3605.000 2.176
3610.000 2.232
3615.000 2.266
3620.000 2.349
3625.000 2.397
3630.000 2.518
3635.000 2.675
3640.000 2.767
3645.000 3.021
3650.000 3.184
3655.000 3.642
3660.000 4.318
3665.000 4.782
3670.000 6.078
3675.000 6.978
3680.000 9.425
3685.000 12.594
3690.000 14.116
3695.000 15.763
3700.000 15.358
3705.000 12.071
3710.000 8.461
3715.000 6.950
3720.000 5.094
3725.000 4.446
3730.000 3.508
3735.000 3.161
3740.000 2.640
3745.000 2.286
3750.000 2.168
3755.000 1.977
3760.000 1.897
3765.000 1.736
3770.000 1.606
3775.000 1.547
3780.000 1.453
3785.000 1.409
3790.000 1.337
3795.000 1.280
3800.000 1.256
3805.000 1.217
3810.000 1.198
3815.000 1.172
3820.000 1.156
3825.000 1.152
3830.000 1.149
3835.000 1.146
3840.000 1.150
3845.000 1.167
3850.000 1.175
3855.000 1.202
3860.000 1.217
3865.000 1.254
3870.000 1.306
3875.000 1.334
3880.000 1.409
3885.000 1.451
3890.000 1.560
3895.000 1.688
3900.000 1.777
3905.000 1.989
3910.000 2.104
3915.000 2.392
3920.000 2.799
3925.000 3.078
3930.000 3.846
3935.000 4.377
3940.000 5.861
3945.000 8.076
3950.000 9.426
3955.000 12.159
3960.000 13.175
3965.000 13.443
3970.000 10.810
3975.000 9.131
3980.000 6.399
3985.000 5.419
3990.000 4.052
3995.000 3.187
4000.000 2.851
4005.000 2.380
4010.000 2.180
4015.000 1.912
4020.000 1.737
4025.000 1.685
4030.000 1.539
4035.000 1.478
4040.000 1.367
4045.000 1.282
4050.000 1.253
4055.000 1.192
4060.000 1.168
4065.000 1.126
4070.000 1.082
4075.000 1.066
4080.000 1.042
4085.000 1.034
4090.000 1.013
4095.000 1.002
4100.000 0.998
4105.000 0.990
4110.000 0.992
4115.000 0.991
4120.000 1.000
4125.000 1.003
4130.000 1.013
4135.000 1.022
4140.000 1.042
4145.000 1.069
4150.000 1.086
4155.000 1.127
4160.000 1.148
4165.000 1.200
4170.000 1.273
4175.000 1.321
4180.000 1.425
4185.000 1.494
4190.000 1.667
4195.000 1.917
4200.000 2.068
4205.000 2.457
4210.000 2.729
4215.000 3.461
4220.000 4.552
4225.000 5.241
4230.000 6.702
4235.000 7.223
4240.000 7.074
4245.000 5.443
4250.000 4.546
4255.000 3.160
4260.000 2.681
4265.000 1.995
4270.000 1.563
4275.000 1.403
4280.000 1.161
4285.000 1.076
4290.000 0.940
4295.000 0.844
4300.000 0.804
4305.000 0.729
4310.000 0.705
4315.000 0.645
4320.000 0.619
4325.000 0.571
4330.000 0.533
4335.000 0.519
4340.000 0.493
4345.000 0.482
4350.000 0.465
4355.000 0.455
4360.000 0.450
4365.000 0.443
4370.000 0.440
4375.000 0.438
4380.000 0.441
4385.000 0.442
4390.000 0.447
4395.000 0.453
4400.000 0.463
4405.000 0.480
4410.000 0.491
4415.000 0.515
4420.000 0.529
4425.000 0.573
4430.000 0.624
4435.000 0.641
4440.000 0.684
4445.000 0.707
4450.000 0.768
4455.000 0.857
4460.000 0.912
4465.000 1.061
4470.000 1.162
4475.000 1.443
4480.000 1.889
4485.000 2.208
4490.000 3.142
4495.000 3.768
4500.000 5.256
4505.000 6.630
4510.000 6.986
4515.000 6.601
4520.000 5.898
4525.000 4.365
4530.000 3.213
4535.000 2.787
4540.000 2.170
4545.000 1.953
4550.000 1.624
4555.000 1.390
4560.000 1.299
4565.000 1.165
4570.000 1.121
4575.000 1.046
4580.000 0.989
4585.000 0.964
4590.000 0.922
4595.000 0.902
4600.000 0.879
4605.000 0.852
4610.000 0.841
4615.000 0.827
4620.000 0.819
4625.000 0.809
4630.000 0.797
4635.000 0.798
4640.000 0.792
4645.000 0.793
4650.000 0.793
4655.000 0.795
4660.000 0.797
4665.000 0.801
4670.000 0.805
4675.000 0.816
4680.000 0.827
4685.000 0.837
4690.000 0.854
4695.000 0.865
4700.000 0.892
4705.000 0.926
4710.000 0.944
4715.000 0.994
4720.000 1.020
4725.000 1.094
4730.000 1.203
4735.000 1.275
4740.000 1.479
4745.000 1.610
4750.000 1.934
4755.000 2.268
4760.000 2.369
4765.000 2.280
4770.000 2.082
4775.000 1.552
4780.000 1.099
4785.000 0.931
4790.000 0.693
4795.000 0.612
4800.000 0.483
4805.000 0.395
4810.000 0.359
4815.000 0.292
4820.000 0.266
4825.000 0.228
4830.000 0.196
4835.000 0.184
4840.000 0.167
4845.000 0.161
4850.000 0.151
4855.000 0.146
4860.000 0.147
4865.000 0.146
4870.000 0.148
4875.000 0.154
4880.000 0.162
4885.000 0.169
4890.000 0.183
4895.000 0.193
4900.000 0.217
4905.000 0.233
4910.000 0.270
4915.000 0.320
4920.000 0.347
4925.000 0.431
4930.000 0.486
4935.000 0.596
4940.000 0.750
4945.000 0.850
4950.000 1.122
4955.000 1.300
4960.000 1.737
4965.000 2.373
4970.000 2.796
4975.000 3.835
4980.000 4.427
4985.000 5.551
4990.000 6.115
4995.000 6.149
5000.000 5.524
5005.000 5.035
5010.000 4.127
5015.000 3.377
5020.000 3.066
5025.000 2.513
5030.000 2.316
5035.000 1.932
5040.000 1.677
5045.000 1.567
5050.000 1.381
5055.000 1.315
5060.000 1.208
5065.000 1.149
5070.000 1.123
5075.000 1.101
5080.000 1.094
5085.000 1.093
5090.000 1.092
5095.000 1.093
5100.000 1.117
5105.000 1.129
5110.000 1.165
5115.000 1.217
5120.000 1.250
5125.000 1.322
5130.000 1.362
5135.000 1.451
5140.000 1.536
5145.000 1.544
5150.000 1.466
5155.000 1.368
5160.000 1.040
5165.000 0.673
5170.000 0.529
5175.000 0.325
5180.000 0.255
5185.000 0.163
5190.000 0.123
5195.000 0.121
5200.000 0.128
5205.000 0.136
5210.000 0.152
5215.000 0.167
5220.000 0.174
5225.000 0.190
5230.000 0.196
5235.000 0.210
5240.000 0.222
5245.000 0.229
5250.000 0.236
5255.000 0.248
5260.000 0.252
5265.000 0.258
5270.000 0.264
5275.000 0.271
5280.000 0.274
5285.000 0.280
5290.000 0.284
5295.000 0.285
5300.000 0.292
5305.000 0.296
5310.000 0.299
5315.000 0.302
5320.000 0.304
5325.000 0.310
5330.000 0.310
5335.000 0.313
5340.000 0.313
5345.000 0.315
5350.000 0.315
5355.000 0.317
5360.000 0.319
5365.000 0.319
5370.000 0.321
5375.000 0.322
5380.000 0.321
5385.000 0.320
5390.000 0.322
5395.000 0.323
5400.000 0.327
5405.000 0.325
5410.000 0.326
5415.000 0.323
5420.000 0.326
5425.000 0.327
5430.000 0.327
5435.000 0.328
5440.000 0.325
5445.000 0.324
5450.000 0.329
5455.000 0.327
5460.000 0.328
5465.000 0.328
5470.000 0.329
5475.000 0.328
5480.000 0.328
5485.000 0.328
5490.000 0.328
5495.000 0.328
5500.000 0.333
5505.000 0.334
5510.000 0.331
5515.000 0.328
5520.000 0.338
5525.000 0.345
5530.000 0.342
5535.000 0.340
5540.000 0.337
5545.000 0.333
5550.000 0.333
5555.000 0.332
5560.000 0.334
5565.000 0.330
5570.000 0.331
5575.000 0.334
5580.000 0.335
5585.000 0.335
5590.000 0.336
5595.000 0.337
5600.000 0.336
5605.000 0.335
5610.000 0.336
5615.000 0.338
5620.000 0.337
5625.000 0.336
5630.000 0.338
5635.000 0.337
5640.000 0.335
5645.000 0.335
5650.000 0.337
5655.000 0.338
5660.000 0.339
5665.000 0.338
5670.000 0.336
5675.000 0.338
5680.000 0.338
5685.000 0.341
5690.000 0.337
5695.000 0.341
5700.000 0.341
5705.000 0.339
5710.000 0.339
5715.000 0.341
5720.000 0.339
5725.000 0.339
5730.000 0.338
5735.000 0.342
5740.000 0.340
5745.000 0.341
5750.000 0.342
5755.000 0.343
5760.000 0.346
5765.000 0.349
5770.000 0.345
5775.000 0.347
5780.000 0.349
5785.000 0.346
5790.000 0.343
5795.000 0.345
5800.000 0.349
5805.000 0.350
5810.000 0.347
5815.000 0.344
5820.000 0.347
5825.000 0.343
5830.000 0.346
5835.000 0.344
5840.000 0.343
5845.000 0.349
5850.000 0.347
5855.000 0.346
5860.000 0.351
5865.000 0.347
5870.000 0.348
5875.000 0.346
5880.000 0.350
5885.000 0.348
5890.000 0.348
5895.000 0.349
5900.000 0.347
5905.000 0.349
5910.000 0.350
5915.000 0.350
5920.000 0.351
5925.000 0.351
5930.000 0.348
5935.000 0.352
5940.000 0.353
5945.000 0.352
5950.000 0.355
5955.000 0.359
5960.000 0.354
5965.000 0.354
5970.000 0.350
5975.000 0.355
5980.000 0.357
5985.000 0.347
5990.000 0.359
5995.000 0.353
6000.000 0.362
6005.000 0.352
6010.000 0.349
6015.000 0.349
6020.000 0.365
6025.000 0.359
6030.000 0.356
6035.000 0.357
6040.000 0.352
6045.000 0.352
6050.000 0.365
6055.000 0.357
6060.000 0.362
6065.000 0.360
6070.000 0.358
6075.000 0.361
6080.000 0.357
6085.000 0.364
6090.000 0.359
6095.000 0.361
6100.000 0.360
6105.000 0.362
6110.000 0.360
6115.000 0.362
6120.000 0.362
6125.000 0.361
6130.000 0.361
6135.000 0.359
6140.000 0.359
6145.000 0.360
6150.000 0.361
6155.000 0.362
6160.000 0.363
6165.000 0.361
6170.000 0.363
6175.000 0.361
6180.000 0.361
6185.000 0.365
6190.000 0.366
6195.000 0.363
6200.000 0.363
6205.000 0.362
6210.000 0.366
6215.000 0.364
6220.000 0.364
6225.000 0.364
6230.000 0.366
6235.000 0.369
6240.000 0.369
6245.000 0.369
6250.000 0.367
6255.000 0.364
6260.000 0.361
6265.000 0.363
6270.000 0.367
6275.000 0.366
6280.000 0.370
6285.000 0.368
6290.000 0.362
6295.000 0.367
6300.000 0.370
6305.000 0.368
6310.000 0.375
6315.000 0.375
6320.000 0.375
6325.000 0.370
6330.000 0.366
6335.000 0.367
6340.000 0.366
6345.000 0.372
6350.000 0.370
6355.000 0.371
6360.000 0.372
6365.000 0.372
6370.000 0.373
6375.000 0.371
6380.000 0.372
6385.000 0.376
6390.000 0.372
6395.000 0.374
6400.000 0.371
6405.000 0.373
6410.000 0.371
6415.000 0.376
6420.000 0.374
6425.000 0.373
6430.000 0.383
6435.000 0.383
6440.000 0.388
6445.000 0.388
6450.000 0.387
6455.000 0.384
6460.000 0.383
6465.000 0.381
6470.000 0.377
6475.000 0.380
6480.000 0.383
6485.000 0.384
6490.000 0.388
6495.000 0.389
6500.000 0.393
6505.000 0.392
6510.000 0.395
6515.000 0.401
6520.000 0.407
6525.000 0.404
6530.000 0.412
6535.000 0.414
6540.000 0.414
6545.000 0.425
6550.000 0.428
6555.000 0.435
6560.000 0.444
6565.000 0.454
6570.000 0.463
6575.000 0.478
6580.000 0.491
6585.000 0.504
6590.000 0.529
6595.000 0.568
6600.000 0.593
6605.000 0.646
6610.000 0.716
6615.000 0.764
6620.000 0.897
6625.000 0.985
6630.000 1.259
6635.000 1.699
6640.000 2.013
6645.000 2.913
6650.000 3.510
6655.000 4.983
6660.000 6.731
6665.000 7.573
6670.000 8.385
6675.000 8.157
6680.000 6.946
6685.000 6.259
6690.000 5.318
6695.000 4.675
6700.000 4.454
6705.000 4.216
6710.000 4.190
6715.000 4.355
6720.000 4.869
6725.000 5.291
6730.000 6.435
6735.000 7.201
6740.000 9.048
6745.000 10.963
6750.000 11.678
6755.000 12.146
6760.000 11.518
6765.000 9.075
6770.000 6.833
6775.000 5.974
6780.000 4.673
6785.000 4.208
6790.000 3.535
6795.000 3.101
6800.000 2.933
6805.000 2.697
6810.000 2.602
6815.000 2.494
6820.000 2.456
6825.000 2.452
6830.000 2.466
6835.000 2.483
6840.000 2.543
6845.000 2.637
6850.000 2.704
6855.000 2.845
6860.000 2.949
6865.000 3.186
6870.000 3.541
6875.000 3.773
6880.000 4.427
6885.000 4.859
6890.000 6.066
6895.000 7.728
6900.000 8.711
6905.000 10.498
6910.000 11.046
6915.000 10.820
6920.000 8.767
6925.000 7.611
6930.000 5.703
6935.000 4.990
6940.000 3.923
6945.000 3.228
6950.000 2.969
6955.000 2.588
6960.000 2.458
6965.000 2.236
6970.000 2.071
6975.000 2.009
6980.000 1.879
6985.000 1.835
6990.000 1.734
6995.000 1.670
7000.000 1.654
7005.000 1.608
7010.000 1.597
7015.000 1.589
7020.000 1.591
7025.000 1.576
7030.000 1.587
7035.000 1.611
7040.000 1.649
7045.000 1.679
7050.000 1.737
7055.000 1.834
7060.000 1.888
7065.000 2.017
7070.000 2.104
7075.000 2.337
7080.000 2.683
7085.000 2.902
7090.000 3.532
7095.000 3.959
7100.000 5.093
7105.000 6.605
7110.000 7.456
7115.000 8.913
7120.000 9.378
7125.000 9.087
7130.000 7.332
7135.000 6.399
7140.000 4.850
7145.000 4.270
7150.000 3.408
7155.000 2.825
7160.000 2.615
7165.000 2.284
7170.000 2.166
7175.000 2.005
7180.000 1.939
7185.000 1.890
7190.000 1.788
7195.000 1.738
7200.000 1.665
7205.000 1.609
7210.000 1.584
7215.000 1.545
7220.000 1.535
7225.000 1.517
7230.000 1.512
7235.000 1.511
7240.000 1.521
7245.000 1.532
7250.000 1.546
7255.000 1.580
7260.000 1.600
7265.000 1.649
7270.000 1.671
7275.000 1.745
7280.000 1.830
7285.000 1.886
7290.000 2.015
7295.000 2.180
7300.000 2.275
7305.000 2.535
7310.000 2.700
7315.000 3.138
7320.000 3.429
7325.000 4.185
7330.000 5.203
7335.000 5.772
7340.000 6.835
7345.000 7.193
7350.000 7.116
7355.000 5.888
7360.000 5.181
7365.000 3.947
7370.000 3.472
7375.000 2.745
7380.000 2.249
7385.000 2.063
7390.000 1.790
7395.000 1.677
7400.000 1.517
7405.000 1.377
7410.000 1.315
7415.000 1.216
7420.000 1.170
7425.000 1.102
7430.000 1.040
7435.000 1.013
7440.000 0.975
7445.000 0.955
7450.000 0.921
7455.000 0.898
7460.000 0.888
7465.000 0.871
7470.000 0.863
7475.000 0.865
7480.000 0.857
7485.000 0.861
7490.000 0.884
7495.000 0.899
7500.000 0.919
7505.000 0.953
7510.000 0.973
7515.000 1.024
7520.000 1.057
7525.000 1.139
7530.000 1.258
7535.000 1.331
7540.000 1.534
7545.000 1.665
7550.000 2.030
7555.000 2.561
7560.000 2.905
7565.000 3.707
7570.000 4.148
7575.000 5.025
7580.000 5.249
7585.000 4.894
7590.000 3.957
7595.000 3.497
7600.000 2.731
7605.000 2.438
7610.000 2.001
7615.000 1.705
7620.000 1.595
7625.000 1.427
7630.000 1.363
7635.000 1.271
7640.000 1.219
7645.000 1.191
7650.000 1.140
7655.000 1.100
7660.000 1.086
7665.000 1.061
7670.000 1.051
7675.000 1.038
7680.000 1.035
7685.000 1.036
7690.000 1.033
7695.000 1.036
7700.000 1.046
7705.000 1.052
7710.000 1.071
7715.000 1.096
7720.000 1.112
7725.000 1.155
7730.000 1.179
7735.000 1.235
7740.000 1.308
7745.000 1.348
7750.000 1.450
7755.000 1.514
7760.000 1.679
7765.000 1.913
7770.000 2.059
7775.000 2.396
7780.000 2.583
7785.000 2.924
7790.000 3.088
7795.000 2.992
7800.000 2.537
7805.000 2.265
7810.000 1.789
7815.000 1.428
7820.000 1.298
7825.000 1.087
7830.000 1.007
7835.000 0.876
7840.000 0.775
7845.000 0.726
7850.000 0.652
7855.000 0.622
7860.000 0.560
7865.000 0.510
7870.000 0.485
7875.000 0.449
7880.000 0.432
7885.000 0.406
7890.000 0.383
7895.000 0.375
7900.000 0.358
7905.000 0.353
7910.000 0.344
7915.000 0.337
7920.000 0.337
7925.000 0.338
7930.000 0.343
7935.000 0.357
7940.000 0.377
7945.000 0.396
7950.000 0.449
7955.000 0.489
7960.000 0.616
7965.000 0.826
7970.000 0.980
7975.000 1.272
7980.000 1.342
7985.000 1.273
7990.000 1.115
7995.000 1.017
8000.000 0.874
8005.000 0.819
8010.000 0.747
8015.000 0.682
8020.000 0.655
8025.000 0.639
8030.000 0.628
8035.000 0.621
8040.000 0.627
8045.000 0.623
8050.000 0.626
8055.000 0.619
8060.000 0.631
8065.000 0.639
8070.000 0.641
8075.000 0.646
8080.000 0.646
8085.000 0.663
8090.000 0.672
8095.000 0.672
8100.000 0.647
8105.000 0.628
8110.000 0.555
8115.000 0.490
8120.000 0.459
8125.000 0.403
8130.000 0.388
8135.000 0.364
8140.000 0.357
8145.000 0.359
8150.000 0.362
8155.000 0.365
8160.000 0.356
8165.000 0.337
8170.000 0.330
8175.000 0.324
8180.000 0.323
8185.000 0.319
8190.000 0.318
8195.000 0.321
8200.000 0.323
8205.000 0.324
8210.000 0.325
8215.000 0.325
8220.000 0.325
8225.000 0.329
8230.000 0.330
8235.000 0.331
8240.000 0.331
8245.000 0.329
8250.000 0.330
8255.000 0.332
8260.000 0.332
8265.000 0.331
8270.000 0.330
8275.000 0.333
8280.000 0.332
8285.000 0.335
8290.000 0.337
8295.000 0.335
8300.000 0.335
8305.000 0.338
8310.000 0.340
8315.000 0.341
8320.000 0.341
8325.000 0.342
8330.000 0.344
8335.000 0.341
8340.000 0.341
8345.000 0.341
8350.000 0.344
8355.000 0.344
8360.000 0.342
8365.000 0.343
8370.000 0.345
8375.000 0.346
8380.000 0.345
8385.000 0.349
8390.000 0.350
8395.000 0.350
8400.000 0.351
8405.000 0.351
8410.000 0.353
8415.000 0.352
8420.000 0.353
8425.000 0.357
8430.000 0.355
8435.000 0.355
8440.000 0.357
8445.000 0.355
8450.000 0.357
8455.000 0.358
8460.000 0.357
8465.000 0.357
8470.000 0.362
8475.000 0.361
8480.000 0.363
8485.000 0.364
8490.000 0.365
8495.000 0.365
8500.000 0.367
8505.000 0.364
8510.000 0.366
8515.000 0.367
8520.000 0.367
8525.000 0.371
8530.000 0.367
8535.000 0.376
8540.000 0.375
8545.000 0.379
8550.000 0.374
8555.000 0.373
8560.000 0.373
8565.000 0.376
8570.000 0.373
8575.000 0.371
8580.000 0.376
8585.000 0.373
8590.000 0.371
8595.000 0.374
8600.000 0.374
8605.000 0.374
8610.000 0.376
8615.000 0.374
8620.000 0.373
8625.000 0.376
8630.000 0.373
8635.000 0.376
8640.000 0.374
8645.000 0.375
8650.000 0.372
8655.000 0.374
8660.000 0.376
8665.000 0.377
8670.000 0.374
8675.000 0.375
8680.000 0.374
8685.000 0.375
8690.000 0.375
8695.000 0.373
8700.000 0.376
8705.000 0.378
8710.000 0.377
8715.000 0.378
8720.000 0.379
8725.000 0.376
8730.000 0.380
8735.000 0.379
8740.000 0.382
8745.000 0.388
8750.000 0.383
8755.000 0.383
8760.000 0.384
8765.000 0.380
8770.000 0.380
8775.000 0.382
8780.000 0.377
8785.000 0.381
8790.000 0.381
8795.000 0.381
8800.000 0.380
8805.000 0.381
8810.000 0.390
8815.000 0.386
8820.000 0.377
8825.000 0.397
8830.000 0.412
8835.000 0.387
8840.000 0.397
8845.000 0.380
8850.000 0.388
8855.000 0.387
8860.000 0.386
8865.000 0.384
8870.000 0.383
8875.000 0.382
8880.000 0.379
8885.000 0.385
8890.000 0.383
8895.000 0.387
8900.000 0.383
8905.000 0.384
8910.000 0.384
8915.000 0.381
8920.000 0.387
8925.000 0.386
8930.000 0.382
8935.000 0.384
8940.000 0.389
8945.000 0.386
8950.000 0.384
8955.000 0.381
8960.000 0.380
8965.000 0.385
8970.000 0.379
8975.000 0.385
8980.000 0.387
8985.000 0.378
8990.000 0.379
8995.000 0.379
9000.000 0.389
9005.000 0.386
9010.000 0.392
9015.000 0.389
9020.000 0.398
9025.000 0.395
9030.000 0.394
9035.000 0.387
9040.000 0.383
9045.000 0.383
9050.000 0.386
9055.000 0.385
9060.000 0.382
9065.000 0.390
9070.000 0.392
9075.000 0.391
9080.000 0.392
9085.000 0.391
9090.000 0.388
9095.000 0.385
9100.000 0.386
9105.000 0.385
9110.000 0.383
9115.000 0.383
9120.000 0.387
9125.000 0.386
9130.000 0.383
9135.000 0.381
9140.000 0.380
9145.000 0.384
9150.000 0.386
9155.000 0.382
9160.000 0.384
9165.000 0.383
9170.000 0.385
9175.000 0.383
9180.000 0.385
9185.000 0.383
9190.000 0.386
9195.000 0.383
9200.000 0.383
9205.000 0.384
9210.000 0.390
9215.000 0.389
9220.000 0.388
9225.000 0.388
9230.000 0.384
9235.000 0.388
9240.000 0.389
9245.000 0.386
9250.000 0.387
9255.000 0.387
9260.000 0.388
9265.000 0.389
9270.000 0.390
9275.000 0.388
9280.000 0.387
9285.000 0.395
9290.000 0.395
9295.000 0.397
9300.000 0.393
9305.000 0.394
9310.000 0.390
9315.000 0.390
9320.000 0.389
9325.000 0.389
9330.000 0.389
9335.000 0.386
9340.000 0.387
9345.000 0.386
9350.000 0.390
9355.000 0.387
9360.000 0.387
9365.000 0.387
9370.000 0.389
9375.000 0.391
9380.000 0.390
9385.000 0.393
9390.000 0.387
9395.000 0.388
9400.000 0.387
9405.000 0.388
9410.000 0.387
9415.000 0.389
9420.000 0.389
9425.000 0.387
9430.000 0.391
9435.000 0.391
9440.000 0.390
9445.000 0.388
9450.000 0.387
9455.000 0.391
9460.000 0.388
9465.000 0.388
9470.000 0.390
9475.000 0.388
9480.000 0.390
9485.000 0.392
9490.000 0.389
9495.000 0.396
9500.000 0.394
9505.000 0.393
9510.000 0.393
9515.000 0.393
9520.000 0.388
9525.000 0.388
9530.000 0.392
9535.000 0.392
9540.000 0.391
9545.000 0.391
9550.000 0.391
9555.000 0.389
9560.000 0.392
9565.000 0.388
9570.000 0.387
9575.000 0.387
9580.000 0.385
9585.000 0.386
9590.000 0.386
9595.000 0.386
9600.000 0.385
9605.000 0.389
9610.000 0.391
9615.000 0.397
9620.000 0.394
9625.000 0.393
9630.000 0.393
9635.000 0.392
9640.000 0.393
9645.000 0.389
9650.000 0.389
9655.000 0.385
9660.000 0.386
9665.000 0.387
9670.000 0.386
9675.000 0.388
9680.000 0.387
9685.000 0.386
9690.000 0.387
9695.000 0.384
9700.000 0.383
9705.000 0.388
9710.000 0.386
9715.000 0.387
9720.000 0.385
9725.000 0.385
9730.000 0.382
9735.000 0.385
9740.000 0.385
9745.000 0.385
9750.000 0.385
9755.000 0.384
9760.000 0.383
9765.000 0.381
9770.000 0.381
9775.000 0.379
9780.000 0.379
9785.000 0.383
9790.000 0.382
9795.000 0.379
9800.000 0.378
9805.000 0.373
9810.000 0.379
9815.000 0.379
9820.000 0.379
9825.000 0.374
9830.000 0.369
9835.000 0.368
9840.000 0.362
9845.000 0.357
9850.000 0.353
9855.000 0.345
9860.000 0.337
9865.000 0.332
9870.000 0.320
9875.000 0.315
9880.000 0.302
9885.000 0.295
9890.000 0.278
9895.000 0.261
9900.000 0.256
9905.000 0.257
9910.000 0.276
9915.000 0.363
9920.000 0.613
9925.000 0.842
9930.000 1.518
9935.000 2.123
9940.000 2.303
9945.000 2.402
9950.000 2.377
9955.000 2.282
9960.000 2.235
9965.000 2.167
9970.000 2.152
9975.000 2.151
9980.000 2.208
9985.000 2.266
9990.000 2.446
9995.000 2.587
10000.000 2.938
10005.000 3.333
10010.000 3.508
10015.000 3.751
10020.000 3.674
10025.000 3.130
10030.000 2.375
10035.000 2.038
10040.000 1.501
10045.000 1.302
10050.000 1.017
10055.000 0.820
10060.000 0.760
10065.000 0.663
10070.000 0.637
10075.000 0.606
10080.000 0.589
10085.000 0.584
10090.000 0.598
10095.000 0.613
10100.000 0.657
10105.000 0.719
10110.000 0.763
10115.000 0.899
10120.000 0.993
10125.000 1.262
10130.000 1.683
10135.000 1.962
10140.000 2.650
10145.000 3.082
10150.000 3.856
10155.000 4.395
10160.000 4.492
10165.000 4.292
10170.000 4.020
10175.000 3.369
10180.000 2.770
10185.000 2.525
10190.000 2.113
10195.000 1.951
10200.000 1.702
10205.000 1.517
10210.000 1.445
10215.000 1.341
10220.000 1.310
10225.000 1.269
10230.000 1.244
10235.000 1.232
10240.000 1.226
10245.000 1.227
10250.000 1.229
10255.000 1.230
10260.000 1.247
10265.000 1.270
10270.000 1.281
10275.000 1.317
10280.000 1.338
10285.000 1.396
10290.000 1.464
10295.000 1.564
10300.000 1.621
10305.000 1.678
10310.000 1.816
10315.000 1.987
10320.000 2.090
10325.000 2.279
10330.000 2.348
10335.000 2.369
10340.000 2.206
10345.000 2.077
10350.000 1.755
10355.000 1.502
10360.000 1.365
10365.000 1.125
10370.000 1.023
10375.000 0.859
10380.000 0.789
10385.000 0.670
10390.000 0.589
10395.000 0.549
10400.000 0.479
10405.000 0.456
10410.000 0.411
10415.000 0.381
10420.000 0.367
10425.000 0.346
10430.000 0.337
10435.000 0.321
10440.000 0.317
10445.000 0.317
10450.000 0.328
10455.000 0.338
10460.000 0.359
10465.000 0.391
10470.000 0.411
10475.000 0.455
10480.000 0.491
10485.000 0.574
10490.000 0.693
10495.000 0.769
10500.000 0.980
10505.000 1.119
10510.000 1.477
10515.000 1.954
10520.000 2.226
10525.000 2.805
10530.000 3.072
10535.000 3.495
10540.000 3.652
10545.000 3.610
10550.000 3.261
10555.000 3.042
10560.000 2.572
10565.000 2.165
10570.000 1.993
10575.000 1.704
10580.000 1.584
10585.000 1.393
10590.000 1.254
10595.000 1.198
10600.000 1.110
10605.000 1.081
10610.000 1.044
10615.000 1.023
10620.000 1.013
10625.000 1.007
10630.000 0.998
10635.000 0.996
10640.000 0.994
10645.000 0.994
10650.000 1.000
10655.000 1.005
10660.000 1.007
10665.000 1.020
10670.000 1.029
10675.000 1.045
10680.000 1.060
10685.000 1.079
10690.000 1.115
10695.000 1.132
10700.000 1.177
10705.000 1.206
10710.000 1.264
10715.000 1.336
10720.000 1.369
10725.000 1.432
10730.000 1.456
10735.000 1.458
10740.000 1.395
10745.000 1.341
10750.000 1.205
10755.000 1.123
10760.000 0.965
10765.000 0.795
10770.000 0.709
10775.000 0.570
10780.000 0.506
10785.000 0.399
10790.000 0.318
10795.000 0.282
10800.000 0.222
10805.000 0.195
10810.000 0.152
10815.000 0.121
10820.000 0.108
10825.000 0.086
10830.000 0.079
10835.000 0.069
10840.000 0.058
10845.000 0.057
10850.000 0.055
10855.000 0.060
10860.000 0.070
10865.000 0.076
10870.000 0.094
10875.000 0.119
10880.000 0.135
10885.000 0.174
10890.000 0.202
10895.000 0.280
10900.000 0.404
10905.000 0.492
10910.000 0.705
10915.000 0.826
10920.000 1.098
10925.000 1.397
10930.000 1.554
10935.000 1.817
10940.000 1.906
10945.000 1.985
10950.000 1.926
10955.000 1.868
10960.000 1.719
10965.000 1.649
10970.000 1.512
10975.000 1.379
10980.000 1.323
10985.000 1.228
10990.000 1.184
10995.000 1.102
11000.000 1.027
11005.000 1.001
11010.000 0.931
11015.000 0.907
11020.000 0.849
11025.000 0.807
11030.000 0.785
11035.000 0.758
11040.000 0.742
11045.000 0.760
11050.000 0.737
11055.000 0.729
11060.000 0.723
11065.000 0.728
11070.000 0.721
11075.000 0.726
11080.000 0.723
11085.000 0.709
11090.000 0.696
11095.000 0.667
11100.000 0.621
11105.000 0.589
11110.000 0.516
11115.000 0.462
11120.000 0.363
11125.000 0.279
11130.000 0.244
11135.000 0.204
11140.000 0.193
11145.000 0.185
11150.000 0.189
11155.000 0.194
11160.000 0.200
11165.000 0.202
11170.000 0.208
11175.000 0.216
11180.000 0.221
11185.000 0.230
11190.000 0.234
11195.000 0.255
11200.000 0.282
11205.000 0.303
11210.000 0.353
11215.000 0.381
11220.000 0.433
11225.000 0.461
11230.000 0.462
11235.000 0.457
11240.000 0.446
11245.000 0.431
11250.000 0.417
11255.000 0.411
11260.000 0.402
11265.000 0.398
11270.000 0.395
11275.000 0.393
11280.000 0.392
11285.000 0.390
11290.000 0.390
11295.000 0.388
11300.000 0.386
11305.000 0.386
11310.000 0.388
11315.000 0.387
11320.000 0.387
11325.000 0.386
11330.000 0.384
11335.000 0.383
11340.000 0.383
11345.000 0.384
11350.000 0.383
11355.000 0.382
11360.000 0.383
11365.000 0.382
11370.000 0.379
11375.000 0.379
11380.000 0.381
11385.000 0.381
11390.000 0.383
11395.000 0.381
11400.000 0.382
11405.000 0.381
11410.000 0.381
11415.000 0.379
11420.000 0.380
11425.000 0.376
11430.000 0.378
11435.000 0.377
11440.000 0.377
11445.000 0.376
11450.000 0.378
11455.000 0.383
11460.000 0.375
11465.000 0.377
11470.000 0.374
11475.000 0.373
11480.000 0.374
11485.000 0.373
11490.000 0.377
11495.000 0.375
11500.000 0.375
11505.000 0.379
11510.000 0.376
11515.000 0.377
11520.000 0.376
11525.000 0.377
11530.000 0.380
11535.000 0.379
11540.000 0.376
11545.000 0.373
11550.000 0.377
11555.000 0.374
11560.000 0.375
11565.000 0.372
11570.000 0.376
11575.000 0.375
11580.000 0.376
11585.000 0.377
11590.000 0.374
11595.000 0.373
11600.000 0.375
11605.000 0.374
11610.000 0.373
11615.000 0.375
11620.000 0.370
11625.000 0.373
11630.000 0.374
11635.000 0.376
11640.000 0.373
11645.000 0.373
11650.000 0.374
11655.000 0.372
11660.000 0.376
11665.000 0.374
11670.000 0.372
11675.000 0.375
11680.000 0.372
11685.000 0.371
11690.000 0.372
11695.000 0.372
11700.000 0.374
11705.000 0.372
11710.000 0.375
11715.000 0.378
11720.000 0.376
11725.000 0.376
11730.000 0.374
11735.000 0.372
11740.000 0.372
11745.000 0.370
11750.000 0.373
11755.000 0.372
11760.000 0.375
11765.000 0.369
11770.000 0.369
11775.000 0.372
11780.000 0.372
11785.000 0.369
11790.000 0.368
11795.000 0.368
11800.000 0.366
11805.000 0.369
11810.000 0.369
11815.000 0.364
11820.000 0.365
11825.000 0.368
11830.000 0.366
11835.000 0.366
11840.000 0.365
11845.000 0.363
11850.000 0.365
11855.000 0.364
11860.000 0.365
11865.000 0.365
11870.000 0.365
11875.000 0.365
11880.000 0.364
11885.000 0.365
11890.000 0.364
11895.000 0.364
11900.000 0.364
11905.000 0.363
11910.000 0.366
11915.000 0.362
11920.000 0.362
11925.000 0.366
11930.000 0.364
11935.000 0.366
11940.000 0.365
11945.000 0.361
11950.000 0.363
11955.000 0.363
11960.000 0.367
11965.000 0.364
11970.000 0.363
11975.000 0.363
11980.000 0.362
11985.000 0.368
11990.000 0.364
11995.000 0.366
12000.000 0.371
