110.000 0.032
120.000 0.032
130.000 0.054
140.000 0.210
150.000 2.342
160.000 4.741
170.000 4.741
180.000 5.288
190.000 5.118
200.000 4.863
210.000 4.602
220.000 4.602
230.000 4.836
240.000 5.633
250.000 6.742
260.000 8.392
270.000 8.392
280.000 9.749
290.000 11.413
300.000 13.357
310.000 13.357
320.000 15.702
330.000 19.005
340.000 24.212
350.000 33.013
360.000 44.568
370.000 44.559
380.000 58.539
400.000 68.696
410.000 50.065
420.000 50.065
430.000 41.363
440.000 37.592
450.000 36.273
460.000 35.302
470.000 35.302
480.000 33.730
490.000 30.913
500.000 26.967
510.000 22.763
520.000 22.763
530.000 19.016
540.000 15.908
550.000 13.572
560.000 11.715
570.000 11.715
580.000 10.349
590.000 9.324
600.000 8.577
610.000 8.061
620.000 8.061
630.000 7.803
640.000 7.507
650.000 7.377
660.000 7.495
670.000 7.493
680.000 8.162
690.000 11.171
700.000 14.568
710.000 20.057
720.000 20.055
730.000 29.705
740.000 43.534
750.000 42.129
760.000 42.120
770.000 11.021
780.000 8.354
790.000 6.014
800.000 4.415
810.000 3.387
820.000 3.387
830.000 2.696
840.000 2.197
850.000 1.849
860.000 1.587
870.000 1.587
880.000 1.384
890.000 1.230
900.000 1.117
910.000 1.027
920.000 1.027
930.000 0.957
940.000 0.905
950.000 0.870
960.000 0.870
970.000 0.840
980.000 0.845
990.000 0.856
1000.000 0.905
1010.000 0.971
1020.000 0.971
1030.000 1.063
1040.000 1.241
1050.000 1.569
1060.000 2.224
1070.000 2.224
1080.000 3.502
1090.000 4.854
1100.000 1.624
1110.000 1.006
1120.000 1.006
1130.000 0.656
1140.000 0.528
1150.000 0.444
1160.000 0.444
1170.000 0.391
1180.000 0.363
1190.000 0.352
1200.000 0.346
1210.000 0.346
1220.000 0.346
1230.000 0.358
1240.000 0.371
1250.000 0.389
1260.000 0.389
1270.000 0.417
1280.000 0.446
1290.000 0.490
1300.000 0.539
1310.000 0.606
1320.000 0.606
1330.000 0.695
1340.000 0.811
1350.000 0.966
1360.000 0.966
1370.000 1.211
1380.000 1.652
1390.000 2.608
1400.000 4.981
1410.000 9.277
1420.000 9.277
1430.000 16.388
1440.000 16.646
1450.000 6.210
1460.000 6.210
1470.000 4.792
1480.000 3.734
1490.000 3.055
1500.000 2.585
1510.000 2.284
1520.000 2.051
1530.000 2.051
1540.000 1.890
1550.000 1.762
1560.000 1.762
1570.000 1.674
1580.000 1.604
1590.000 1.560
1600.000 1.524
1610.000 1.504
1620.000 1.504
1630.000 1.493
1640.000 1.491
1650.000 1.511
1660.000 1.511
1670.000 1.622
1680.000 1.935
1690.000 2.655
1700.000 4.003
1710.000 5.895
1720.000 5.895
1730.000 8.321
1740.000 12.043
1750.000 18.876
1760.000 18.876
1770.000 30.262
1780.000 37.787
1790.000 23.948
1800.000 14.490
1810.000 10.444
1820.000 8.183
1830.000 8.183
1840.000 6.683
1850.000 5.669
1860.000 5.669
1870.000 4.936
1880.000 4.401
1890.000 4.008
1900.000 3.722
1910.000 3.515
1920.000 3.515
1930.000 3.374
1940.000 3.284
1950.000 3.249
1960.000 3.248
1970.000 3.263
1980.000 3.329
1990.000 3.465
2000.000 3.769
2010.000 4.371
2020.000 4.371
2030.000 5.299
2040.000 6.758
2050.000 8.698
2060.000 8.698
2070.000 11.317
2080.000 14.532
2090.000 18.298
2100.000 22.665
2110.000 27.277
2120.000 27.277
2130.000 29.707
2140.000 26.795
2150.000 19.219
2160.000 19.219
2170.000 14.491
2180.000 11.330
2190.000 9.118
2200.000 9.118
2210.000 7.505
2220.000 6.315
2230.000 5.429
2240.000 4.776
2250.000 4.280
2260.000 4.280
2270.000 3.893
2280.000 3.590
2290.000 3.353
2300.000 3.353
2310.000 3.176
2320.000 3.050
2330.000 2.974
2340.000 2.946
2350.000 2.979
2360.000 2.979
2370.000 3.258
2390.000 5.050
2410.000 6.009
2420.000 6.515
2430.000 7.459
2440.000 9.649
2450.000 15.873
2460.000 15.873
2470.000 23.367
2480.000 27.547
2490.000 20.340
2500.000 20.340
2510.000 11.148
2520.000 7.545
2530.000 5.514
2540.000 4.266
2550.000 4.266
2560.000 3.447
2570.000 2.880
2580.000 2.480
2590.000 2.480
2600.000 2.176
2610.000 1.953
2620.000 1.785
2630.000 1.666
2640.000 1.574
2650.000 1.573
2660.000 1.513
2670.000 1.480
2680.000 1.471
2690.000 1.489
2700.000 1.488
2710.000 1.542
2720.000 1.651
2730.000 1.822
2740.000 2.083
2750.000 2.480
2760.000 2.480
2770.000 3.295
2780.000 5.081
2790.000 5.081
2800.000 8.872
2810.000 14.886
2820.000 21.490
2830.000 23.314
2840.000 11.814
2850.000 11.814
2860.000 7.500
2870.000 5.274
2880.000 3.981
2890.000 3.981
2900.000 3.149
2910.000 2.582
2920.000 2.185
2930.000 1.894
2940.000 1.680
2950.000 1.680
2960.000 1.516
2970.000 1.397
2980.000 1.307
2990.000 1.232
3000.000 1.232
3010.000 1.189
3020.000 1.152
3030.000 1.155
3040.000 1.159
3050.000 1.159
3060.000 1.177
3070.000 1.249
3080.000 1.361
3090.000 1.361
3100.000 1.542
3110.000 1.842
3120.000 2.433
3130.000 3.468
3140.000 3.468
3150.000 5.833
3160.000 10.935
3170.000 16.589
3180.000 13.839
3190.000 5.897
3200.000 5.897
3210.000 3.951
3220.000 2.823
3230.000 2.147
3240.000 2.147
3250.000 1.705
3260.000 1.410
3270.000 1.203
3280.000 1.054
3290.000 0.946
3300.000 0.946
3310.000 0.863
3320.000 0.804
3330.000 0.763
3340.000 0.763
3350.000 0.733
3360.000 0.715
3370.000 0.713
3380.000 0.721
3390.000 0.743
3400.000 0.743
3410.000 0.781
3420.000 0.849
3430.000 0.971
3440.000 0.971
3450.000 1.179
3460.000 1.541
3470.000 2.187
3480.000 3.279
3490.000 3.279
3500.000 5.230
3510.000 9.478
3520.000 13.243
3530.000 7.660
3540.000 7.660
3550.000 4.398
3560.000 3.033
3570.000 2.290
3580.000 1.822
3590.000 1.822
3600.000 1.504
3610.000 1.283
3620.000 1.120
3630.000 1.000
3640.000 1.000
3650.000 0.912
3660.000 0.846
3670.000 0.793
3680.000 0.757
3690.000 0.756
3700.000 0.728
3710.000 0.713
3720.000 0.707
3730.000 0.709
3740.000 0.709
3750.000 0.727
3760.000 0.756
3770.000 0.811
3780.000 0.920
3790.000 0.920
3800.000 1.105
3810.000 1.434
3820.000 1.983
3830.000 2.936
3840.000 2.936
3850.000 4.490
3860.000 7.072
3870.000 8.449
3880.000 3.959
3890.000 3.959
3900.000 2.483
3910.000 1.742
3920.000 1.331
3930.000 1.070
3940.000 1.070
3950.000 0.896
3960.000 0.778
3970.000 0.691
3980.000 0.631
3990.000 0.581
4000.000 0.581
4010.000 0.554
4020.000 0.522
4030.000 0.514
4040.000 0.514
4050.000 0.505
4060.000 0.496
4070.000 0.509
4080.000 0.514
4090.000 0.514
4100.000 0.538
4110.000 0.580
4120.000 0.661
4130.000 0.789
4140.000 0.789
4150.000 1.010
4160.000 1.404
4170.000 2.087
4180.000 3.241
4190.000 3.241
4200.000 5.149
4210.000 7.770
4220.000 7.305
4230.000 3.275
4240.000 3.275
4250.000 2.338
4260.000 1.747
4270.000 1.382
4280.000 1.142
4290.000 0.984
4300.000 0.984
4310.000 0.864
4320.000 0.789
4330.000 0.789
4340.000 0.728
4350.000 0.687
4360.000 0.655
4370.000 0.626
4380.000 0.608
4390.000 0.600
4400.000 0.600
4410.000 0.593
4420.000 0.594
4430.000 0.594
4440.000 0.605
4450.000 0.628
4460.000 0.668
4470.000 0.734
4480.000 0.849
4490.000 0.849
4500.000 1.032
4510.000 1.351
4520.000 1.935
4530.000 1.935
4540.000 2.973
4550.000 4.434
4560.000 5.638
4570.000 3.645
4580.000 1.747
4590.000 1.746
4600.000 1.151
4610.000 0.838
4620.000 0.653
4630.000 0.653
4640.000 0.539
4650.000 0.470
4660.000 0.417
4670.000 0.385
4680.000 0.361
4690.000 0.342
4700.000 0.342
4710.000 0.329
4720.000 0.317
4730.000 0.317
4740.000 0.300
4750.000 0.289
4760.000 0.270
4770.000 0.257
4780.000 0.243
4790.000 0.243
4800.000 0.236
4810.000 0.238
4820.000 0.265
4830.000 0.265
4840.000 0.334
4850.000 0.469
4860.000 0.836
4870.000 1.932
4880.000 3.872
4890.000 6.569
4900.000 6.569
4910.000 8.396
4920.000 5.466
4930.000 3.950
4940.000 3.950
4950.000 3.227
4960.000 2.800
4970.000 2.520
4980.000 2.327
4990.000 2.327
5000.000 2.185
5010.000 2.105
5020.000 2.059
5030.000 2.053
5040.000 2.053
5050.000 2.067
5060.000 2.105
5070.000 2.158
5080.000 2.253
5090.000 2.368
5100.000 2.368
5110.000 2.490
5120.000 2.631
5130.000 2.631
5140.000 2.804
5150.000 3.034
5160.000 3.338
5170.000 3.747
5180.000 4.322
5190.000 5.166
5200.000 5.166
5210.000 6.473
5220.000 8.653
5230.000 12.423
5240.000 12.421
5250.000 17.691
5260.000 18.468
5270.000 9.366
5280.000 5.979
5290.000 5.979
5300.000 4.236
5310.000 3.207
5320.000 2.542
5330.000 2.087
5340.000 2.087
5350.000 1.777
5360.000 1.550
5370.000 1.385
5380.000 1.264
5390.000 1.170
5400.000 1.170
5410.000 1.107
5420.000 1.062
5430.000 1.036
5440.000 1.036
5450.000 1.029
5460.000 1.035
5470.000 1.060
5480.000 1.100
5490.000 1.100
5500.000 1.178
5510.000 1.288
5520.000 1.474
5530.000 1.474
5540.000 1.889
5550.000 2.718
5560.000 4.440
5570.000 7.341
5580.000 7.339
5590.000 11.307
5600.000 14.913
5610.000 12.125
5620.000 5.844
5630.000 5.844
5640.000 4.032
5650.000 2.956
5660.000 2.295
5670.000 1.858
5680.000 1.858
5690.000 1.551
5700.000 1.330
5710.000 1.172
5720.000 1.053
5730.000 1.053
5740.000 0.963
5750.000 0.897
5760.000 0.845
5770.000 0.809
5780.000 0.809
5790.000 0.788
5800.000 0.777
5810.000 0.784
5820.000 0.795
5830.000 0.795
5840.000 0.828
5850.000 0.873
5860.000 0.948
5870.000 1.059
5880.000 1.059
5890.000 1.250
5900.000 1.716
5910.000 2.848
5920.000 5.378
5930.000 5.377
5940.000 8.963
5950.000 11.491
5960.000 8.234
5970.000 4.548
5980.000 4.548
5990.000 3.238
6000.000 2.502
6010.000 2.047
6020.000 1.725
6030.000 1.725
6040.000 1.532
6050.000 1.370
6060.000 1.240
6070.000 1.146
6080.000 1.146
6090.000 1.087
6100.000 1.032
6110.000 0.999
6120.000 0.984
6130.000 0.984
6140.000 0.976
6150.000 0.982
6160.000 1.003
6170.000 1.041
6180.000 1.041
6190.000 1.095
6200.000 1.177
6210.000 1.322
6220.000 1.626
6230.000 1.626
6240.000 2.191
6250.000 3.287
6260.000 5.294
6270.000 8.314
6280.000 8.314
6290.000 11.893
6300.000 13.075
6310.000 7.740
6320.000 4.989
6330.000 4.989
6340.000 3.656
6350.000 2.891
6360.000 2.409
6370.000 2.133
6380.000 2.133
6390.000 1.842
6400.000 1.617
6410.000 1.445
6420.000 1.323
6430.000 1.323
6440.000 1.226
6450.000 1.151
6460.000 1.093
6470.000 1.057
6480.000 1.057
6490.000 1.035
6500.000 1.028
6510.000 1.041
6520.000 1.073
6530.000 1.121
6540.000 1.121
6550.000 1.200
6560.000 1.366
6570.000 1.708
6580.000 1.708
6590.000 2.404
6600.000 3.824
6610.000 6.342
6620.000 9.905
6630.000 13.742
6640.000 13.742
6650.000 13.926
6660.000 7.709
6670.000 5.319
6680.000 5.319
6690.000 3.911
6700.000 3.149
6710.000 2.630
6720.000 2.253
6730.000 2.253
6740.000 1.989
6750.000 1.809
6760.000 1.671
6770.000 1.557
6780.000 1.557
6790.000 1.480
6800.000 1.424
6810.000 1.386
6820.000 1.371
6830.000 1.367
6840.000 1.367
6850.000 1.382
6860.000 1.423
6870.000 1.524
6880.000 1.524
6890.000 1.676
6900.000 1.901
6910.000 2.257
6920.000 2.852
6930.000 3.907
6940.000 3.907
6950.000 5.740
6960.000 8.578
6970.000 8.578
6980.000 12.117
6990.000 14.117
7000.000 9.818
7010.000 5.368
7020.000 3.625
7030.000 3.625
7040.000 2.655
7050.000 2.048
7060.000 1.692
7070.000 1.692
7080.000 1.428
7090.000 1.227
7100.000 1.090
7110.000 0.983
7120.000 0.905
7130.000 0.905
7140.000 0.840
7150.000 0.795
7160.000 0.761
7170.000 0.761
7180.000 0.739
7190.000 0.726
7200.000 0.726
7210.000 0.734
7220.000 0.757
7230.000 0.797
7240.000 0.797
7250.000 0.860
7260.000 0.985
7270.000 0.985
7280.000 1.223
7290.000 1.828
7300.000 3.254
7310.000 5.954
7320.000 9.315
7330.000 9.315
7340.000 11.427
7350.000 8.427
7360.000 5.206
7370.000 5.206
7380.000 3.887
7390.000 3.080
7400.000 2.541
7410.000 2.167
7420.000 1.902
7430.000 1.901
7440.000 1.722
7450.000 1.577
7460.000 1.458
7470.000 1.458
7480.000 1.382
7490.000 1.312
7500.000 1.264
7510.000 1.229
7520.000 1.207
7530.000 1.207
7540.000 1.210
7550.000 1.228
7560.000 1.262
7570.000 1.320
7580.000 1.320
7590.000 1.443
7600.000 1.660
7610.000 2.013
7620.000 2.561
7630.000 2.561
7640.000 3.543
7650.000 5.261
7660.000 7.876
7670.000 7.876
7680.000 10.569
7690.000 10.355
7700.000 5.448
7710.000 3.331
7720.000 2.283
7730.000 2.283
7740.000 1.686
7750.000 1.315
7760.000 1.073
7770.000 1.073
7780.000 0.915
7790.000 0.797
7800.000 0.711
7810.000 0.648
7820.000 0.595
7830.000 0.557
7840.000 0.557
7850.000 0.521
7860.000 0.502
7870.000 0.502
7880.000 0.483
7890.000 0.469
7900.000 0.467
7910.000 0.467
7920.000 0.470
7930.000 0.488
7940.000 0.517
7950.000 0.596
7960.000 0.740
7970.000 1.008
7980.000 1.008
7990.000 1.570
8000.000 2.998
8010.000 2.998
8020.000 5.739
8030.000 7.812
8040.000 6.135
8050.000 3.854
8060.000 3.721
8070.000 3.176
8080.000 3.175
8090.000 2.526
8100.000 2.183
8110.000 2.183
8120.000 1.926
8130.000 1.719
8140.000 1.566
8150.000 1.471
8160.000 1.390
8170.000 1.390
8180.000 1.323
8190.000 1.268
8200.000 1.229
8210.000 1.190
8220.000 1.159
8230.000 1.167
8240.000 1.167
8250.000 1.187
8260.000 1.224
8270.000 1.292
8280.000 1.292
8290.000 1.427
8300.000 1.656
8310.000 1.656
8320.000 2.046
8330.000 2.682
8340.000 3.773
8350.000 5.691
8360.000 8.020
8370.000 8.020
8380.000 8.945
8390.000 5.953
8400.000 3.566
8410.000 3.566
8420.000 2.175
8430.000 1.499
8440.000 1.114
8450.000 0.870
8460.000 0.714
8470.000 0.714
8480.000 0.607
8490.000 0.520
8500.000 0.461
8510.000 0.461
8520.000 0.427
8530.000 0.395
8540.000 0.372
8550.000 0.349
8560.000 0.333
8570.000 0.333
8580.000 0.315
8590.000 0.303
8600.000 0.291
8610.000 0.291
8620.000 0.287
8630.000 0.295
8640.000 0.344
8650.000 0.433
8660.000 0.621
8670.000 0.621
8680.000 0.993
8690.000 1.864
8700.000 3.776
8710.000 3.776
8720.000 5.879
8730.000 5.141
8740.000 3.295
8750.000 2.988
8760.000 3.212
8770.000 3.212
8780.000 2.760
8790.000 2.316
8800.000 2.022
8810.000 2.022
8820.000 1.804
8830.000 1.637
8840.000 1.507
8850.000 1.419
8860.000 1.358
8870.000 1.358
8880.000 1.266
8890.000 1.218
8900.000 1.154
8910.000 1.154
8920.000 1.111
8930.000 1.095
8940.000 1.086
8950.000 1.092
8960.000 1.109
8970.000 1.109
8980.000 1.149
8990.000 1.216
9000.000 1.358
9010.000 1.358
9020.000 1.599
9030.000 2.044
9040.000 2.928
9050.000 4.314
9060.000 5.976
9070.000 5.975
9080.000 5.602
9090.000 2.854
9100.000 1.556
9110.000 1.556
9120.000 0.972
9130.000 0.654
9140.000 0.480
9150.000 0.377
9160.000 0.318
9170.000 0.318
9180.000 0.282
9190.000 0.259
9200.000 0.242
9210.000 0.242
9220.000 0.231
9230.000 0.215
9240.000 0.201
9250.000 0.188
9260.000 0.170
9270.000 0.170
9280.000 0.156
9290.000 0.136
9300.000 0.117
9310.000 0.117
9320.000 0.096
9330.000 0.082
9340.000 0.101
9350.000 0.162
9360.000 0.274
9370.000 0.274
9380.000 0.517
9390.000 1.067
9400.000 2.066
9410.000 2.066
9420.000 3.648
9430.000 4.067
9440.000 2.790
9450.000 2.172
9460.000 1.822
9470.000 1.822
9480.000 1.580
9490.000 1.415
9500.000 1.293
9510.000 1.293
9520.000 1.188
9530.000 1.115
9540.000 1.049
9550.000 0.995
9560.000 0.947
9570.000 0.947
9580.000 0.903
9590.000 0.862
9600.000 0.827
9610.000 0.827
9620.000 0.808
9630.000 0.795
9640.000 0.792
9650.000 0.796
9660.000 0.810
9670.000 0.810
9680.000 0.841
9690.000 0.893
9700.000 0.983
9710.000 0.983
9720.000 1.135
9730.000 1.398
9740.000 1.861
9750.000 2.472
9760.000 2.556
9770.000 2.556
9780.000 1.526
9790.000 0.727
9800.000 0.398
9810.000 0.242
9820.000 0.242
9830.000 0.167
9840.000 0.141
9850.000 0.141
9860.000 0.148
9870.000 0.152
9880.000 0.152
9890.000 0.162
9900.000 0.159
9910.000 0.159
9920.000 0.165
9930.000 0.167
9940.000 0.164
9950.000 0.164
9960.000 0.153
9970.000 0.127
9980.000 0.127
9990.000 0.102
10000.000 0.084
10010.000 0.084
10020.000 0.064
10030.000 0.045
10040.000 0.035
10050.000 0.076
10060.000 0.169
10070.000 0.169
10080.000 0.349
10090.000 0.796
10100.000 1.536
10110.000 1.536
10120.000 2.132
10130.000 1.845
10140.000 1.397
10150.000 1.168
10160.000 1.025
10170.000 1.025
10180.000 0.942
10190.000 0.902
10200.000 0.852
10210.000 0.852
10220.000 0.808
10230.000 0.774
10240.000 0.749
10250.000 0.728
10260.000 0.726
10270.000 0.718
10280.000 0.705
10290.000 0.706
10300.000 0.709
10310.000 0.709
10320.000 0.705
10330.000 0.708
10340.000 0.712
10350.000 0.712
10360.000 0.729
10370.000 0.748
10380.000 0.784
10390.000 0.837
10400.000 0.920
10410.000 0.920
10420.000 1.061
10430.000 1.271
10440.000 1.524
10450.000 1.524
10460.000 1.583
10470.000 1.103
10480.000 0.575
10490.000 0.329
10500.000 0.204
10510.000 0.204
10520.000 0.148
10530.000 0.136
10540.000 0.138
10550.000 0.145
10560.000 0.145
10570.000 0.154
10580.000 0.160
10590.000 0.162
10600.000 0.164
10610.000 0.163
10620.000 0.163
10630.000 0.161
10640.000 0.159
10650.000 0.159
10660.000 0.154
10670.000 0.149
10680.000 0.140
10690.000 0.133
10700.000 0.124
10710.000 0.105
10720.000 0.105
10730.000 0.089
10740.000 0.086
10750.000 0.116
10760.000 0.116
10770.000 0.198
10780.000 0.423
10790.000 1.002
10800.000 1.607
10810.000 1.607
10820.000 1.734
10830.000 1.352
10840.000 1.128
10850.000 0.986
10860.000 0.986
10870.000 0.891
10880.000 0.825
10890.000 0.773
10900.000 0.737
10910.000 0.708
10920.000 0.707
10930.000 0.687
10940.000 0.674
10950.000 0.674
10960.000 0.663
10970.000 0.658
10980.000 0.657
10990.000 0.652
11000.000 0.666
11010.000 0.666
11020.000 0.673
11030.000 0.683
11040.000 0.699
11050.000 0.736
11060.000 0.736
11070.000 0.766
11080.000 0.820
11090.000 0.890
11100.000 0.980
11110.000 0.980
11120.000 1.102
11130.000 1.255
11140.000 1.379
11150.000 1.379
11160.000 1.213
11170.000 0.619
11180.000 0.227
11190.000 0.105
11200.000 0.116
11210.000 0.116
11220.000 0.150
11230.000 0.176
11240.000 0.192
11250.000 0.200
11260.000 0.200
11270.000 0.208
11280.000 0.209
11290.000 0.211
11300.000 0.211
11310.000 0.211
11320.000 0.209
11330.000 0.206
11340.000 0.204
11350.000 0.204
11360.000 0.198
11370.000 0.192
11380.000 0.185
11390.000 0.177
11400.000 0.165
11410.000 0.155
11420.000 0.155
11430.000 0.142
11440.000 0.139
11450.000 0.139
11460.000 0.163
11470.000 0.263
11480.000 0.614
11490.000 1.143
11500.000 1.431
11510.000 1.431
11520.000 1.239
11530.000 1.032
11540.000 0.911
11550.000 0.911
11560.000 0.831
11570.000 0.777
11580.000 0.737
11590.000 0.709
11600.000 0.681
11610.000 0.681
11620.000 0.653
11630.000 0.637
11640.000 0.614
11650.000 0.597
11660.000 0.597
11670.000 0.587
11680.000 0.572
11690.000 0.557
11700.000 0.556
11710.000 0.556
11720.000 0.550
11730.000 0.549
11740.000 0.552
11750.000 0.552
11760.000 0.562
11770.000 0.581
11780.000 0.607
11790.000 0.654
11800.000 0.720
11810.000 0.720
11820.000 0.817
11830.000 0.892
11840.000 0.811
11850.000 0.811
11860.000 0.504
11870.000 0.190
11880.000 0.108
11890.000 0.129
11900.000 0.161
11910.000 0.161
11920.000 0.181
11930.000 0.197
11940.000 0.216
11950.000 0.230
11960.000 0.230
11970.000 0.244
11980.000 0.249
11990.000 0.255
12000.000 0.256
