110.000 0.036
120.000 0.035
130.000 0.040
140.000 0.538
150.000 0.538
160.000 2.101
170.000 3.988
180.000 4.349
190.000 4.505
200.000 4.475
210.000 4.703
220.000 4.703
230.000 5.296
240.000 6.845
250.000 8.798
260.000 8.798
270.000 9.809
280.000 10.940
290.000 12.855
300.000 16.142
310.000 21.241
320.000 22.040
330.000 31.288
340.000 43.617
350.000 58.365
360.000 58.365
370.000 66.232
380.000 44.046
390.000 31.415
400.000 31.415
410.000 26.518
420.000 25.964
430.000 26.787
440.000 28.178
450.000 29.451
460.000 29.447
470.000 29.863
480.000 29.110
490.000 27.310
500.000 27.304
510.000 24.729
520.000 21.973
530.000 19.414
540.000 17.333
550.000 15.785
560.000 15.785
570.000 14.687
580.000 14.092
590.000 13.907
600.000 13.907
610.000 14.277
620.000 15.271
630.000 17.274
640.000 21.234
650.000 29.413
660.000 29.413
670.000 45.445
680.000 57.559
690.000 36.053
700.000 36.053
710.000 16.547
720.000 8.556
730.000 5.920
740.000 4.437
750.000 3.523
760.000 3.522
770.000 2.911
780.000 2.412
790.000 2.050
800.000 2.049
810.000 1.782
820.000 1.574
830.000 1.417
840.000 1.298
850.000 1.204
860.000 1.204
870.000 1.144
880.000 1.111
890.000 1.100
900.000 1.100
910.000 1.122
920.000 1.164
930.000 1.265
940.000 1.443
950.000 1.781
960.000 1.781
970.000 2.439
980.000 3.709
990.000 5.739
1000.000 5.739
1010.000 3.495
1020.000 1.455
1030.000 0.772
1040.000 0.510
1050.000 0.372
1060.000 0.372
1070.000 0.269
1080.000 0.213
1090.000 0.176
1100.000 0.176
1110.000 0.155
1120.000 0.139
1130.000 0.146
1140.000 0.158
1150.000 0.158
1160.000 0.178
1170.000 0.202
1180.000 0.235
1190.000 0.282
1200.000 0.282
1210.000 0.337
1220.000 0.413
1230.000 0.514
1240.000 0.668
1250.000 0.896
1260.000 0.896
1270.000 1.298
1280.000 2.198
1290.000 4.963
1300.000 4.963
1310.000 9.429
1320.000 7.250
1330.000 3.374
1340.000 2.344
1350.000 1.805
1360.000 1.805
1370.000 1.537
1380.000 1.361
1390.000 1.239
1400.000 1.239
1410.000 1.156
1420.000 1.090
1430.000 1.056
1440.000 1.041
1450.000 1.039
1460.000 1.039
1470.000 1.053
1480.000 1.081
1490.000 1.131
1500.000 1.131
1510.000 1.213
1520.000 1.317
1530.000 1.472
1540.000 1.789
1550.000 2.406
1560.000 2.406
1570.000 3.559
1580.000 5.430
1590.000 8.118
1600.000 8.118
1610.000 11.988
1620.000 15.228
1630.000 9.305
1640.000 4.857
1650.000 3.297
1660.000 3.297
1670.000 2.548
1680.000 2.198
1690.000 2.054
1700.000 2.054
1710.000 2.014
1720.000 1.993
1730.000 1.985
1740.000 1.988
1750.000 1.999
1760.000 1.999
1770.000 2.034
1780.000 2.154
1790.000 2.393
1800.000 2.393
1810.000 2.753
1820.000 3.250
1830.000 3.924
1840.000 4.781
1850.000 5.842
1860.000 5.842
1870.000 7.176
1880.000 9.026
1890.000 11.817
1900.000 11.817
1910.000 16.302
1920.000 22.662
1930.000 27.141
1940.000 22.324
1950.000 14.443
1960.000 14.440
1970.000 10.795
1980.000 8.561
1990.000 7.093
2000.000 7.093
2010.000 6.062
2020.000 5.299
2030.000 4.728
2040.000 4.301
2050.000 3.985
2060.000 3.985
2070.000 3.737
2080.000 3.561
2090.000 3.431
2100.000 3.431
2110.000 3.355
2120.000 3.330
2130.000 3.361
2140.000 3.485
2150.000 3.746
2160.000 3.746
2170.000 4.184
2180.000 4.929
2190.000 6.184
2200.000 6.184
2210.000 8.182
2220.000 11.329
2230.000 15.693
2240.000 20.524
2250.000 23.492
2260.000 23.492
2270.000 20.385
2280.000 12.716
2290.000 8.680
2300.000 8.680
2310.000 6.329
2320.000 4.854
2330.000 3.884
2340.000 3.218
2350.000 2.752
2360.000 2.752
2370.000 2.414
2380.000 2.162
2390.000 1.978
2400.000 1.978
2410.000 1.851
2420.000 1.763
2430.000 1.715
2440.000 1.699
2450.000 1.721
2460.000 1.721
2470.000 1.781
2480.000 1.892
2490.000 1.892
2500.000 2.074
2510.000 2.443
2520.000 3.359
2530.000 5.364
2540.000 9.368
2550.000 14.979
2560.000 14.979
2570.000 20.358
2580.000 20.210
2590.000 10.171
2600.000 10.171
2610.000 6.719
2620.000 4.819
2630.000 3.671
2640.000 2.925
2650.000 2.925
2660.000 2.420
2670.000 2.060
2680.000 1.804
2690.000 1.804
2700.000 1.594
2710.000 1.461
2720.000 1.360
2730.000 1.360
2740.000 1.290
2750.000 1.247
2760.000 1.224
2770.000 1.226
2780.000 1.253
2790.000 1.253
2800.000 1.310
2810.000 1.416
2820.000 1.610
2830.000 1.609
2840.000 1.948
2850.000 2.620
2860.000 4.516
2870.000 8.887
2880.000 14.362
2890.000 14.362
2900.000 14.994
2910.000 6.333
2920.000 4.063
2930.000 4.063
2940.000 2.833
2950.000 2.120
2960.000 1.674
2970.000 1.375
2980.000 1.165
2990.000 1.016
3000.000 1.016
3010.000 0.918
3020.000 0.833
3030.000 0.833
3040.000 0.788
3050.000 0.753
3060.000 0.724
3070.000 0.725
3080.000 0.729
3090.000 0.762
3100.000 0.762
3110.000 0.808
3120.000 0.882
3130.000 1.016
3140.000 1.016
3150.000 1.260
3160.000 1.724
3170.000 2.646
3180.000 4.782
3190.000 4.782
3200.000 9.425
3210.000 12.063
3220.000 5.815
3230.000 3.551
3240.000 3.551
3250.000 2.462
3260.000 1.872
3270.000 1.498
3280.000 1.244
3290.000 1.071
3300.000 1.071
3310.000 0.942
3320.000 0.849
3330.000 0.782
3340.000 0.782
3350.000 0.730
3360.000 0.695
3370.000 0.675
3380.000 0.662
3390.000 0.661
3400.000 0.661
3410.000 0.676
3420.000 0.706
3430.000 0.762
3440.000 0.762
3450.000 0.864
3460.000 1.042
3470.000 1.362
3480.000 1.977
3490.000 3.151
3500.000 3.151
3510.000 5.344
3520.000 7.541
3530.000 4.322
3540.000 4.322
3550.000 2.333
3560.000 1.578
3570.000 1.187
3580.000 0.953
3590.000 0.798
3600.000 0.798
3610.000 0.692
3620.000 0.618
3630.000 0.568
3640.000 0.568
3650.000 0.531
3660.000 0.508
3670.000 0.495
3680.000 0.491
3690.000 0.497
3700.000 0.497
3710.000 0.513
3720.000 0.542
3730.000 0.594
3740.000 0.594
3750.000 0.686
3760.000 0.819
3770.000 1.034
3780.000 1.410
3790.000 2.108
3800.000 2.108
3810.000 3.375
3820.000 5.798
3830.000 9.426
3840.000 9.426
3850.000 7.635
3860.000 3.633
3870.000 2.578
3880.000 1.909
3890.000 1.563
3900.000 1.563
3910.000 1.336
3920.000 1.163
3930.000 1.039
3940.000 1.039
3950.000 0.956
3960.000 0.887
3970.000 0.846
3980.000 0.813
3990.000 0.795
4000.000 0.795
4010.000 0.783
4020.000 0.805
4030.000 0.809
4040.000 0.809
4050.000 0.856
4060.000 0.945
4070.000 1.063
4080.000 1.258
4090.000 1.258
4100.000 1.616
4110.000 2.280
4120.000 3.448
4130.000 5.398
4140.000 5.398
4150.000 8.060
4160.000 6.896
4170.000 2.863
4180.000 1.993
4190.000 1.469
4200.000 1.469
4210.000 1.160
4220.000 0.962
4230.000 0.828
4240.000 0.828
4250.000 0.732
4260.000 0.658
4270.000 0.605
4280.000 0.561
4290.000 0.533
4300.000 0.533
4310.000 0.516
4320.000 0.502
4330.000 0.506
4340.000 0.506
4350.000 0.511
4360.000 0.532
4370.000 0.581
4380.000 0.669
4390.000 0.669
4400.000 0.829
4410.000 1.121
4420.000 1.661
4430.000 1.661
4440.000 2.698
4450.000 4.495
4460.000 7.047
4470.000 7.234
4480.000 3.336
4490.000 3.336
4500.000 3.075
4510.000 2.534
4520.000 2.086
4530.000 1.781
4540.000 1.781
4550.000 1.566
4560.000 1.412
4570.000 1.300
4580.000 1.218
4590.000 1.159
4600.000 1.159
4610.000 1.116
4620.000 1.099
4630.000 1.084
4640.000 1.084
4650.000 1.083
4660.000 1.093
4670.000 1.116
4680.000 1.163
4690.000 1.245
4700.000 1.245
4710.000 1.384
4720.000 1.610
4730.000 1.610
4740.000 2.032
4750.000 2.840
4760.000 4.296
4770.000 6.112
4780.000 6.308
4790.000 2.450
4800.000 2.450
4810.000 1.359
4820.000 0.849
4830.000 0.593
4840.000 0.593
4850.000 0.443
4860.000 0.363
4870.000 0.321
4880.000 0.302
4890.000 0.302
4900.000 0.309
4910.000 0.327
4920.000 0.360
4930.000 0.409
4940.000 0.409
4950.000 0.482
4960.000 0.571
4970.000 0.709
4980.000 1.010
4990.000 1.512
5000.000 1.512
5010.000 2.263
5020.000 3.186
5030.000 4.413
5040.000 4.413
5050.000 6.191
5060.000 9.066
5070.000 14.575
5080.000 14.575
5090.000 22.417
5100.000 26.785
5110.000 17.317
5120.000 10.528
5130.000 7.611
5140.000 7.611
5150.000 5.885
5160.000 4.735
5170.000 3.928
5180.000 3.928
5190.000 3.325
5200.000 2.883
5210.000 2.568
5220.000 2.330
5230.000 2.147
5240.000 2.147
5250.000 2.019
5260.000 1.922
5270.000 1.866
5280.000 1.866
5290.000 1.843
5300.000 1.858
5310.000 1.909
5320.000 2.019
5330.000 2.019
5340.000 2.244
5350.000 2.801
5360.000 3.936
5370.000 6.091
5380.000 6.091
5390.000 9.705
5400.000 14.997
5410.000 19.672
5420.000 15.002
5430.000 7.032
5440.000 7.032
5450.000 4.758
5460.000 3.466
5470.000 2.687
5480.000 2.687
5490.000 2.189
5500.000 1.854
5510.000 1.611
5520.000 1.441
5530.000 1.316
5540.000 1.316
5550.000 1.226
5560.000 1.165
5570.000 1.131
5580.000 1.130
5590.000 1.113
5600.000 1.115
5610.000 1.143
5620.000 1.190
5630.000 1.271
5640.000 1.271
5650.000 1.400
5660.000 1.606
5670.000 2.031
5680.000 2.031
5690.000 3.148
5700.000 5.701
5710.000 9.857
5720.000 13.535
5730.000 11.742
5740.000 11.742
5750.000 5.351
5760.000 3.606
5770.000 3.606
5780.000 2.605
5790.000 1.998
5800.000 1.605
5810.000 1.338
5820.000 1.153
5830.000 1.017
5840.000 1.016
5850.000 0.917
5860.000 0.843
5870.000 0.788
5880.000 0.788
5890.000 0.750
5900.000 0.725
5910.000 0.714
5920.000 0.714
5930.000 0.737
5940.000 0.737
5950.000 0.772
5960.000 0.828
5970.000 0.923
5980.000 0.923
5990.000 1.071
6000.000 1.341
6010.000 1.989
6020.000 4.005
6030.000 7.586
6040.000 7.586
6050.000 8.750
6060.000 4.518
6070.000 2.898
6080.000 2.898
6090.000 2.104
6100.000 1.634
6110.000 1.348
6120.000 1.158
6130.000 1.158
6140.000 1.009
6150.000 0.910
6160.000 0.840
6170.000 0.840
6180.000 0.786
6190.000 0.748
6200.000 0.722
6210.000 0.706
6220.000 0.704
6230.000 0.715
6240.000 0.715
6250.000 0.737
6260.000 0.780
6270.000 0.845
6280.000 0.845
6290.000 0.943
6300.000 1.103
6310.000 1.371
6320.000 2.023
6330.000 2.023
6340.000 3.817
6350.000 6.934
6360.000 7.911
6370.000 4.143
6380.000 4.143
6390.000 2.530
6400.000 1.760
6410.000 1.336
6420.000 1.068
6430.000 1.068
6440.000 0.888
6450.000 0.765
6460.000 0.675
6470.000 0.675
6480.000 0.607
6490.000 0.560
6500.000 0.524
6510.000 0.497
6520.000 0.480
6530.000 0.480
6540.000 0.474
6550.000 0.473
6560.000 0.479
6570.000 0.501
6580.000 0.501
6590.000 0.534
6600.000 0.588
6610.000 0.675
6620.000 0.827
6630.000 0.827
6640.000 1.115
6650.000 1.772
6660.000 3.576
6670.000 3.576
6680.000 5.863
6690.000 4.382
6700.000 2.464
6710.000 1.781
6720.000 1.397
6730.000 1.397
6740.000 1.161
6750.000 1.001
6760.000 0.889
6770.000 0.809
6780.000 0.809
6790.000 0.753
6800.000 0.707
6810.000 0.674
6820.000 0.653
6830.000 0.653
6840.000 0.644
6850.000 0.638
6860.000 0.648
6870.000 0.664
6880.000 0.664
6890.000 0.692
6900.000 0.741
6910.000 0.812
6920.000 0.927
6930.000 0.927
6940.000 1.114
6950.000 1.467
6960.000 2.349
6970.000 4.335
6980.000 4.335
6990.000 6.241
7000.000 4.528
7010.000 2.329
7020.000 1.557
7030.000 1.557
7040.000 1.148
7050.000 0.898
7060.000 0.727
7070.000 0.617
7080.000 0.617
7090.000 0.548
7100.000 0.484
7110.000 0.444
7120.000 0.415
7130.000 0.415
7140.000 0.392
7150.000 0.375
7160.000 0.363
7170.000 0.363
7180.000 0.359
7190.000 0.361
7200.000 0.370
7210.000 0.390
7220.000 0.422
7230.000 0.422
7240.000 0.476
7250.000 0.577
7260.000 0.764
7270.000 1.132
7280.000 1.132
7290.000 1.914
7300.000 3.652
7310.000 4.366
7320.000 2.478
7330.000 2.478
7340.000 1.747
7350.000 1.358
7360.000 1.119
7370.000 0.966
7380.000 0.966
7390.000 0.855
7400.000 0.778
7410.000 0.720
7420.000 0.681
7430.000 0.681
7440.000 0.644
7450.000 0.622
7460.000 0.605
7470.000 0.599
7480.000 0.599
7490.000 0.602
7500.000 0.613
7510.000 0.636
7520.000 0.636
7530.000 0.670
7540.000 0.724
7550.000 0.804
7560.000 0.938
7570.000 1.158
7580.000 1.158
7590.000 1.634
7600.000 2.730
7610.000 4.556
7620.000 4.556
7630.000 4.569
7640.000 2.233
7650.000 1.401
7660.000 0.982
7670.000 0.742
7680.000 0.742
7690.000 0.592
7700.000 0.494
7710.000 0.427
7720.000 0.427
7730.000 0.379
7740.000 0.344
7750.000 0.317
7760.000 0.297
7770.000 0.297
7780.000 0.283
7790.000 0.273
7800.000 0.264
7810.000 0.264
7820.000 0.264
7830.000 0.265
7840.000 0.276
7850.000 0.297
7860.000 0.333
7870.000 0.407
7880.000 0.407
7890.000 0.547
7900.000 0.815
7910.000 1.328
7920.000 1.328
7930.000 2.361
7940.000 3.385
7950.000 2.358
7960.000 1.582
7970.000 1.222
7980.000 1.222
7990.000 1.018
8000.000 0.875
8010.000 0.776
8020.000 0.776
8030.000 0.709
8040.000 0.665
8050.000 0.631
8060.000 0.595
8070.000 0.572
8080.000 0.572
8090.000 0.572
8100.000 0.580
8110.000 0.577
8120.000 0.577
8130.000 0.580
8140.000 0.592
8150.000 0.614
8160.000 0.652
8170.000 0.713
8180.000 0.713
8190.000 0.821
8200.000 0.980
8210.000 1.256
8220.000 1.256
8230.000 1.838
8240.000 2.951
8250.000 3.803
8260.000 2.631
8270.000 2.631
8280.000 1.345
8290.000 0.883
8300.000 0.633
8310.000 0.484
8320.000 0.484
8330.000 0.392
8340.000 0.331
8350.000 0.288
8360.000 0.260
8370.000 0.260
8380.000 0.239
8390.000 0.222
8400.000 0.209
8410.000 0.206
8420.000 0.206
8430.000 0.202
8440.000 0.188
8450.000 0.186
8460.000 0.191
8470.000 0.204
8480.000 0.204
8490.000 0.233
8500.000 0.289
8510.000 0.378
8520.000 0.378
8530.000 0.519
8540.000 0.908
8550.000 1.649
8560.000 2.696
8570.000 2.686
8580.000 2.686
8590.000 1.732
8600.000 1.358
8610.000 1.130
8620.000 1.130
8630.000 0.971
8640.000 0.840
8650.000 0.770
8660.000 0.715
8670.000 0.715
8680.000 0.673
8690.000 0.643
8700.000 0.616
8710.000 0.599
8720.000 0.599
8730.000 0.586
8740.000 0.587
8750.000 0.596
8760.000 0.602
8770.000 0.602
8780.000 0.639
8790.000 0.670
8800.000 0.719
8810.000 0.801
8820.000 0.801
8830.000 0.928
8840.000 1.157
8850.000 1.569
8860.000 2.102
8870.000 2.102
8880.000 1.881
8890.000 1.586
8900.000 1.368
8910.000 0.721
8920.000 0.721
8930.000 0.463
8940.000 0.327
8950.000 0.253
8960.000 0.205
8970.000 0.205
8980.000 0.179
8990.000 0.155
9000.000 0.143
9010.000 0.143
9020.000 0.125
9030.000 0.125
9040.000 0.125
9050.000 0.124
9060.000 0.113
9070.000 0.113
9080.000 0.105
9090.000 0.095
9100.000 0.084
9110.000 0.084
9120.000 0.081
9130.000 0.104
9140.000 0.160
9150.000 0.280
9160.000 0.541
9170.000 0.541
9180.000 1.049
9190.000 1.816
9200.000 2.495
9210.000 2.495
9220.000 1.997
9230.000 1.460
9240.000 1.212
9250.000 1.058
9260.000 0.944
9270.000 0.944
9280.000 0.862
9290.000 0.799
9300.000 0.747
9310.000 0.711
9320.000 0.711
9330.000 0.686
9340.000 0.665
9350.000 0.647
9360.000 0.634
9370.000 0.634
9380.000 0.630
9390.000 0.627
9400.000 0.632
9410.000 0.649
9420.000 0.649
9430.000 0.675
9440.000 0.724
9450.000 0.800
9460.000 0.931
9470.000 0.931
9480.000 1.155
9490.000 1.522
9500.000 2.014
9510.000 2.183
9520.000 2.183
9530.000 1.334
9540.000 0.635
9550.000 0.372
9560.000 0.238
9570.000 0.238
9580.000 0.169
9590.000 0.139
9600.000 0.128
9610.000 0.126
9620.000 0.126
9630.000 0.127
9640.000 0.125
9650.000 0.126
9660.000 0.126
9670.000 0.126
9680.000 0.125
9690.000 0.116
9700.000 0.104
9710.000 0.090
9720.000 0.090
9730.000 0.072
9740.000 0.045
9750.000 0.010
9760.000 0.044
9770.000 0.044
9780.000 0.124
9790.000 0.294
9800.000 0.667
9810.000 1.243
9820.000 1.243
9830.000 1.869
9840.000 1.733
9850.000 1.733
9860.000 1.388
9870.000 1.161
9880.000 1.027
9890.000 0.935
9900.000 0.874
9910.000 0.828
9920.000 0.828
9930.000 0.789
9940.000 0.760
9950.000 0.738
9960.000 0.738
9970.000 0.715
9980.000 0.696
9990.000 0.688
10000.000 0.675
10010.000 0.673
10020.000 0.673
10030.000 0.710
10040.000 0.745
10050.000 0.765
10060.000 0.765
10070.000 0.798
10080.000 0.855
10090.000 0.939
10100.000 1.083
10110.000 1.303
10120.000 1.303
10130.000 1.601
10140.000 1.743
10150.000 1.251
10160.000 1.251
10170.000 0.522
10180.000 0.260
10190.000 0.160
10200.000 0.149
10210.000 0.154
10220.000 0.154
10230.000 0.141
10240.000 0.137
10250.000 0.146
10260.000 0.146
10270.000 0.152
10280.000 0.160
10290.000 0.159
10300.000 0.155
10310.000 0.153
10320.000 0.153
10330.000 0.145
10340.000 0.138
10350.000 0.124
10360.000 0.124
10370.000 0.108
10380.000 0.088
10390.000 0.070
10400.000 0.086
10410.000 0.149
10420.000 0.149
10430.000 0.369
10440.000 0.835
10450.000 1.342
10460.000 1.342
10470.000 1.547
10480.000 1.307
10490.000 1.110
10500.000 0.993
10510.000 0.915
10520.000 0.915
10530.000 0.861
10540.000 0.823
10550.000 0.794
10560.000 0.794
10570.000 0.772
10580.000 0.752
10590.000 0.737
10600.000 0.721
10610.000 0.721
10620.000 0.738
10630.000 0.736
10640.000 0.738
10650.000 0.740
10660.000 0.740
10670.000 0.751
10680.000 0.766
10690.000 0.795
10700.000 0.844
10710.000 0.844
10720.000 0.908
10730.000 1.004
10740.000 1.149
10750.000 1.343
10760.000 1.343
10770.000 1.501
10780.000 1.342
10790.000 0.679
10800.000 0.264
10810.000 0.264
10820.000 0.122
10830.000 0.102
10840.000 0.135
10850.000 0.158
10860.000 0.158
10870.000 0.175
10880.000 0.184
10890.000 0.189
10900.000 0.194
10910.000 0.193
10920.000 0.193
10930.000 0.192
10940.000 0.191
10950.000 0.188
10960.000 0.188
10970.000 0.181
10980.000 0.175
10990.000 0.162
11000.000 0.152
11010.000 0.135
11020.000 0.134
11030.000 0.120
11040.000 0.134
11050.000 0.134
11060.000 0.235
11070.000 0.598
11080.000 1.086
11090.000 1.505
11100.000 1.505
11110.000 1.405
11120.000 1.123
11130.000 0.978
11140.000 0.893
11150.000 0.836
11160.000 0.836
11170.000 0.795
11180.000 0.762
11190.000 0.737
11200.000 0.737
11210.000 0.717
11220.000 0.704
11230.000 0.687
11240.000 0.678
11250.000 0.673
11260.000 0.673
11270.000 0.668
11280.000 0.668
11290.000 0.671
11300.000 0.671
11310.000 0.678
11320.000 0.691
11330.000 0.718
11340.000 0.757
11350.000 0.820
11360.000 0.820
11370.000 0.911
11380.000 1.033
11390.000 1.150
11400.000 1.150
11410.000 1.072
11420.000 0.608
11430.000 0.196
11440.000 0.106
11450.000 0.131
11460.000 0.131
11470.000 0.169
11480.000 0.190
11490.000 0.202
11500.000 0.202
11510.000 0.215
11520.000 0.223
11530.000 0.230
11540.000 0.231
11550.000 0.230
11560.000 0.230
11570.000 0.228
11580.000 0.226
11590.000 0.221
11600.000 0.221
11610.000 0.213
11620.000 0.203
11630.000 0.192
11640.000 0.179
11650.000 0.179
11660.000 0.168
11670.000 0.167
11680.000 0.197
11690.000 0.316
11700.000 0.316
11710.000 0.647
11720.000 1.088
11730.000 1.260
11740.000 1.080
11750.000 0.922
11760.000 0.922
11770.000 0.823
11780.000 0.751
11790.000 0.698
11800.000 0.662
11810.000 0.662
11820.000 0.623
11830.000 0.598
11840.000 0.575
11850.000 0.558
11860.000 0.558
11870.000 0.541
11880.000 0.531
11890.000 0.520
11900.000 0.512
11910.000 0.512
11920.000 0.507
11930.000 0.506
11940.000 0.507
11950.000 0.508
11960.000 0.508
11970.000 0.522
11980.000 0.548
11990.000 0.584
12000.000 0.647
