110.000 0.137
120.000 0.122
130.000 0.122
140.000 0.149
150.000 14.631
160.000 21.126
170.000 21.126
180.000 24.833
190.000 26.134
200.000 26.091
210.000 26.091
220.000 25.745
230.000 25.818
240.000 26.099
250.000 27.007
260.000 27.908
270.000 27.908
280.000 29.010
290.000 29.868
300.000 30.533
310.000 30.533
320.000 31.105
330.000 31.542
340.000 32.071
350.000 32.822
360.000 33.750
370.000 33.741
380.000 34.887
390.000 36.452
400.000 38.350
410.000 38.342
420.000 40.806
430.000 43.657
440.000 46.747
450.000 49.792
460.000 52.173
470.000 53.220
480.000 53.220
490.000 52.448
500.000 48.927
510.000 48.927
520.000 43.169
530.000 37.314
540.000 32.099
550.000 27.821
560.000 24.330
570.000 24.330
580.000 21.248
590.000 18.611
600.000 16.354
610.000 16.354
620.000 14.448
630.000 12.783
640.000 11.333
650.000 10.022
660.000 8.804
670.000 8.802
680.000 7.758
690.000 6.831
700.000 5.997
710.000 5.296
720.000 5.296
730.000 4.611
740.000 4.060
750.000 3.596
760.000 3.194
770.000 3.194
780.000 2.845
790.000 2.559
800.000 2.321
810.000 2.321
820.000 2.136
830.000 1.916
840.000 1.718
850.000 1.546
860.000 1.402
870.000 1.402
880.000 1.285
890.000 1.174
900.000 1.081
910.000 1.081
920.000 0.997
930.000 0.920
940.000 0.847
950.000 0.797
960.000 0.744
970.000 0.744
980.000 0.698
990.000 0.654
1000.000 0.624
1010.000 0.624
1020.000 0.587
1030.000 0.557
1040.000 0.541
1050.000 0.518
1060.000 0.499
1070.000 0.499
1080.000 0.486
1090.000 0.483
1100.000 0.477
1110.000 0.477
1120.000 0.472
1130.000 0.474
1140.000 0.480
1150.000 0.482
1160.000 0.494
1170.000 0.494
1180.000 0.504
1190.000 0.514
1200.000 0.529
1210.000 0.529
1220.000 0.546
1230.000 0.567
1240.000 0.592
1250.000 0.623
1260.000 0.653
1270.000 0.653
1280.000 0.686
1290.000 0.729
1300.000 0.771
1310.000 0.771
1320.000 0.813
1330.000 0.864
1340.000 0.910
1350.000 0.949
1360.000 0.991
1370.000 0.991
1380.000 1.036
1390.000 1.076
1400.000 1.117
1410.000 1.117
1420.000 1.162
1430.000 1.202
1440.000 1.255
1450.000 1.300
1460.000 1.351
1470.000 1.351
1480.000 1.403
1490.000 1.457
1500.000 1.514
1510.000 1.514
1520.000 1.568
1530.000 1.624
1540.000 1.677
1550.000 1.728
1560.000 1.772
1570.000 1.772
1580.000 1.817
1590.000 1.849
1600.000 1.864
1610.000 1.864
1620.000 1.854
1630.000 1.824
1640.000 1.779
1650.000 1.727
1660.000 1.697
1670.000 1.697
1680.000 1.737
1690.000 1.915
1700.000 2.273
1710.000 2.273
1720.000 2.789
1730.000 3.374
1740.000 3.939
1750.000 4.452
1760.000 4.930
1770.000 4.930
1780.000 5.364
1790.000 5.778
1800.000 6.180
1810.000 6.180
1820.000 6.581
1830.000 6.993
1840.000 7.422
1850.000 7.855
1860.000 8.310
1870.000 8.310
1880.000 8.792
1890.000 9.320
1900.000 9.879
1910.000 9.879
1920.000 10.456
1930.000 11.066
1940.000 11.668
1950.000 12.229
1960.000 12.786
1970.000 12.786
1980.000 13.300
1990.000 13.787
2000.000 14.197
2010.000 14.195
2020.000 14.567
2030.000 14.931
2040.000 15.263
2050.000 15.617
2060.000 15.934
2070.000 15.934
2080.000 16.244
2090.000 16.469
2100.000 16.710
2110.000 17.008
2120.000 17.008
2130.000 17.321
2140.000 17.679
2150.000 18.017
2160.000 18.378
2170.000 18.378
2180.000 18.761
2190.000 19.168
2200.000 19.608
2210.000 20.079
2220.000 20.075
2230.000 20.616
2240.000 21.224
2250.000 21.915
2260.000 22.694
2270.000 23.567
2280.000 23.567
2290.000 24.573
2300.000 25.638
2310.000 25.634
2320.000 26.786
2330.000 28.042
2340.000 29.413
2350.000 30.838
2360.000 32.226
2370.000 32.226
2380.000 33.436
2390.000 34.323
2400.000 34.696
2410.000 34.696
2420.000 34.396
2430.000 32.944
2440.000 30.367
2450.000 27.118
2460.000 23.748
2470.000 23.748
2480.000 20.492
2490.000 17.548
2500.000 15.004
2510.000 12.892
2520.000 12.890
2530.000 11.158
2540.000 9.726
2550.000 8.535
2560.000 8.409
2570.000 7.441
2580.000 6.640
2590.000 5.959
2600.000 5.386
2610.000 5.385
2620.000 4.894
2630.000 4.469
2640.000 4.124
2650.000 4.123
2660.000 3.831
2670.000 3.557
2680.000 3.305
2690.000 3.079
2700.000 2.890
2710.000 2.890
2720.000 2.702
2730.000 2.538
2740.000 2.389
2750.000 2.389
2760.000 2.254
2770.000 2.130
2780.000 2.015
2790.000 1.915
2800.000 1.823
2810.000 1.823
2820.000 1.737
2830.000 1.656
2840.000 1.574
2850.000 1.574
2860.000 1.497
2870.000 1.423
2880.000 1.358
2890.000 1.298
2900.000 1.241
2910.000 1.241
2920.000 1.189
2930.000 1.141
2940.000 1.095
2950.000 1.095
2960.000 1.052
2970.000 1.012
2980.000 0.974
2990.000 0.947
3000.000 0.907
3010.000 0.907
3020.000 0.880
3030.000 0.861
3040.000 0.834
3050.000 0.834
3060.000 0.806
3070.000 0.785
3080.000 0.762
3090.000 0.738
3100.000 0.721
3110.000 0.702
3120.000 0.702
3130.000 0.688
3140.000 0.672
3150.000 0.672
3160.000 0.657
3170.000 0.643
3180.000 0.629
3190.000 0.619
3200.000 0.605
3210.000 0.605
3220.000 0.595
3230.000 0.582
3240.000 0.572
3250.000 0.572
3260.000 0.563
3270.000 0.556
3280.000 0.547
3290.000 0.538
3300.000 0.531
3310.000 0.531
3320.000 0.524
3330.000 0.515
3340.000 0.509
3350.000 0.504
3360.000 0.504
3370.000 0.497
3380.000 0.491
3390.000 0.485
3400.000 0.482
3410.000 0.482
3420.000 0.478
3430.000 0.475
3440.000 0.469
3450.000 0.469
3460.000 0.467
3470.000 0.462
3480.000 0.458
3490.000 0.458
3500.000 0.453
3510.000 0.452
3520.000 0.452
3530.000 0.445
3540.000 0.447
3550.000 0.447
3560.000 0.445
3570.000 0.443
3580.000 0.442
3590.000 0.441
3600.000 0.440
3610.000 0.440
3620.000 0.438
3630.000 0.438
3640.000 0.441
3650.000 0.441
3660.000 0.438
3670.000 0.437
3680.000 0.439
3690.000 0.439
3700.000 0.438
3710.000 0.438
3720.000 0.438
3730.000 0.439
3740.000 0.440
3750.000 0.440
3760.000 0.440
3770.000 0.441
3780.000 0.441
3790.000 0.443
3800.000 0.444
3810.000 0.444
3820.000 0.447
3830.000 0.447
3840.000 0.450
3850.000 0.450
3860.000 0.453
3870.000 0.455
3880.000 0.459
3890.000 0.461
3900.000 0.465
3910.000 0.465
3920.000 0.468
3930.000 0.472
3940.000 0.476
3950.000 0.476
3960.000 0.483
3970.000 0.483
3980.000 0.485
3990.000 0.494
4000.000 0.494
4010.000 0.494
4020.000 0.499
4030.000 0.516
4040.000 0.525
4050.000 0.525
4060.000 0.520
4070.000 0.536
4080.000 0.541
4090.000 0.542
4100.000 0.552
4110.000 0.552
4120.000 0.560
4130.000 0.571
4140.000 0.579
4150.000 0.579
4160.000 0.595
4170.000 0.607
4180.000 0.623
4190.000 0.636
4200.000 0.644
4210.000 0.644
4220.000 0.658
4230.000 0.668
4240.000 0.673
4250.000 0.673
4260.000 0.677
4270.000 0.675
4280.000 0.676
4290.000 0.675
4300.000 0.683
4310.000 0.683
4320.000 0.692
4330.000 0.711
4340.000 0.727
4350.000 0.727
4360.000 0.749
4370.000 0.775
4380.000 0.801
4390.000 0.832
4400.000 0.867
4410.000 0.867
4420.000 0.904
4430.000 0.949
4440.000 1.002
4450.000 1.002
4460.000 1.057
4470.000 1.141
4480.000 1.229
4490.000 1.347
4500.000 1.489
4510.000 1.489
4520.000 1.673
4530.000 1.913
4540.000 2.230
4550.000 2.636
4560.000 2.636
4570.000 3.178
4580.000 3.894
4590.000 4.812
4600.000 5.977
4610.000 5.977
4620.000 7.460
4630.000 9.368
4640.000 11.961
4650.000 11.961
4660.000 15.037
4670.000 17.339
4680.000 16.816
4690.000 13.840
4700.000 10.713
4710.000 10.713
4720.000 8.297
4730.000 6.474
4740.000 5.120
4750.000 5.120
4760.000 4.102
4770.000 3.354
4780.000 2.816
4790.000 2.440
4800.000 2.177
4810.000 2.177
4820.000 1.997
4830.000 1.870
4840.000 1.787
4850.000 1.786
4860.000 1.731
4870.000 1.697
4880.000 1.678
4890.000 1.671
4900.000 1.681
4910.000 1.681
4920.000 1.709
4930.000 1.757
4940.000 1.805
4950.000 1.805
4960.000 1.871
4970.000 1.909
4980.000 1.934
4990.000 1.934
5000.000 1.957
5010.000 1.986
5020.000 2.012
5030.000 2.054
5040.000 2.074
5050.000 2.074
5060.000 2.073
5070.000 2.090
5080.000 2.089
5090.000 2.089
5100.000 2.074
5110.000 2.070
5120.000 2.065
5130.000 2.050
5140.000 2.044
5150.000 2.043
5160.000 2.028
5170.000 2.006
5180.000 1.974
5190.000 1.974
5200.000 1.942
5210.000 1.907
5220.000 1.869
5230.000 1.827
5240.000 1.784
5250.000 1.784
5260.000 1.734
5270.000 1.681
5280.000 1.630
5290.000 1.630
5300.000 1.582
5310.000 1.562
5320.000 1.506
5330.000 1.464
5340.000 1.421
5350.000 1.421
5360.000 1.381
5370.000 1.332
5380.000 1.278
5390.000 1.278
5400.000 1.226
5410.000 1.173
5420.000 1.129
5430.000 1.086
5440.000 1.048
5450.000 1.048
5460.000 1.010
5470.000 0.976
5480.000 0.945
5490.000 0.945
5500.000 0.915
5510.000 0.890
5520.000 0.867
5530.000 0.845
5540.000 0.827
5550.000 0.827
5560.000 0.806
5570.000 0.800
5580.000 0.779
5590.000 0.779
5600.000 0.761
5610.000 0.743
5620.000 0.725
5630.000 0.712
5640.000 0.699
5650.000 0.699
5660.000 0.688
5670.000 0.678
5680.000 0.667
5690.000 0.667
5700.000 0.657
5710.000 0.648
5720.000 0.641
5730.000 0.633
5740.000 0.626
5750.000 0.626
5760.000 0.619
5770.000 0.610
5780.000 0.605
5790.000 0.605
5800.000 0.600
5810.000 0.591
5820.000 0.589
5830.000 0.583
5840.000 0.579
5850.000 0.579
5860.000 0.575
5870.000 0.571
5880.000 0.569
5890.000 0.569
5900.000 0.569
5910.000 0.564
5920.000 0.563
5930.000 0.559
5940.000 0.557
5950.000 0.557
5960.000 0.556
5970.000 0.554
5980.000 0.556
5990.000 0.548
6000.000 0.548
6010.000 0.546
6020.000 0.542
6030.000 0.553
6040.000 0.554
6050.000 0.554
6060.000 0.544
6070.000 0.552
6080.000 0.550
6090.000 0.550
6100.000 0.547
6110.000 0.546
6120.000 0.548
6130.000 0.550
6140.000 0.549
6150.000 0.549
6160.000 0.551
6170.000 0.553
6180.000 0.552
6190.000 0.552
6200.000 0.553
6210.000 0.556
6220.000 0.557
6230.000 0.562
6240.000 0.561
6250.000 0.561
6260.000 0.565
6270.000 0.568
6280.000 0.571
6290.000 0.571
6300.000 0.578
6310.000 0.579
6320.000 0.585
6330.000 0.588
6340.000 0.595
6350.000 0.595
6360.000 0.608
6370.000 0.612
6380.000 0.617
6390.000 0.617
6400.000 0.621
6410.000 0.628
6420.000 0.636
6430.000 0.646
6440.000 0.654
6450.000 0.654
6460.000 0.667
6470.000 0.676
6480.000 0.691
6490.000 0.691
6500.000 0.706
6510.000 0.724
6520.000 0.738
6530.000 0.759
6540.000 0.782
6550.000 0.782
6560.000 0.806
6570.000 0.832
6580.000 0.863
6590.000 0.863
6600.000 0.894
6610.000 0.929
6620.000 0.971
6630.000 1.016
6640.000 1.071
6650.000 1.071
6660.000 1.134
6670.000 1.201
6680.000 1.258
6690.000 1.258
6700.000 1.317
6710.000 1.380
6720.000 1.460
6730.000 1.549
6740.000 1.653
6750.000 1.653
6760.000 1.776
6770.000 1.925
6780.000 2.110
6790.000 2.110
6800.000 2.340
6810.000 2.619
6820.000 2.977
6830.000 3.439
6840.000 4.030
6850.000 4.030
6860.000 4.799
6870.000 5.783
6880.000 7.035
6890.000 7.035
6900.000 8.589
6910.000 10.507
6920.000 12.867
6930.000 15.739
6940.000 19.015
6950.000 19.015
6960.000 21.898
6970.000 22.537
6980.000 19.600
6990.000 19.600
7000.000 15.200
7010.000 11.867
7020.000 9.415
7030.000 7.609
7040.000 6.255
7050.000 6.254
7060.000 5.237
7070.000 4.427
7080.000 3.814
7090.000 3.813
7100.000 3.328
7110.000 2.947
7120.000 2.640
7130.000 2.382
7140.000 2.163
7150.000 2.163
7160.000 1.976
7170.000 1.821
7180.000 1.691
7190.000 1.582
7200.000 1.582
7210.000 1.492
7220.000 1.412
7230.000 1.335
7240.000 1.268
7250.000 1.268
7260.000 1.207
7270.000 1.152
7280.000 1.101
7290.000 1.101
7300.000 1.058
7310.000 1.015
7320.000 0.978
7330.000 0.978
7340.000 0.947
7350.000 0.917
7360.000 0.889
7370.000 0.864
7380.000 0.843
7390.000 0.843
7400.000 0.824
7410.000 0.805
7420.000 0.791
7430.000 0.769
7440.000 0.769
7450.000 0.754
7460.000 0.740
7470.000 0.725
7480.000 0.714
7490.000 0.714
7500.000 0.703
7510.000 0.693
7520.000 0.684
7530.000 0.676
7540.000 0.676
7550.000 0.668
7560.000 0.659
7570.000 0.652
7580.000 0.645
7590.000 0.645
7600.000 0.639
7610.000 0.633
7620.000 0.627
7630.000 0.627
7640.000 0.621
7650.000 0.617
7660.000 0.611
7670.000 0.605
7680.000 0.603
7690.000 0.602
7700.000 0.599
7710.000 0.596
7720.000 0.588
7730.000 0.587
7740.000 0.587
7750.000 0.583
7760.000 0.579
7770.000 0.576
7780.000 0.574
7790.000 0.573
7800.000 0.573
7810.000 0.569
7820.000 0.566
7830.000 0.566
7840.000 0.565
7850.000 0.563
7860.000 0.561
7870.000 0.559
7880.000 0.554
7890.000 0.554
7900.000 0.554
7910.000 0.554
7920.000 0.553
7930.000 0.553
7940.000 0.549
7950.000 0.551
7960.000 0.551
7970.000 0.547
7980.000 0.546
7990.000 0.546
8000.000 0.552
8010.000 0.550
8020.000 0.550
8030.000 0.550
8040.000 0.552
8050.000 0.557
8060.000 0.551
8070.000 0.558
8080.000 0.550
8090.000 0.550
8100.000 0.553
8110.000 0.553
8120.000 0.555
8130.000 0.555
8140.000 0.556
8150.000 0.558
8160.000 0.560
8170.000 0.562
8180.000 0.564
8190.000 0.564
8200.000 0.566
8210.000 0.569
8220.000 0.570
8230.000 0.570
8240.000 0.575
8250.000 0.574
8260.000 0.578
8270.000 0.582
8280.000 0.586
8290.000 0.586
8300.000 0.588
8310.000 0.592
8320.000 0.594
8330.000 0.594
8340.000 0.597
8350.000 0.598
8360.000 0.598
8370.000 0.596
8380.000 0.601
8390.000 0.615
8400.000 0.615
8410.000 0.624
8420.000 0.633
8430.000 0.633
8440.000 0.639
8450.000 0.645
8460.000 0.651
8470.000 0.655
8480.000 0.658
8490.000 0.658
8500.000 0.659
8510.000 0.665
8520.000 0.668
8530.000 0.668
8540.000 0.675
8550.000 0.683
8560.000 0.684
8570.000 0.691
8580.000 0.691
8590.000 0.698
8600.000 0.704
8610.000 0.708
8620.000 0.713
8630.000 0.719
8640.000 0.719
8650.000 0.729
8660.000 0.734
8670.000 0.740
8680.000 0.740
8690.000 0.748
8700.000 0.755
8710.000 0.766
8720.000 0.773
8730.000 0.773
8740.000 0.784
8750.000 0.791
8760.000 0.804
8770.000 0.815
8780.000 0.815
8790.000 0.826
8800.000 0.836
8810.000 0.847
8820.000 0.860
8830.000 0.860
8840.000 0.876
8850.000 0.893
8860.000 0.916
8870.000 0.938
8880.000 0.938
8890.000 0.955
8900.000 0.970
8910.000 0.982
8920.000 0.998
8930.000 0.998
8940.000 1.017
8950.000 1.039
8960.000 1.063
8970.000 1.094
8980.000 1.094
8990.000 1.126
9000.000 1.166
9010.000 1.207
9020.000 1.245
9030.000 1.245
9040.000 1.305
9050.000 1.360
9060.000 1.420
9070.000 1.501
9080.000 1.501
9090.000 1.596
9100.000 1.711
9110.000 1.853
9120.000 2.036
9130.000 2.036
9140.000 2.266
9150.000 2.584
9160.000 3.027
9170.000 3.658
9180.000 3.658
9190.000 4.560
9200.000 5.841
9210.000 7.529
9220.000 9.530
9230.000 9.530
9240.000 11.603
9250.000 13.345
9260.000 13.849
9270.000 12.272
9280.000 12.272
9290.000 9.364
9300.000 6.897
9310.000 5.177
9320.000 3.949
9330.000 3.948
9340.000 3.091
9350.000 2.479
9360.000 2.029
9370.000 1.686
9380.000 1.686
9390.000 1.421
9400.000 1.207
9410.000 1.037
9420.000 0.894
9430.000 0.894
9440.000 0.778
9450.000 0.682
9460.000 0.599
9470.000 0.532
9480.000 0.532
9490.000 0.469
9500.000 0.419
9510.000 0.373
9520.000 0.336
9530.000 0.336
9540.000 0.301
9550.000 0.270
9560.000 0.244
9570.000 0.221
9580.000 0.221
9590.000 0.201
9600.000 0.182
9610.000 0.165
9620.000 0.152
9630.000 0.152
9640.000 0.134
9650.000 0.130
9660.000 0.117
9670.000 0.109
9680.000 0.109
9690.000 0.102
9700.000 0.096
9710.000 0.092
9720.000 0.091
9730.000 0.091
9740.000 0.088
9750.000 0.088
9760.000 0.091
9770.000 0.091
9780.000 0.090
9790.000 0.091
9800.000 0.093
9810.000 0.096
9820.000 0.099
9830.000 0.099
9840.000 0.103
9850.000 0.103
9860.000 0.108
9870.000 0.108
9880.000 0.111
9890.000 0.114
9900.000 0.119
9910.000 0.120
9920.000 0.124
9930.000 0.124
9940.000 0.125
9950.000 0.128
9960.000 0.132
9970.000 0.132
9980.000 0.132
9990.000 0.133
10000.000 0.140
10010.000 0.141
10020.000 0.140
10030.000 0.140
10040.000 0.147
10050.000 0.145
10060.000 0.152
10070.000 0.150
10080.000 0.150
10090.000 0.154
10100.000 0.155
10110.000 0.156
10120.000 0.160
10130.000 0.160
10140.000 0.160
10150.000 0.161
10160.000 0.164
10170.000 0.164
10180.000 0.165
10190.000 0.167
10200.000 0.167
10210.000 0.171
10220.000 0.170
10230.000 0.170
10240.000 0.172
10250.000 0.173
10260.000 0.175
10270.000 0.175
10280.000 0.176
10290.000 0.177
10300.000 0.179
10310.000 0.180
10320.000 0.181
10330.000 0.181
10340.000 0.181
10350.000 0.184
10360.000 0.183
10370.000 0.183
10380.000 0.184
10390.000 0.184
10400.000 0.186
10410.000 0.189
10420.000 0.193
10430.000 0.193
10440.000 0.187
10450.000 0.189
10460.000 0.190
10470.000 0.190
10480.000 0.189
10490.000 0.190
10500.000 0.186
10510.000 0.179
10520.000 0.177
10530.000 0.177
10540.000 0.176
10550.000 0.177
10560.000 0.174
10570.000 0.174
10580.000 0.177
10590.000 0.175
10600.000 0.177
10610.000 0.179
10620.000 0.180
10630.000 0.180
10640.000 0.178
10650.000 0.177
10660.000 0.174
10670.000 0.174
10680.000 0.172
10690.000 0.172
10700.000 0.171
10710.000 0.171
10720.000 0.171
10730.000 0.171
10740.000 0.170
10750.000 0.171
10760.000 0.170
10770.000 0.170
10780.000 0.169
10790.000 0.169
10800.000 0.168
10810.000 0.166
10820.000 0.168
10830.000 0.168
10840.000 0.167
10850.000 0.168
10860.000 0.164
10870.000 0.164
10880.000 0.165
10890.000 0.162
10900.000 0.161
10910.000 0.160
10920.000 0.160
10930.000 0.157
10940.000 0.156
10950.000 0.156
10960.000 0.153
10970.000 0.153
10980.000 0.151
10990.000 0.152
11000.000 0.143
11010.000 0.141
11020.000 0.141
11030.000 0.144
11040.000 0.137
11050.000 0.137
11060.000 0.133
11070.000 0.133
11080.000 0.129
11090.000 0.126
11100.000 0.124
11110.000 0.118
11120.000 0.118
11130.000 0.118
11140.000 0.113
11150.000 0.106
11160.000 0.104
11170.000 0.104
11180.000 0.098
11190.000 0.093
11200.000 0.088
11210.000 0.083
11220.000 0.083
11230.000 0.079
11240.000 0.077
11250.000 0.074
11260.000 0.072
11270.000 0.072
11280.000 0.072
11290.000 0.076
11300.000 0.083
11310.000 0.092
11320.000 0.092
11330.000 0.104
11340.000 0.119
11350.000 0.138
11360.000 0.164
11370.000 0.164
11380.000 0.192
11390.000 0.226
11400.000 0.270
11410.000 0.320
11420.000 0.320
11430.000 0.388
11440.000 0.481
11450.000 0.627
11460.000 0.850
11470.000 0.850
11480.000 1.192
11490.000 1.663
11500.000 2.215
11510.000 2.822
11520.000 2.822
11530.000 3.483
11540.000 4.074
11550.000 4.305
11560.000 4.040
11570.000 4.039
11580.000 3.533
11590.000 3.047
11600.000 2.663
11610.000 2.366
11620.000 2.366
11630.000 2.120
11640.000 1.917
11650.000 1.752
11660.000 1.608
11670.000 1.608
11680.000 1.488
11690.000 1.381
11700.000 1.291
11710.000 1.208
11720.000 1.208
11730.000 1.136
11740.000 1.075
11750.000 1.016
11760.000 0.969
11770.000 0.969
11780.000 0.927
11790.000 0.892
11800.000 0.856
11810.000 0.830
11820.000 0.830
11830.000 0.804
11840.000 0.779
11850.000 0.759
11860.000 0.742
11870.000 0.742
11880.000 0.725
11890.000 0.712
11900.000 0.696
11910.000 0.674
11920.000 0.674
11930.000 0.656
11940.000 0.636
11950.000 0.621
11960.000 0.605
11970.000 0.605
11980.000 0.591
11990.000 0.580
12000.000 0.574
