110.000 0.961
120.000 1.313
130.000 1.213
140.000 7.648
150.000 7.648
160.000 15.514
170.000 18.538
180.000 21.557
190.000 21.557
200.000 23.091
210.000 20.265
220.000 19.091
230.000 20.906
240.000 20.363
250.000 20.363
260.000 21.846
270.000 22.309
280.000 22.101
290.000 22.101
300.000 22.748
310.000 23.135
320.000 23.372
330.000 23.880
340.000 24.338
350.000 24.338
360.000 25.015
370.000 25.900
380.000 27.080
390.000 27.080
400.000 28.510
410.000 30.361
420.000 33.037
430.000 35.508
440.000 37.772
450.000 37.772
460.000 39.757
470.000 40.978
480.000 40.916
490.000 40.916
500.000 38.965
510.000 34.761
520.000 30.330
530.000 26.270
540.000 22.826
550.000 22.826
560.000 20.050
570.000 17.656
580.000 15.488
590.000 15.486
600.000 13.557
610.000 11.831
620.000 10.420
630.000 9.265
640.000 8.285
650.000 8.285
660.000 7.429
670.000 6.693
680.000 6.024
690.000 6.024
700.000 5.429
710.000 4.912
720.000 4.434
730.000 4.024
740.000 3.647
750.000 3.647
760.000 3.299
770.000 3.004
780.000 2.746
790.000 2.746
800.000 2.555
810.000 2.369
820.000 2.154
830.000 1.959
840.000 1.784
850.000 1.784
860.000 1.625
870.000 1.504
880.000 1.378
890.000 1.378
900.000 1.268
910.000 1.168
920.000 1.094
930.000 1.023
940.000 0.954
950.000 0.954
960.000 0.901
970.000 0.844
980.000 0.802
990.000 0.802
1000.000 0.755
1010.000 0.729
1020.000 0.695
1030.000 0.682
1040.000 0.658
1050.000 0.658
1060.000 0.630
1070.000 0.624
1080.000 0.608
1090.000 0.608
1100.000 0.610
1110.000 0.595
1120.000 0.588
1130.000 0.602
1140.000 0.626
1150.000 0.626
1160.000 0.652
1170.000 0.679
1180.000 0.713
1190.000 0.713
1200.000 0.746
1210.000 0.784
1220.000 0.826
1230.000 0.873
1240.000 0.925
1250.000 0.925
1260.000 0.984
1270.000 1.043
1280.000 1.113
1290.000 1.113
1300.000 1.185
1310.000 1.276
1320.000 1.374
1330.000 1.474
1340.000 1.587
1350.000 1.587
1360.000 1.717
1370.000 1.857
1380.000 2.023
1390.000 2.023
1400.000 2.187
1410.000 2.375
1420.000 2.578
1430.000 2.578
1440.000 2.801
1450.000 3.050
1460.000 3.314
1470.000 3.613
1480.000 3.950
1490.000 3.950
1500.000 4.322
1510.000 4.731
1520.000 5.196
1530.000 5.195
1540.000 5.696
1550.000 6.256
1560.000 6.861
1570.000 7.532
1580.000 8.252
1590.000 8.252
1600.000 8.967
1610.000 9.605
1620.000 10.223
1630.000 10.223
1640.000 10.843
1650.000 11.525
1660.000 12.472
1670.000 14.153
1680.000 17.219
1690.000 17.219
1700.000 22.110
1710.000 28.344
1720.000 35.098
1730.000 35.098
1740.000 41.455
1750.000 45.845
1760.000 46.427
1770.000 43.272
1780.000 37.651
1790.000 37.643
1800.000 32.309
1810.000 28.135
1820.000 24.885
1830.000 24.885
1840.000 22.325
1850.000 20.259
1860.000 18.579
1870.000 17.177
1880.000 15.980
1890.000 15.980
1900.000 14.939
1910.000 14.009
1920.000 13.180
1930.000 13.180
1940.000 12.454
1950.000 11.782
1960.000 11.177
1970.000 10.626
1980.000 10.122
1990.000 10.122
2000.000 9.634
2010.000 9.195
2020.000 8.764
2030.000 8.764
2040.000 8.351
2050.000 7.930
2060.000 7.545
2070.000 7.141
2080.000 6.723
2090.000 6.722
2100.000 6.313
2110.000 5.925
2120.000 5.567
2130.000 5.567
2140.000 5.236
2150.000 4.938
2160.000 4.660
2170.000 4.398
2180.000 4.150
2190.000 4.150
2200.000 3.925
2210.000 3.723
2220.000 3.541
2230.000 3.541
2240.000 3.372
2250.000 3.213
2260.000 3.061
2270.000 2.913
2280.000 2.781
2290.000 2.781
2300.000 2.655
2310.000 2.535
2320.000 2.429
2330.000 2.429
2340.000 2.329
2350.000 2.235
2360.000 2.151
2370.000 2.077
2380.000 1.998
2390.000 1.998
2400.000 1.933
2410.000 1.876
2420.000 1.816
2430.000 1.816
2440.000 1.765
2450.000 1.711
2460.000 1.667
2470.000 1.625
2480.000 1.584
2490.000 1.584
2500.000 1.549
2510.000 1.512
2520.000 1.481
2530.000 1.481
2540.000 1.451
2550.000 1.420
2560.000 1.389
2570.000 1.360
2580.000 1.333
2590.000 1.333
2600.000 1.311
2610.000 1.285
2620.000 1.263
2630.000 1.263
2640.000 1.243
2650.000 1.223
2660.000 1.203
2670.000 1.186
2680.000 1.167
2690.000 1.167
2700.000 1.151
2710.000 1.137
2720.000 1.121
2730.000 1.121
2740.000 1.109
2750.000 1.099
2760.000 1.085
2770.000 1.076
2780.000 1.066
2790.000 1.066
2800.000 1.058
2810.000 1.053
2820.000 1.042
2830.000 1.042
2840.000 1.037
2850.000 1.032
2860.000 1.028
2870.000 1.022
2880.000 1.020
2890.000 1.020
2900.000 1.019
2910.000 1.018
2920.000 1.019
2930.000 1.019
2940.000 1.019
2950.000 1.024
2960.000 1.023
2970.000 1.032
2980.000 1.031
2990.000 1.031
3000.000 1.043
3010.000 1.051
3020.000 1.055
3030.000 1.055
3040.000 1.068
3050.000 1.078
3060.000 1.076
3070.000 1.089
3080.000 1.102
3090.000 1.102
3100.000 1.116
3110.000 1.132
3120.000 1.151
3130.000 1.151
3140.000 1.168
3150.000 1.191
3160.000 1.216
3170.000 1.246
3180.000 1.275
3190.000 1.275
3200.000 1.307
3210.000 1.343
3220.000 1.382
3230.000 1.382
3240.000 1.424
3250.000 1.474
3260.000 1.528
3270.000 1.593
3280.000 1.669
3290.000 1.669
3300.000 1.755
3310.000 1.857
3320.000 1.975
3330.000 1.975
3340.000 2.117
3350.000 2.286
3360.000 2.502
3370.000 2.765
3380.000 3.095
3390.000 3.094
3400.000 3.512
3410.000 4.050
3420.000 4.775
3430.000 4.774
3440.000 5.771
3450.000 7.181
3460.000 9.250
3470.000 12.356
3480.000 16.680
3490.000 16.680
3500.000 21.659
3510.000 26.096
3520.000 28.051
3530.000 28.051
3540.000 25.710
3550.000 19.725
3560.000 14.784
3570.000 11.327
3580.000 8.885
3590.000 8.885
3600.000 7.114
3610.000 5.806
3620.000 4.824
3630.000 4.824
3640.000 4.077
3650.000 3.506
3660.000 3.058
3670.000 2.696
3680.000 2.402
3690.000 2.402
3700.000 2.154
3710.000 1.953
3720.000 1.777
3730.000 1.777
3740.000 1.632
3750.000 1.505
3760.000 1.391
3770.000 1.391
3780.000 1.294
3790.000 1.216
3800.000 1.142
3810.000 1.082
3820.000 1.024
3830.000 1.024
3840.000 0.972
3850.000 0.929
3860.000 0.888
3870.000 0.888
3880.000 0.851
3890.000 0.822
3900.000 0.790
3910.000 0.764
3920.000 0.741
3930.000 0.741
3940.000 0.716
3950.000 0.696
3960.000 0.679
3970.000 0.679
3980.000 0.660
3990.000 0.649
4000.000 0.624
4010.000 0.610
4020.000 0.607
4030.000 0.607
4040.000 0.585
4050.000 0.585
4060.000 0.569
4070.000 0.568
4080.000 0.561
4090.000 0.550
4100.000 0.544
4110.000 0.535
4120.000 0.529
4130.000 0.529
4140.000 0.521
4150.000 0.514
4160.000 0.510
4170.000 0.510
4180.000 0.505
4190.000 0.497
4200.000 0.493
4210.000 0.485
4220.000 0.481
4230.000 0.481
4240.000 0.474
4250.000 0.469
4260.000 0.458
4270.000 0.458
4280.000 0.451
4290.000 0.448
4300.000 0.446
4310.000 0.447
4320.000 0.447
4330.000 0.447
4340.000 0.447
4350.000 0.449
4360.000 0.450
4370.000 0.450
4380.000 0.451
4390.000 0.452
4400.000 0.454
4410.000 0.456
4420.000 0.457
4430.000 0.457
4440.000 0.459
4450.000 0.459
4460.000 0.466
4470.000 0.466
4480.000 0.468
4490.000 0.470
4500.000 0.473
4510.000 0.477
4520.000 0.480
4530.000 0.480
4540.000 0.484
4550.000 0.491
4560.000 0.496
4570.000 0.496
4580.000 0.504
4590.000 0.511
4600.000 0.516
4610.000 0.523
4620.000 0.534
4630.000 0.534
4640.000 0.542
4650.000 0.550
4660.000 0.555
4670.000 0.555
4680.000 0.558
4690.000 0.559
4700.000 0.562
4710.000 0.558
4720.000 0.551
4730.000 0.551
4740.000 0.546
4750.000 0.543
4760.000 0.538
4770.000 0.538
4780.000 0.544
4790.000 0.550
4800.000 0.567
4810.000 0.588
4820.000 0.619
4830.000 0.619
4840.000 0.658
4850.000 0.701
4860.000 0.755
4870.000 0.755
4880.000 0.822
4890.000 0.902
4900.000 1.002
4910.000 1.125
4920.000 1.276
4930.000 1.276
4940.000 1.460
4950.000 1.739
4960.000 2.050
4970.000 2.050
4980.000 2.417
4990.000 2.855
5000.000 3.320
5010.000 3.825
5020.000 3.824
5030.000 4.329
5040.000 4.827
5050.000 5.351
5060.000 5.884
5070.000 5.883
5080.000 6.503
5090.000 7.219
5100.000 8.000
5110.000 8.937
5120.000 8.937
5130.000 10.018
5140.000 11.303
5150.000 12.860
5160.000 14.771
5170.000 14.771
5180.000 17.171
5190.000 20.284
5200.000 24.518
5210.000 30.035
5220.000 30.035
5230.000 36.170
5240.000 41.113
5250.000 41.667
5260.000 35.803
5270.000 35.803
5280.000 26.819
5290.000 20.585
5300.000 16.178
5310.000 12.941
5320.000 10.532
5330.000 10.532
5340.000 8.697
5350.000 7.265
5360.000 6.144
5370.000 6.144
5380.000 5.256
5390.000 4.543
5400.000 3.969
5410.000 3.499
5420.000 3.109
5430.000 3.109
5440.000 2.786
5450.000 2.516
5460.000 2.288
5470.000 2.288
5480.000 2.093
5490.000 1.923
5500.000 1.780
5510.000 1.653
5520.000 1.541
5530.000 1.541
5540.000 1.446
5550.000 1.361
5560.000 1.286
5570.000 1.286
5580.000 1.221
5590.000 1.162
5600.000 1.110
5610.000 1.062
5620.000 1.021
5630.000 1.021
5640.000 0.983
5650.000 0.948
5660.000 0.919
5670.000 0.919
5680.000 0.891
5690.000 0.866
5700.000 0.842
5710.000 0.820
5720.000 0.802
5730.000 0.802
5740.000 0.784
5750.000 0.767
5760.000 0.751
5770.000 0.751
5780.000 0.737
5790.000 0.726
5800.000 0.715
5810.000 0.703
5820.000 0.692
5830.000 0.692
5840.000 0.682
5850.000 0.673
5860.000 0.665
5870.000 0.665
5880.000 0.658
5890.000 0.651
5900.000 0.646
5910.000 0.640
5920.000 0.634
5930.000 0.634
5940.000 0.628
5950.000 0.623
5960.000 0.618
5970.000 0.618
5980.000 0.616
5990.000 0.607
6000.000 0.613
6010.000 0.611
6020.000 0.598
6030.000 0.598
6040.000 0.600
6050.000 0.594
6060.000 0.605
6070.000 0.605
6080.000 0.601
6090.000 0.596
6100.000 0.598
6110.000 0.597
6120.000 0.599
6130.000 0.599
6140.000 0.597
6150.000 0.598
6160.000 0.599
6170.000 0.599
6180.000 0.599
6190.000 0.596
6200.000 0.600
6210.000 0.600
6220.000 0.600
6230.000 0.602
6240.000 0.603
6250.000 0.604
6260.000 0.608
6270.000 0.608
6280.000 0.611
6290.000 0.613
6300.000 0.619
6310.000 0.619
6320.000 0.622
6330.000 0.625
6340.000 0.626
6350.000 0.635
6360.000 0.640
6370.000 0.640
6380.000 0.648
6390.000 0.654
6400.000 0.663
6410.000 0.663
6420.000 0.670
6430.000 0.680
6440.000 0.688
6450.000 0.697
6460.000 0.709
6470.000 0.709
6480.000 0.719
6490.000 0.731
6500.000 0.743
6510.000 0.743
6520.000 0.754
6530.000 0.766
6540.000 0.779
6550.000 0.792
6560.000 0.810
6570.000 0.810
6580.000 0.823
6590.000 0.842
6600.000 0.860
6610.000 0.860
6620.000 0.878
6630.000 0.899
6640.000 0.923
6650.000 0.948
6660.000 0.980
6670.000 0.980
6680.000 1.010
6690.000 1.044
6700.000 1.077
6710.000 1.077
6720.000 1.120
6730.000 1.167
6740.000 1.217
6750.000 1.276
6760.000 1.344
6770.000 1.344
6780.000 1.425
6790.000 1.514
6800.000 1.622
6810.000 1.622
6820.000 1.757
6830.000 1.932
6840.000 2.147
6850.000 2.435
6860.000 2.837
6870.000 2.837
6880.000 3.433
6890.000 4.357
6900.000 5.863
6910.000 5.863
6920.000 8.239
6930.000 11.553
6940.000 15.381
6950.000 19.062
6960.000 21.209
6970.000 21.209
6980.000 19.475
6990.000 14.261
7000.000 10.277
7010.000 10.277
7020.000 7.701
7030.000 5.939
7040.000 4.712
7050.000 3.817
7060.000 3.173
7070.000 3.173
7080.000 2.681
7090.000 2.293
7100.000 1.996
7110.000 1.996
7120.000 1.751
7130.000 1.554
7140.000 1.389
7150.000 1.257
7160.000 1.140
7170.000 1.140
7180.000 1.043
7190.000 0.958
7200.000 0.886
7210.000 0.886
7220.000 0.822
7230.000 0.768
7240.000 0.720
7250.000 0.676
7260.000 0.640
7270.000 0.640
7280.000 0.605
7290.000 0.575
7300.000 0.547
7310.000 0.547
7320.000 0.527
7330.000 0.500
7340.000 0.481
7350.000 0.464
7360.000 0.464
7370.000 0.449
7380.000 0.434
7390.000 0.420
7400.000 0.408
7410.000 0.408
7420.000 0.396
7430.000 0.387
7440.000 0.377
7450.000 0.370
7460.000 0.370
7470.000 0.359
7480.000 0.351
7490.000 0.346
7500.000 0.338
7510.000 0.338
7520.000 0.330
7530.000 0.328
7540.000 0.320
7550.000 0.317
7560.000 0.317
7570.000 0.310
7580.000 0.304
7590.000 0.302
7600.000 0.296
7610.000 0.296
7620.000 0.294
7630.000 0.289
7640.000 0.286
7650.000 0.283
7660.000 0.283
7670.000 0.280
7680.000 0.278
7690.000 0.274
7700.000 0.271
7710.000 0.271
7720.000 0.270
7730.000 0.268
7740.000 0.262
7750.000 0.262
7760.000 0.262
7770.000 0.259
7780.000 0.257
7790.000 0.255
7800.000 0.254
7810.000 0.254
7820.000 0.250
7830.000 0.252
7840.000 0.249
7850.000 0.249
7860.000 0.249
7870.000 0.244
7880.000 0.244
7890.000 0.243
7900.000 0.241
7910.000 0.241
7920.000 0.240
7930.000 0.240
7940.000 0.237
7950.000 0.235
7960.000 0.235
7970.000 0.238
7980.000 0.234
7990.000 0.235
8000.000 0.237
8010.000 0.237
8020.000 0.234
8030.000 0.227
8040.000 0.230
8050.000 0.230
8060.000 0.230
8070.000 0.230
8080.000 0.230
8090.000 0.233
8100.000 0.232
8110.000 0.232
8120.000 0.233
8130.000 0.233
8140.000 0.234
8150.000 0.234
8160.000 0.234
8170.000 0.236
8180.000 0.238
8190.000 0.241
8200.000 0.245
8210.000 0.245
8220.000 0.255
8230.000 0.269
8240.000 0.275
8250.000 0.270
8260.000 0.270
8270.000 0.269
8280.000 0.271
8290.000 0.273
8300.000 0.279
8310.000 0.279
8320.000 0.287
8330.000 0.291
8340.000 0.298
8350.000 0.311
8360.000 0.311
8370.000 0.322
8380.000 0.336
8390.000 0.351
8400.000 0.368
8410.000 0.368
8420.000 0.391
8430.000 0.415
8440.000 0.444
8450.000 0.479
8460.000 0.479
8470.000 0.518
8480.000 0.565
8490.000 0.621
8500.000 0.678
8510.000 0.678
8520.000 0.758
8530.000 0.847
8540.000 0.958
8550.000 0.958
8560.000 1.093
8570.000 1.264
8580.000 1.495
8590.000 1.797
8600.000 2.201
8610.000 2.201
8620.000 2.756
8630.000 3.576
8640.000 4.842
8650.000 4.842
8660.000 6.944
8670.000 10.002
8680.000 12.642
8690.000 12.669
8700.000 10.032
8710.000 10.032
8720.000 7.481
8730.000 5.783
8740.000 4.658
8750.000 4.658
8760.000 3.968
8770.000 3.550
8780.000 3.154
8790.000 2.717
8800.000 2.359
8810.000 2.359
8820.000 2.078
8830.000 1.855
8840.000 1.681
8850.000 1.681
8860.000 1.508
8870.000 1.419
8880.000 1.306
8890.000 1.220
8900.000 1.148
8910.000 1.148
8920.000 1.087
8930.000 1.037
8940.000 0.998
8950.000 0.998
8960.000 0.961
8970.000 0.932
8980.000 0.908
8990.000 0.877
9000.000 0.853
9010.000 0.853
9020.000 0.829
9030.000 0.815
9040.000 0.794
9050.000 0.794
9060.000 0.774
9070.000 0.759
9080.000 0.743
9090.000 0.723
9100.000 0.712
9110.000 0.712
9120.000 0.703
9130.000 0.693
9140.000 0.682
9150.000 0.682
9160.000 0.674
9170.000 0.665
9180.000 0.658
9190.000 0.649
9200.000 0.641
9210.000 0.641
9220.000 0.636
9230.000 0.629
9240.000 0.623
9250.000 0.623
9260.000 0.620
9270.000 0.616
9280.000 0.611
9290.000 0.607
9300.000 0.604
9310.000 0.604
9320.000 0.599
9330.000 0.599
9340.000 0.598
9350.000 0.598
9360.000 0.592
9370.000 0.591
9380.000 0.588
9390.000 0.586
9400.000 0.585
9410.000 0.585
9420.000 0.584
9430.000 0.581
9440.000 0.582
9450.000 0.582
9460.000 0.582
9470.000 0.581
9480.000 0.580
9490.000 0.580
9500.000 0.581
9510.000 0.581
9520.000 0.583
9530.000 0.584
9540.000 0.589
9550.000 0.589
9560.000 0.596
9570.000 0.602
9580.000 0.596
9590.000 0.583
9600.000 0.578
9610.000 0.578
9620.000 0.574
9630.000 0.574
9640.000 0.580
9650.000 0.580
9660.000 0.577
9670.000 0.578
9680.000 0.581
9690.000 0.584
9700.000 0.583
9710.000 0.584
9720.000 0.585
9730.000 0.587
9740.000 0.593
9750.000 0.593
9760.000 0.596
9770.000 0.599
9780.000 0.604
9790.000 0.605
9800.000 0.604
9810.000 0.608
9820.000 0.613
9830.000 0.617
9840.000 0.623
9850.000 0.623
9860.000 0.627
9870.000 0.629
9880.000 0.636
9890.000 0.637
9900.000 0.637
9910.000 0.641
9920.000 0.645
9930.000 0.650
9940.000 0.652
9950.000 0.652
9960.000 0.660
9970.000 0.663
9980.000 0.670
9990.000 0.675
10000.000 0.675
10010.000 0.681
10020.000 0.693
10030.000 0.703
10040.000 0.711
10050.000 0.711
10060.000 0.715
10070.000 0.729
10080.000 0.737
10090.000 0.747
10100.000 0.747
10110.000 0.761
10120.000 0.772
10130.000 0.790
10140.000 0.805
10150.000 0.805
10160.000 0.824
10170.000 0.841
10180.000 0.862
10190.000 0.886
10200.000 0.886
10210.000 0.914
10220.000 0.947
10230.000 0.982
10240.000 1.021
10250.000 1.021
10260.000 1.068
10270.000 1.125
10280.000 1.198
10290.000 1.291
10300.000 1.291
10310.000 1.407
10320.000 1.563
10330.000 1.770
10340.000 2.046
10350.000 2.046
10360.000 2.470
10370.000 3.059
10380.000 3.835
10390.000 4.699
10400.000 4.699
10410.000 5.269
10420.000 4.931
10430.000 3.739
10440.000 2.639
10450.000 2.638
10460.000 1.901
10470.000 1.415
10480.000 1.215
10490.000 0.967
10500.000 0.967
10510.000 0.784
10520.000 0.641
10530.000 0.528
10540.000 0.436
10550.000 0.436
10560.000 0.359
10570.000 0.299
10580.000 0.242
10590.000 0.195
10600.000 0.195
10610.000 0.149
10620.000 0.100
10630.000 0.061
10640.000 0.042
10650.000 0.042
10660.000 0.037
10670.000 0.036
10680.000 0.046
10690.000 0.054
10700.000 0.054
10710.000 0.072
10720.000 0.073
10730.000 0.080
10740.000 0.088
10750.000 0.088
10760.000 0.097
10770.000 0.103
10780.000 0.110
10790.000 0.118
10800.000 0.118
10810.000 0.124
10820.000 0.130
10830.000 0.134
10840.000 0.140
10850.000 0.140
10860.000 0.145
10870.000 0.147
10880.000 0.152
10890.000 0.155
10900.000 0.156
10910.000 0.159
10920.000 0.162
10930.000 0.165
10940.000 0.168
10950.000 0.168
10960.000 0.172
10970.000 0.174
10980.000 0.174
10990.000 0.174
11000.000 0.178
11010.000 0.180
11020.000 0.185
11030.000 0.183
11040.000 0.181
11050.000 0.181
11060.000 0.192
11070.000 0.191
11080.000 0.193
11090.000 0.193
11100.000 0.194
11110.000 0.194
11120.000 0.196
11130.000 0.198
11140.000 0.199
11150.000 0.199
11160.000 0.203
11170.000 0.203
11180.000 0.205
11190.000 0.205
11200.000 0.205
11210.000 0.204
11220.000 0.203
11230.000 0.207
11240.000 0.206
11250.000 0.206
11260.000 0.209
11270.000 0.209
11280.000 0.208
11290.000 0.208
11300.000 0.210
11310.000 0.210
11320.000 0.211
11330.000 0.210
11340.000 0.210
11350.000 0.210
11360.000 0.209
11370.000 0.210
11380.000 0.210
11390.000 0.210
11400.000 0.207
11410.000 0.210
11420.000 0.211
11430.000 0.212
11440.000 0.210
11450.000 0.210
11460.000 0.210
11470.000 0.209
11480.000 0.208
11490.000 0.208
11500.000 0.207
11510.000 0.207
11520.000 0.207
11530.000 0.204
11540.000 0.204
11550.000 0.204
11560.000 0.204
11570.000 0.201
11580.000 0.202
11590.000 0.202
11600.000 0.201
11610.000 0.199
11620.000 0.197
11630.000 0.196
11640.000 0.194
11650.000 0.194
11660.000 0.191
11670.000 0.191
11680.000 0.187
11690.000 0.187
11700.000 0.185
11710.000 0.184
11720.000 0.180
11730.000 0.177
11740.000 0.175
11750.000 0.175
11760.000 0.171
11770.000 0.167
11780.000 0.163
11790.000 0.163
11800.000 0.156
11810.000 0.148
11820.000 0.139
11830.000 0.134
11840.000 0.131
11850.000 0.131
11860.000 0.128
11870.000 0.123
11880.000 0.121
11890.000 0.121
11900.000 0.118
11910.000 0.114
11920.000 0.108
11930.000 0.106
11940.000 0.107
11950.000 0.107
11960.000 0.110
11970.000 0.118
11980.000 0.133
11990.000 0.133
12000.000 0.151
