110.000 0.148
120.000 0.206
130.000 0.193
140.000 0.193
150.000 1.037
160.000 4.343
170.000 5.289
180.000 6.294
190.000 6.063
200.000 6.063
210.000 6.010
220.000 5.853
230.000 6.465
240.000 6.468
250.000 7.816
260.000 7.824
270.000 8.523
280.000 9.533
290.000 10.778
300.000 10.778
310.000 12.175
320.000 13.592
330.000 15.260
340.000 15.260
350.000 18.144
360.000 23.879
370.000 30.824
380.000 30.824
390.000 39.468
400.000 49.654
410.000 62.949
420.000 72.487
430.000 67.144
440.000 67.144
450.000 65.560
460.000 61.090
470.000 51.585
480.000 51.585
490.000 42.787
500.000 35.007
510.000 27.809
520.000 22.024
530.000 17.504
540.000 17.503
550.000 13.756
560.000 11.626
570.000 9.750
580.000 9.750
590.000 7.991
600.000 6.890
610.000 6.011
620.000 5.332
630.000 4.828
640.000 4.828
650.000 4.273
660.000 3.991
670.000 3.834
680.000 3.834
690.000 3.642
700.000 3.576
710.000 3.585
720.000 3.674
730.000 3.871
740.000 3.871
750.000 4.228
760.000 4.713
770.000 5.701
780.000 8.717
790.000 8.717
800.000 16.141
810.000 28.668
820.000 38.078
830.000 20.368
840.000 20.358
850.000 9.997
860.000 5.600
870.000 4.066
880.000 3.069
890.000 3.069
900.000 2.389
910.000 1.879
920.000 1.595
930.000 1.357
940.000 1.357
950.000 1.183
960.000 1.040
970.000 0.931
980.000 0.851
990.000 0.851
1000.000 0.782
1010.000 0.739
1020.000 0.695
1030.000 0.683
1040.000 0.683
1050.000 0.666
1060.000 0.640
1070.000 0.644
1080.000 0.647
1090.000 0.647
1100.000 0.671
1110.000 0.707
1120.000 0.767
1130.000 0.870
1140.000 1.035
1150.000 1.035
1160.000 1.329
1170.000 1.882
1180.000 3.187
1190.000 3.186
1200.000 6.468
1210.000 8.184
1220.000 2.265
1230.000 1.864
1240.000 1.864
1250.000 1.520
1260.000 1.225
1270.000 1.050
1280.000 0.925
1290.000 0.925
1300.000 0.845
1310.000 0.784
1320.000 0.748
1330.000 0.717
1340.000 0.717
1350.000 0.702
1360.000 0.692
1370.000 0.694
1380.000 0.702
1390.000 0.702
1400.000 0.719
1410.000 0.746
1420.000 0.784
1430.000 0.833
1440.000 0.833
1450.000 0.896
1460.000 0.979
1470.000 1.083
1480.000 1.234
1490.000 1.234
1500.000 1.495
1510.000 1.915
1520.000 2.709
1530.000 4.393
1540.000 4.393
1550.000 6.792
1560.000 10.499
1570.000 16.971
1580.000 16.968
1590.000 23.075
1600.000 14.655
1610.000 8.273
1620.000 5.758
1630.000 4.353
1640.000 4.353
1650.000 3.434
1660.000 2.833
1670.000 2.440
1680.000 2.440
1690.000 2.255
1700.000 2.210
1710.000 2.246
1720.000 2.307
1730.000 2.376
1740.000 2.376
1750.000 2.431
1760.000 2.510
1770.000 2.684
1780.000 2.684
1790.000 2.962
1800.000 3.324
1810.000 3.790
1820.000 4.321
1830.000 4.938
1840.000 4.937
1850.000 5.737
1860.000 6.747
1870.000 8.045
1880.000 8.044
1890.000 9.638
1900.000 11.601
1910.000 14.109
1920.000 17.360
1930.000 21.801
1940.000 21.801
1950.000 27.624
1960.000 33.139
1970.000 33.016
1980.000 33.016
1990.000 25.007
2000.000 18.280
2010.000 14.286
2020.000 11.562
2030.000 9.621
2040.000 9.621
2050.000 8.140
2060.000 6.994
2070.000 6.099
2080.000 6.099
2090.000 5.395
2100.000 4.842
2110.000 4.407
2120.000 4.052
2130.000 3.771
2140.000 3.771
2150.000 3.546
2160.000 3.376
2170.000 3.244
2180.000 3.243
2190.000 3.155
2200.000 3.104
2210.000 3.100
2220.000 3.144
2230.000 3.242
2240.000 3.242
2250.000 3.466
2260.000 3.912
2270.000 4.629
2280.000 4.629
2290.000 5.625
2300.000 7.118
2310.000 9.509
2320.000 13.133
2330.000 18.047
2340.000 23.844
2350.000 23.840
2360.000 29.343
2370.000 29.591
2380.000 29.591
2390.000 20.155
2400.000 13.292
2410.000 9.609
2420.000 7.307
2430.000 5.786
2440.000 5.785
2450.000 4.740
2460.000 4.003
2470.000 3.465
2480.000 3.464
2490.000 3.056
2500.000 2.740
2510.000 2.492
2520.000 2.303
2530.000 2.151
2540.000 2.151
2550.000 2.036
2560.000 1.952
2570.000 1.895
2580.000 1.895
2590.000 1.875
2600.000 1.876
2610.000 1.900
2620.000 1.956
2630.000 2.044
2640.000 2.044
2650.000 2.184
2660.000 2.395
2670.000 2.733
2680.000 2.733
2690.000 3.425
2700.000 4.751
2710.000 7.484
2720.000 12.555
2730.000 13.279
2740.000 20.003
2750.000 25.854
2760.000 21.777
2770.000 10.173
2780.000 10.170
2790.000 6.841
2800.000 4.884
2810.000 3.689
2820.000 3.689
2830.000 2.911
2840.000 2.377
2850.000 2.000
2860.000 1.725
2870.000 1.516
2880.000 1.516
2890.000 1.360
2900.000 1.238
2910.000 1.150
2920.000 1.150
2930.000 1.083
2940.000 1.030
2950.000 1.000
2960.000 0.979
2970.000 0.973
2980.000 0.973
2990.000 0.982
3000.000 1.013
3010.000 1.058
3020.000 1.058
3030.000 1.116
3040.000 1.226
3050.000 1.400
3060.000 1.670
3070.000 2.163
3080.000 2.162
3090.000 3.013
3100.000 4.721
3110.000 8.472
3120.000 8.472
3130.000 15.645
3140.000 20.593
3150.000 13.374
3160.000 7.024
3170.000 4.751
3180.000 4.751
3190.000 3.513
3200.000 2.738
3210.000 2.217
3220.000 2.217
3230.000 1.853
3240.000 1.591
3250.000 1.394
3260.000 1.246
3270.000 1.133
3280.000 1.133
3290.000 1.043
3300.000 0.976
3310.000 0.924
3320.000 0.924
3330.000 0.886
3340.000 0.858
3350.000 0.842
3360.000 0.836
3370.000 0.840
3380.000 0.840
3390.000 0.855
3400.000 0.880
3410.000 0.931
3420.000 0.931
3430.000 1.013
3440.000 1.145
3450.000 1.379
3460.000 1.787
3470.000 2.520
3480.000 2.520
3490.000 3.755
3500.000 5.927
3510.000 10.283
3520.000 10.283
3530.000 12.688
3540.000 6.047
3550.000 3.701
3560.000 2.545
3570.000 1.901
3580.000 1.901
3590.000 1.491
3600.000 1.217
3610.000 1.026
3620.000 1.026
3630.000 0.891
3640.000 0.789
3650.000 0.713
3660.000 0.657
3670.000 0.611
3680.000 0.611
3690.000 0.580
3700.000 0.560
3710.000 0.541
3720.000 0.541
3730.000 0.532
3740.000 0.533
3750.000 0.537
3760.000 0.550
3770.000 0.569
3780.000 0.602
3790.000 0.602
3800.000 0.653
3810.000 0.736
3820.000 0.736
3830.000 0.874
3840.000 1.111
3850.000 1.519
3860.000 2.256
3870.000 3.519
3880.000 3.519
3890.000 5.609
3900.000 9.043
3910.000 9.463
3920.000 9.463
3930.000 4.101
3940.000 2.912
3950.000 2.175
3960.000 1.714
3970.000 1.399
3980.000 1.399
3990.000 1.187
4000.000 1.019
4010.000 0.902
4020.000 0.902
4030.000 0.830
4040.000 0.747
4050.000 0.703
4060.000 0.661
4070.000 0.634
4080.000 0.634
4090.000 0.602
4100.000 0.593
4110.000 0.579
4120.000 0.579
4130.000 0.572
4140.000 0.571
4150.000 0.580
4160.000 0.591
4170.000 0.612
4180.000 0.612
4190.000 0.643
4200.000 0.709
4210.000 0.813
4220.000 0.813
4230.000 0.998
4240.000 1.324
4250.000 1.913
4260.000 2.927
4270.000 4.432
4280.000 4.432
4290.000 6.073
4300.000 4.857
4310.000 2.079
4320.000 2.079
4330.000 1.414
4340.000 1.029
4350.000 0.798
4360.000 0.651
4370.000 0.549
4380.000 0.549
4390.000 0.480
4400.000 0.427
4410.000 0.391
4420.000 0.391
4430.000 0.361
4440.000 0.338
4450.000 0.323
4460.000 0.307
4470.000 0.300
4480.000 0.300
4490.000 0.292
4500.000 0.288
4510.000 0.290
4520.000 0.290
4530.000 0.292
4540.000 0.301
4550.000 0.313
4560.000 0.335
4570.000 0.370
4580.000 0.370
4590.000 0.418
4600.000 0.506
4610.000 0.683
4620.000 0.683
4630.000 1.047
4640.000 1.863
4650.000 3.370
4660.000 5.522
4670.000 7.628
4680.000 7.627
4690.000 5.398
4700.000 3.015
4710.000 2.172
4720.000 2.172
4730.000 1.677
4740.000 1.353
4750.000 1.131
4760.000 0.977
4770.000 0.866
4780.000 0.866
4790.000 0.791
4800.000 0.740
4810.000 0.707
4820.000 0.707
4830.000 0.686
4840.000 0.679
4850.000 0.681
4860.000 0.685
4870.000 0.711
4880.000 0.711
4890.000 0.746
4900.000 0.807
4910.000 0.882
4920.000 0.882
4930.000 0.982
4940.000 1.122
4950.000 1.319
4960.000 1.606
4970.000 2.011
4980.000 2.010
4990.000 2.618
5000.000 3.500
5010.000 4.741
5020.000 4.740
5030.000 6.629
5040.000 9.586
5050.000 13.782
5060.000 16.413
5070.000 10.743
5080.000 10.743
5090.000 6.351
5100.000 4.342
5110.000 3.318
5120.000 3.318
5130.000 2.644
5140.000 2.190
5150.000 1.865
5160.000 1.865
5170.000 1.631
5180.000 1.459
5190.000 1.330
5200.000 1.233
5210.000 1.160
5220.000 1.160
5230.000 1.110
5240.000 1.074
5250.000 1.053
5260.000 1.053
5270.000 1.044
5280.000 1.049
5290.000 1.067
5300.000 1.096
5310.000 1.144
5320.000 1.144
5330.000 1.221
5340.000 1.366
5350.000 1.609
5360.000 1.609
5370.000 1.999
5380.000 2.653
5390.000 3.688
5400.000 5.243
5410.000 7.659
5420.000 7.659
5430.000 11.443
5440.000 16.422
5450.000 17.848
5460.000 17.848
5470.000 9.264
5480.000 5.885
5490.000 4.163
5500.000 3.141
5510.000 2.480
5520.000 2.480
5530.000 2.024
5540.000 1.701
5550.000 1.464
5560.000 1.464
5570.000 1.287
5580.000 1.150
5590.000 1.047
5600.000 0.969
5610.000 0.903
5620.000 0.903
5630.000 0.855
5640.000 0.825
5650.000 0.801
5660.000 0.801
5670.000 0.789
5680.000 0.785
5690.000 0.792
5700.000 0.815
5710.000 0.848
5720.000 0.848
5730.000 0.896
5740.000 0.969
5750.000 1.077
5760.000 1.077
5770.000 1.267
5780.000 1.677
5790.000 2.587
5800.000 4.627
5810.000 8.005
5820.000 8.005
5830.000 11.539
5840.000 11.631
5850.000 5.871
5860.000 5.871
5870.000 3.954
5880.000 2.893
5890.000 2.269
5900.000 1.851
5910.000 1.567
5920.000 1.567
5930.000 1.359
5940.000 1.209
5950.000 1.096
5960.000 1.096
5970.000 1.005
5980.000 0.942
5990.000 0.888
6000.000 0.860
6010.000 0.834
6020.000 0.834
6030.000 0.809
6040.000 0.810
6050.000 0.806
6060.000 0.806
6070.000 0.827
6080.000 0.845
6090.000 0.875
6100.000 0.921
6110.000 0.982
6120.000 0.982
6130.000 1.071
6140.000 1.236
6150.000 1.556
6160.000 1.556
6170.000 2.178
6180.000 3.465
6190.000 5.856
6200.000 9.172
6210.000 12.243
6220.000 12.243
6230.000 10.633
6240.000 5.143
6250.000 3.510
6260.000 3.510
6270.000 2.556
6280.000 1.975
6290.000 1.557
6300.000 1.304
6310.000 1.126
6320.000 1.126
6330.000 0.986
6340.000 0.875
6350.000 0.802
6360.000 0.801
6370.000 0.746
6380.000 0.698
6390.000 0.661
6400.000 0.636
6410.000 0.616
6420.000 0.616
6430.000 0.607
6440.000 0.601
6450.000 0.606
6460.000 0.606
6470.000 0.616
6480.000 0.636
6490.000 0.665
6500.000 0.708
6510.000 0.779
6520.000 0.779
6530.000 0.882
6540.000 1.048
6550.000 1.432
6560.000 1.432
6570.000 2.375
6580.000 4.596
6590.000 7.864
6600.000 10.365
6610.000 8.050
6620.000 8.049
6630.000 4.482
6640.000 3.214
6650.000 2.485
6660.000 2.014
6670.000 2.014
6680.000 1.691
6690.000 1.465
6700.000 1.299
6710.000 1.174
6720.000 1.174
6730.000 1.080
6740.000 1.005
6750.000 0.945
6760.000 0.945
6770.000 0.900
6780.000 0.870
6790.000 0.853
6800.000 0.839
6810.000 0.835
6820.000 0.835
6830.000 0.845
6840.000 0.857
6850.000 0.878
6860.000 0.878
6870.000 0.908
6880.000 0.956
6890.000 1.031
6900.000 1.155
6910.000 1.387
6920.000 1.387
6930.000 1.801
6940.000 2.616
6950.000 4.194
6960.000 4.193
6970.000 6.664
6980.000 9.505
6990.000 10.330
7000.000 6.022
7010.000 3.588
7020.000 3.588
7030.000 2.473
7040.000 1.837
7050.000 1.428
7060.000 1.428
7070.000 1.168
7080.000 0.979
7090.000 0.845
7100.000 0.750
7110.000 0.672
7120.000 0.672
7130.000 0.614
7140.000 0.569
7150.000 0.535
7160.000 0.535
7170.000 0.506
7180.000 0.490
7190.000 0.477
7200.000 0.466
7210.000 0.463
7220.000 0.462
7230.000 0.464
7240.000 0.473
7250.000 0.484
7260.000 0.484
7270.000 0.513
7280.000 0.552
7290.000 0.612
7300.000 0.708
7310.000 0.879
7320.000 0.879
7330.000 1.232
7340.000 2.103
7350.000 4.236
7360.000 4.236
7370.000 7.234
7380.000 8.543
7390.000 5.561
7400.000 3.607
7410.000 2.682
7420.000 2.682
7430.000 2.135
7440.000 1.770
7450.000 1.519
7460.000 1.334
7470.000 1.334
7480.000 1.187
7490.000 1.086
7500.000 1.086
7510.000 1.004
7520.000 0.942
7530.000 0.897
7540.000 0.858
7550.000 0.828
7560.000 0.828
7570.000 0.812
7580.000 0.804
7590.000 0.804
7600.000 0.804
7610.000 0.808
7620.000 0.825
7630.000 0.846
7640.000 0.881
7650.000 0.927
7660.000 0.927
7670.000 0.998
7680.000 1.118
7690.000 1.339
7700.000 1.339
7710.000 1.741
7720.000 2.535
7730.000 4.075
7740.000 6.433
7750.000 8.498
7760.000 8.498
7770.000 7.478
7780.000 3.716
7790.000 2.373
7800.000 2.373
7810.000 1.643
7820.000 1.223
7830.000 0.959
7840.000 0.781
7850.000 0.657
7860.000 0.569
7870.000 0.569
7880.000 0.508
7890.000 0.459
7900.000 0.459
7910.000 0.420
7920.000 0.391
7930.000 0.370
7940.000 0.350
7950.000 0.338
7960.000 0.329
7970.000 0.329
7980.000 0.322
7990.000 0.320
8000.000 0.320
8010.000 0.319
8020.000 0.320
8030.000 0.316
8040.000 0.332
8050.000 0.352
8060.000 0.352
8070.000 0.409
8080.000 0.524
8090.000 0.700
8100.000 0.700
8110.000 1.039
8120.000 1.807
8130.000 3.728
8140.000 6.253
8150.000 6.396
8160.000 6.396
8170.000 3.876
8180.000 2.918
8190.000 2.318
8200.000 2.318
8210.000 1.899
8220.000 1.627
8230.000 1.434
8240.000 1.285
8250.000 1.166
8260.000 1.166
8270.000 1.074
8280.000 0.999
8290.000 0.942
8300.000 0.942
8310.000 0.899
8320.000 0.861
8330.000 0.838
8340.000 0.815
8350.000 0.808
8360.000 0.808
8370.000 0.822
8380.000 0.827
8390.000 0.843
8400.000 0.843
8410.000 0.868
8420.000 0.906
8430.000 0.954
8440.000 1.031
8450.000 1.167
8460.000 1.167
8470.000 1.395
8480.000 1.787
8490.000 2.596
8500.000 2.596
8510.000 4.198
8520.000 6.291
8530.000 7.266
8540.000 4.858
8550.000 2.509
8560.000 2.509
8570.000 1.595
8580.000 1.102
8590.000 0.809
8600.000 0.809
8610.000 0.611
8620.000 0.492
8630.000 0.423
8640.000 0.368
8650.000 0.328
8660.000 0.328
8670.000 0.297
8680.000 0.278
8690.000 0.257
8700.000 0.257
8710.000 0.242
8720.000 0.229
8730.000 0.212
8740.000 0.191
8750.000 0.191
8760.000 0.178
8770.000 0.186
8780.000 0.175
8790.000 0.173
8800.000 0.173
8810.000 0.174
8820.000 0.189
8830.000 0.221
8840.000 0.290
8850.000 0.290
8860.000 0.425
8870.000 0.635
8880.000 1.152
8890.000 2.072
8900.000 2.071
8910.000 3.349
8920.000 4.004
8930.000 4.377
8940.000 3.202
8950.000 3.202
8960.000 2.482
8970.000 2.060
8980.000 1.774
8990.000 1.548
9000.000 1.548
9010.000 1.401
9020.000 1.267
9030.000 1.178
9040.000 1.092
9050.000 1.092
9060.000 1.042
9070.000 0.983
9080.000 0.939
9090.000 0.882
9100.000 0.882
9110.000 0.857
9120.000 0.833
9130.000 0.826
9140.000 0.820
9150.000 0.820
9160.000 0.817
9170.000 0.824
9180.000 0.846
9190.000 0.875
9200.000 0.875
9210.000 0.923
9220.000 0.991
9230.000 1.100
9240.000 1.287
9250.000 1.287
9260.000 1.614
9270.000 2.250
9280.000 3.430
9290.000 4.899
9300.000 4.946
9310.000 4.946
9320.000 2.699
9330.000 1.420
9340.000 0.864
9350.000 0.864
9360.000 0.565
9370.000 0.399
9380.000 0.299
9390.000 0.246
9400.000 0.246
9410.000 0.216
9420.000 0.199
9430.000 0.196
9440.000 0.194
9450.000 0.194
9460.000 0.189
9470.000 0.185
9480.000 0.177
9490.000 0.169
9500.000 0.169
9510.000 0.162
9520.000 0.151
9530.000 0.137
9540.000 0.123
9550.000 0.105
9560.000 0.105
9570.000 0.083
9580.000 0.057
9590.000 0.036
9600.000 0.036
9610.000 0.062
9620.000 0.126
9630.000 0.238
9640.000 0.462
9650.000 0.982
9660.000 0.982
9670.000 1.862
9680.000 3.260
9690.000 4.153
9700.000 4.153
9710.000 3.127
9720.000 2.375
9730.000 1.976
9740.000 1.718
9750.000 1.545
9760.000 1.545
9770.000 1.415
9780.000 1.319
9790.000 1.246
9800.000 1.246
9810.000 1.186
9820.000 1.141
9830.000 1.101
9840.000 1.067
9850.000 1.029
9860.000 1.026
9870.000 1.000
9880.000 0.981
9890.000 0.967
9900.000 0.967
9910.000 0.965
9920.000 0.963
9930.000 0.962
9940.000 0.962
9950.000 0.970
9960.000 0.984
9970.000 1.015
9980.000 1.062
9990.000 1.124
10000.000 1.124
10010.000 1.232
10020.000 1.394
10030.000 1.693
10040.000 1.693
10050.000 2.155
10060.000 2.784
10070.000 3.216
10080.000 2.399
10090.000 1.079
10100.000 1.079
10110.000 0.563
10120.000 0.309
10130.000 0.193
10140.000 0.193
10150.000 0.161
10160.000 0.161
10170.000 0.178
10180.000 0.190
10190.000 0.204
10200.000 0.204
10210.000 0.212
10220.000 0.217
10230.000 0.221
10240.000 0.221
10250.000 0.221
10260.000 0.219
10270.000 0.217
10280.000 0.212
10290.000 0.205
10300.000 0.205
10310.000 0.196
10320.000 0.186
10330.000 0.172
10340.000 0.172
10350.000 0.152
10360.000 0.130
10370.000 0.098
10380.000 0.064
10390.000 0.088
10400.000 0.088
10410.000 0.173
10420.000 0.363
10430.000 0.923
10440.000 0.923
10450.000 1.729
10460.000 2.455
10470.000 2.318
10480.000 1.852
10490.000 1.633
10500.000 1.633
10510.000 1.474
10520.000 1.357
10530.000 1.266
10540.000 1.266
10550.000 1.203
10560.000 1.144
10570.000 1.107
10580.000 1.073
10590.000 1.047
10600.000 1.047
10610.000 1.029
10620.000 1.021
10630.000 1.021
10640.000 1.021
10650.000 1.014
10660.000 1.015
10670.000 1.008
10680.000 1.006
10690.000 1.005
10700.000 1.005
10710.000 1.030
10720.000 1.032
10730.000 1.052
10740.000 1.052
10750.000 1.085
10760.000 1.136
10770.000 1.205
10780.000 1.304
10790.000 1.456
10800.000 1.456
10810.000 1.671
10820.000 1.965
10830.000 2.272
10840.000 2.272
10850.000 2.194
10860.000 1.293
10870.000 0.545
10880.000 0.254
10890.000 0.128
10900.000 0.128
10910.000 0.133
10920.000 0.170
10930.000 0.199
10940.000 0.199
10950.000 0.221
10960.000 0.236
10970.000 0.246
10980.000 0.252
10990.000 0.257
11000.000 0.257
11010.000 0.256
11020.000 0.255
11030.000 0.253
11040.000 0.253
11050.000 0.251
11060.000 0.249
11070.000 0.242
11080.000 0.235
11090.000 0.235
11100.000 0.226
11110.000 0.214
11120.000 0.199
11130.000 0.200
11140.000 0.200
11150.000 0.201
11160.000 0.190
11170.000 0.182
11180.000 0.227
11190.000 0.227
11200.000 0.438
11210.000 0.996
11220.000 1.679
11230.000 2.200
11240.000 2.200
11250.000 1.958
11260.000 1.581
11270.000 1.378
11280.000 1.253
11290.000 1.253
11300.000 1.160
11310.000 1.094
11320.000 1.041
11330.000 0.996
11340.000 0.996
11350.000 0.957
11360.000 0.922
11370.000 0.896
11380.000 0.869
11390.000 0.869
11400.000 0.851
11410.000 0.823
11420.000 0.808
11430.000 0.787
11440.000 0.787
11450.000 0.776
11460.000 0.768
11470.000 0.760
11480.000 0.761
11490.000 0.761
11500.000 0.766
11510.000 0.773
11520.000 0.791
11530.000 0.820
11540.000 0.820
11550.000 0.871
11560.000 0.947
11570.000 1.059
11580.000 1.229
11590.000 1.229
11600.000 1.428
11610.000 1.447
11620.000 0.998
11630.000 0.390
11640.000 0.390
11650.000 0.146
11660.000 0.128
11670.000 0.180
11680.000 0.219
11690.000 0.219
11700.000 0.247
11710.000 0.264
11720.000 0.277
11730.000 0.294
11740.000 0.294
11750.000 0.309
11760.000 0.317
11770.000 0.321
11780.000 0.321
11790.000 0.321
11800.000 0.321
11810.000 0.322
11820.000 0.316
11830.000 0.309
11840.000 0.309
11850.000 0.298
11860.000 0.295
11870.000 0.285
11880.000 0.273
11890.000 0.273
11900.000 0.260
11910.000 0.246
11920.000 0.231
11930.000 0.219
11940.000 0.219
11950.000 0.227
11960.000 0.284
11970.000 0.478
11980.000 0.945
11990.000 0.945
12000.000 1.477
