105.000 0.023
110.000 0.044
115.000 5.692
120.000 6.944
125.000 7.488
130.000 8.254
135.000 8.669
140.000 9.213
145.000 9.577
150.000 9.701
155.000 9.741
160.000 9.702
165.000 9.762
170.000 9.947
175.000 9.893
180.000 9.971
185.000 10.067
190.000 10.293
195.000 10.614
200.000 10.576
205.000 11.032
210.000 11.572
215.000 12.614
220.000 13.137
225.000 14.997
230.000 17.740
235.000 19.124
240.000 21.714
245.000 23.286
250.000 26.699
255.000 31.192
260.000 33.728
265.000 40.137
270.000 44.118
275.000 53.923
280.000 65.114
285.000 69.564
290.000 73.024
295.000 71.604
300.000 54.668
305.000 42.261
310.000 38.483
315.000 33.651
320.000 31.977
325.000 29.363
330.000 27.485
335.000 26.835
340.000 25.826
345.000 25.468
350.000 23.746
355.000 21.443
360.000 20.611
365.000 19.845
370.000 20.065
375.000 21.169
380.000 22.756
385.000 23.785
390.000 26.143
395.000 27.395
400.000 29.607
405.000 31.902
410.000 33.014
415.000 35.184
420.000 36.220
425.000 37.985
430.000 39.686
435.000 40.399
440.000 41.571
445.000 42.048
450.000 42.725
455.000 43.069
460.000 43.120
465.000 43.020
470.000 42.884
475.000 42.423
480.000 41.974
485.000 41.865
490.000 41.773
495.000 41.819
500.000 42.297
505.000 43.020
510.000 43.618
515.000 45.101
520.000 46.111
525.000 48.708
530.000 52.221
535.000 54.429
540.000 59.984
545.000 63.461
550.000 71.540
555.000 72.684
560.000 71.610
565.000 70.448
575.000 53.625
580.000 36.345
585.000 30.439
590.000 22.343
595.000 19.435
600.000 15.175
605.000 12.099
610.000 10.864
615.000 8.910
620.000 8.117
625.000 6.806
630.000 5.807
635.000 5.402
640.000 4.717
645.000 4.434
650.000 3.937
655.000 3.547
660.000 3.376
665.000 3.089
670.000 2.969
675.000 2.754
680.000 2.575
685.000 2.499
690.000 2.370
695.000 2.313
700.000 2.219
705.000 2.138
710.000 2.103
715.000 2.045
720.000 2.021
725.000 1.987
730.000 1.969
735.000 1.958
740.000 1.959
745.000 1.962
750.000 1.978
755.000 2.017
760.000 2.043
765.000 2.107
770.000 2.150
775.000 2.252
780.000 2.400
785.000 2.490
790.000 2.722
795.000 2.881
800.000 3.285
805.000 3.877
810.000 4.300
815.000 5.595
820.000 6.651
825.000 10.503
830.000 16.475
835.000 18.260
840.000 14.531
845.000 10.757
850.000 6.413
855.000 4.309
860.000 3.639
865.000 2.704
870.000 2.373
875.000 1.874
880.000 1.527
885.000 1.392
890.000 1.168
895.000 1.086
900.000 0.933
905.000 0.818
910.000 0.767
915.000 0.683
920.000 0.644
925.000 0.584
930.000 0.528
935.000 0.508
940.000 0.462
945.000 0.444
950.000 0.412
955.000 0.386
960.000 0.372
965.000 0.349
970.000 0.343
975.000 0.318
980.000 0.306
985.000 0.302
990.000 0.288
995.000 0.287
1000.000 0.285
1005.000 0.275
1010.000 0.278
1015.000 0.278
1020.000 0.283
1025.000 0.287
1030.000 0.299
1035.000 0.312
1040.000 0.339
1045.000 0.352
1050.000 0.387
1055.000 0.412
1060.000 0.470
1065.000 0.559
1070.000 0.608
1075.000 0.741
1080.000 0.831
1085.000 1.080
1090.000 1.490
1095.000 1.802
1100.000 2.830
1105.000 3.544
1110.000 4.316
1115.000 3.017
1120.000 2.396
1125.000 1.746
1130.000 1.541
1135.000 1.248
1140.000 1.062
1145.000 0.995
1150.000 0.884
1155.000 0.836
1160.000 0.770
1165.000 0.717
1170.000 0.697
1175.000 0.657
1180.000 0.645
1185.000 0.619
1190.000 0.602
1195.000 0.595
1200.000 0.583
1205.000 0.578
1210.000 0.571
1215.000 0.567
1220.000 0.567
1225.000 0.570
1230.000 0.570
1235.000 0.576
1240.000 0.586
1245.000 0.595
1250.000 0.604
1255.000 0.612
1260.000 0.629
1265.000 0.652
1270.000 0.667
1275.000 0.693
1280.000 0.712
1285.000 0.751
1290.000 0.800
1295.000 0.825
1300.000 0.893
1305.000 0.936
1310.000 1.044
1315.000 1.175
1320.000 1.259
1325.000 1.461
1330.000 1.572
1335.000 1.841
1340.000 2.231
1345.000 2.491
1350.000 3.255
1355.000 3.761
1360.000 5.168
1365.000 7.169
1370.000 8.444
1375.000 11.305
1380.000 12.258
1385.000 10.759
1390.000 7.120
1395.000 5.901
1400.000 4.237
1405.000 3.661
1410.000 2.851
1415.000 2.319
1420.000 2.119
1425.000 1.811
1430.000 1.693
1435.000 1.501
1440.000 1.378
1445.000 1.330
1450.000 1.253
1455.000 1.219
1460.000 1.165
1465.000 1.121
1470.000 1.103
1475.000 1.074
1480.000 1.062
1485.000 1.043
1490.000 1.026
1495.000 1.018
1500.000 1.014
1505.000 1.011
1510.000 1.015
1515.000 1.025
1520.000 1.031
1525.000 1.042
1530.000 1.057
1535.000 1.081
1540.000 1.110
1545.000 1.126
1550.000 1.169
1555.000 1.192
1560.000 1.247
1565.000 1.309
1570.000 1.342
1575.000 1.428
1580.000 1.475
1585.000 1.582
1590.000 1.718
1595.000 1.797
1600.000 2.010
1605.000 2.148
1610.000 2.527
1615.000 2.762
1620.000 3.410
1625.000 4.386
1630.000 5.042
1635.000 6.752
1640.000 7.815
1645.000 10.039
1650.000 11.597
1655.000 11.519
1660.000 9.319
1665.000 7.999
1670.000 6.044
1675.000 4.762
1680.000 4.317
1685.000 3.664
1690.000 3.422
1695.000 3.047
1700.000 2.778
1705.000 2.670
1710.000 2.533
1715.000 2.489
1720.000 2.422
1725.000 2.371
1730.000 2.351
1735.000 2.317
1740.000 2.301
1745.000 2.282
1750.000 2.272
1755.000 2.272
1760.000 2.275
1765.000 2.286
1770.000 2.305
1775.000 2.336
1780.000 2.351
1785.000 2.401
1790.000 2.427
1795.000 2.496
1800.000 2.567
1805.000 2.608
1810.000 2.708
1815.000 2.766
1820.000 2.893
1825.000 3.042
1830.000 3.126
1835.000 3.308
1840.000 3.410
1845.000 3.652
1850.000 3.855
1855.000 4.042
1860.000 4.505
1865.000 4.797
1870.000 5.536
1875.000 6.595
1880.000 7.286
1885.000 9.136
1890.000 10.361
1895.000 13.554
1900.000 17.831
1905.000 20.513
1910.000 24.771
1915.000 25.959
1920.000 24.886
1925.000 22.260
1930.000 16.594
1935.000 12.224
1940.000 10.599
1945.000 8.244
1950.000 7.385
1955.000 6.079
1960.000 5.158
1965.000 4.800
1970.000 4.263
1975.000 3.919
1980.000 3.783
1985.000 3.553
1990.000 3.464
1995.000 3.285
2000.000 3.146
2005.000 3.079
2010.000 2.966
2015.000 2.926
2020.000 2.864
2025.000 2.796
2030.000 2.755
2035.000 2.726
2040.000 2.704
2045.000 2.686
2050.000 2.686
2055.000 2.676
2060.000 2.701
2065.000 2.717
2070.000 2.750
2075.000 2.808
2080.000 2.837
2085.000 2.923
2090.000 2.975
2095.000 3.101
2100.000 3.260
2105.000 3.348
2110.000 3.560
2115.000 3.682
2120.000 3.988
2125.000 4.406
2130.000 4.675
2135.000 5.378
2140.000 5.841
2145.000 7.087
2150.000 8.859
2155.000 10.001
2160.000 12.830
2165.000 14.424
2170.000 17.427
2175.000 18.932
2180.000 18.613
2185.000 15.542
2190.000 13.570
2195.000 10.100
2200.000 7.679
2205.000 6.699
2210.000 5.404
2215.000 4.913
2220.000 4.149
2225.000 3.869
2230.000 3.469
2235.000 3.184
2240.000 3.060
2245.000 2.852
2250.000 2.754
2255.000 2.593
2260.000 2.454
2265.000 2.397
2270.000 2.303
2275.000 2.259
2280.000 2.184
2285.000 2.126
2290.000 2.102
2295.000 2.063
2300.000 2.048
2305.000 2.027
2310.000 2.030
2315.000 2.033
2320.000 2.053
2325.000 2.067
2330.000 2.115
2335.000 2.172
2340.000 2.212
2345.000 2.309
2350.000 2.373
2355.000 2.537
2360.000 2.763
2365.000 2.920
2370.000 3.372
2375.000 3.699
2380.000 4.642
2385.000 6.146
2390.000 7.123
2395.000 9.260
2400.000 10.023
2405.000 9.326
2410.000 6.385
2415.000 5.097
2420.000 3.406
2425.000 2.853
2430.000 2.089
2435.000 1.598
2440.000 1.414
2445.000 1.134
2450.000 1.022
2455.000 0.851
2460.000 0.717
2465.000 0.665
2470.000 0.575
2475.000 0.538
2480.000 0.475
2485.000 0.424
2490.000 0.398
2495.000 0.361
2500.000 0.340
2505.000 0.311
2510.000 0.298
2515.000 0.277
2520.000 0.262
2525.000 0.253
2530.000 0.242
2535.000 0.237
2540.000 0.230
2545.000 0.221
2550.000 0.219
2555.000 0.213
2560.000 0.212
2565.000 0.210
2570.000 0.209
2575.000 0.207
2580.000 0.204
2585.000 0.205
2590.000 0.205
2595.000 0.204
2600.000 0.206
2605.000 0.207
2610.000 0.207
2615.000 0.209
2620.000 0.209
2625.000 0.211
2630.000 0.213
2635.000 0.213
2640.000 0.216
2645.000 0.219
2650.000 0.223
2655.000 0.226
2660.000 0.228
2665.000 0.233
2670.000 0.240
2675.000 0.243
2680.000 0.254
2685.000 0.260
2690.000 0.273
2695.000 0.287
2700.000 0.296
2705.000 0.320
2710.000 0.332
2715.000 0.366
2720.000 0.409
2725.000 0.436
2730.000 0.511
2735.000 0.561
2740.000 0.703
2745.000 0.952
2750.000 1.156
2755.000 1.833
2760.000 2.287
2765.000 2.798
2770.000 2.155
2775.000 1.742
2780.000 1.204
2785.000 1.031
2790.000 0.793
2795.000 0.636
2800.000 0.583
2805.000 0.508
2810.000 0.478
2815.000 0.434
2820.000 0.400
2825.000 0.385
2830.000 0.363
2835.000 0.352
2840.000 0.336
2845.000 0.321
2850.000 0.316
2855.000 0.303
2860.000 0.304
2865.000 0.295
2870.000 0.288
2875.000 0.284
2880.000 0.280
2885.000 0.275
2890.000 0.274
2895.000 0.269
2900.000 0.269
2905.000 0.266
2910.000 0.266
2915.000 0.263
2920.000 0.260
2925.000 0.259
2930.000 0.258
2935.000 0.258
2940.000 0.258
2945.000 0.259
2950.000 0.257
2955.000 0.251
2960.000 0.257
2965.000 0.254
2970.000 0.256
2975.000 0.256
2980.000 0.257
2985.000 0.259
2990.000 0.245
2995.000 0.246
3000.000 0.255
3005.000 0.244
3010.000 0.245
3015.000 0.244
3020.000 0.254
3025.000 0.247
3030.000 0.246
3035.000 0.248
3040.000 0.253
3045.000 0.256
3050.000 0.254
3055.000 0.249
3060.000 0.248
3065.000 0.246
3070.000 0.257
3075.000 0.252
3080.000 0.249
3085.000 0.248
3090.000 0.249
3095.000 0.249
3100.000 0.248
3105.000 0.250
3110.000 0.250
3115.000 0.249
3120.000 0.250
3125.000 0.252
3130.000 0.253
3135.000 0.254
3140.000 0.255
3145.000 0.253
3150.000 0.256
3155.000 0.256
3160.000 0.255
3165.000 0.258
3170.000 0.254
3175.000 0.257
3180.000 0.258
3185.000 0.261
3190.000 0.261
3195.000 0.261
3200.000 0.261
3205.000 0.262
3210.000 0.264
3215.000 0.265
3220.000 0.267
3225.000 0.269
3230.000 0.273
3235.000 0.272
3240.000 0.275
3245.000 0.276
3250.000 0.282
3255.000 0.285
3260.000 0.290
3265.000 0.295
3270.000 0.298
3275.000 0.302
3280.000 0.313
3285.000 0.315
3290.000 0.326
3295.000 0.333
3300.000 0.346
3305.000 0.363
3310.000 0.376
3315.000 0.400
3320.000 0.419
3325.000 0.459
3330.000 0.512
3335.000 0.548
3340.000 0.641
3345.000 0.711
3350.000 0.939
3355.000 1.362
3360.000 1.695
3365.000 2.646
3370.000 3.169
3375.000 3.855
3380.000 3.747
3385.000 3.329
3390.000 2.408
3395.000 2.081
3400.000 1.605
3405.000 1.307
3410.000 1.199
3415.000 1.041
3420.000 0.983
3425.000 0.907
3430.000 0.859
3435.000 0.844
3440.000 0.827
3445.000 0.822
3450.000 0.830
3455.000 0.855
3460.000 0.878
3465.000 0.935
3470.000 0.971
3475.000 1.055
3480.000 1.147
3485.000 1.203
3490.000 1.349
3495.000 1.452
3500.000 1.733
3505.000 2.176
3510.000 2.491
3515.000 3.425
3520.000 4.073
3525.000 5.807
3530.000 7.936
3535.000 8.903
3540.000 9.735
3545.000 9.266
3550.000 6.857
3555.000 4.701
3560.000 3.941
3565.000 2.893
3570.000 2.533
3575.000 2.022
3580.000 1.677
3585.000 1.545
3590.000 1.350
3595.000 1.281
3600.000 1.185
3605.000 1.115
3610.000 1.094
3615.000 1.045
3620.000 1.027
3625.000 0.991
3630.000 0.969
3635.000 0.957
3640.000 0.946
3645.000 0.940
3650.000 0.932
3655.000 0.932
3660.000 0.936
3665.000 0.944
3670.000 0.946
3675.000 0.961
3680.000 0.988
3685.000 1.018
3690.000 1.056
3695.000 1.073
3700.000 1.122
3705.000 1.157
3710.000 1.227
3715.000 1.331
3720.000 1.402
3725.000 1.598
3730.000 1.732
3735.000 2.105
3740.000 2.673
3745.000 3.075
3750.000 4.167
3755.000 4.864
3760.000 6.328
3765.000 7.123
3770.000 6.906
3775.000 5.356
3780.000 4.470
3785.000 3.099
3790.000 2.265
3795.000 1.982
3800.000 1.567
3805.000 1.415
3810.000 1.188
3815.000 1.037
3820.000 0.987
3825.000 0.905
3830.000 0.875
3835.000 0.813
3840.000 0.762
3845.000 0.743
3850.000 0.706
3855.000 0.692
3860.000 0.665
3865.000 0.650
3870.000 0.643
3875.000 0.632
3880.000 0.631
3885.000 0.631
3890.000 0.633
3895.000 0.636
3900.000 0.649
3905.000 0.654
3910.000 0.669
3915.000 0.698
3920.000 0.711
3925.000 0.745
3930.000 0.770
3935.000 0.821
3940.000 0.882
3945.000 0.923
3950.000 0.990
3955.000 1.033
3960.000 1.159
3965.000 1.324
3970.000 1.440
3975.000 1.737
3980.000 1.954
3985.000 2.609
3990.000 3.634
3995.000 4.288
4000.000 5.986
4005.000 6.880
4010.000 8.234
4015.000 7.871
4020.000 6.935
4025.000 4.896
4030.000 4.085
4035.000 2.948
4040.000 2.244
4045.000 1.993
4050.000 1.634
4055.000 1.483
4060.000 1.276
4065.000 1.135
4070.000 1.093
4075.000 1.013
4080.000 0.987
4085.000 0.943
4090.000 0.901
4095.000 0.882
4100.000 0.851
4105.000 0.839
4110.000 0.821
4115.000 0.802
4120.000 0.793
4125.000 0.780
4130.000 0.778
4135.000 0.768
4140.000 0.770
4145.000 0.768
4150.000 0.766
4155.000 0.771
4160.000 0.783
4165.000 0.792
4170.000 0.804
4175.000 0.829
4180.000 0.842
4185.000 0.865
4190.000 0.901
4195.000 0.924
4200.000 0.971
4205.000 1.004
4210.000 1.077
4215.000 1.181
4220.000 1.250
4225.000 1.437
4230.000 1.560
4235.000 1.914
4240.000 2.454
4245.000 2.816
4250.000 3.680
4255.000 4.106
4260.000 4.503
4265.000 3.789
4270.000 3.206
4275.000 2.205
4280.000 1.854
4285.000 1.354
4290.000 1.188
4295.000 0.949
4300.000 0.790
4305.000 0.740
4310.000 0.655
4315.000 0.620
4320.000 0.565
4325.000 0.522
4330.000 0.502
4335.000 0.471
4340.000 0.463
4345.000 0.443
4350.000 0.429
4355.000 0.421
4360.000 0.415
4365.000 0.412
4370.000 0.405
4375.000 0.403
4380.000 0.400
4385.000 0.404
4390.000 0.408
4395.000 0.414
4400.000 0.425
4405.000 0.429
4410.000 0.446
4415.000 0.455
4420.000 0.482
4425.000 0.519
4430.000 0.538
4435.000 0.572
4440.000 0.594
4445.000 0.652
4450.000 0.741
4455.000 0.800
4460.000 0.948
4465.000 1.055
4470.000 1.335
4475.000 1.776
4480.000 2.087
4485.000 3.046
4490.000 3.590
4495.000 4.842
4500.000 5.910
4505.000 6.142
4510.000 5.649
4515.000 5.000
4520.000 3.643
4525.000 2.713
4530.000 2.366
4535.000 1.870
4540.000 1.689
4545.000 1.428
4550.000 1.235
4555.000 1.164
4560.000 1.061
4565.000 1.026
4570.000 0.975
4575.000 0.944
4580.000 0.929
4585.000 0.904
4590.000 0.899
4595.000 0.886
4600.000 0.876
4605.000 0.871
4610.000 0.872
4615.000 0.876
4620.000 0.873
4625.000 0.880
4630.000 0.889
4635.000 0.891
4640.000 0.901
4645.000 0.925
4650.000 0.944
4655.000 0.957
4660.000 0.991
4665.000 1.010
4670.000 1.056
4675.000 1.114
4680.000 1.143
4685.000 1.217
4690.000 1.269
4695.000 1.397
4700.000 1.579
4705.000 1.699
4710.000 2.019
4715.000 2.231
4720.000 2.734
4725.000 3.211
4730.000 3.325
4735.000 3.015
4740.000 2.662
4745.000 1.898
4750.000 1.337
4755.000 1.139
4760.000 0.856
4765.000 0.755
4770.000 0.611
4775.000 0.514
4780.000 0.466
4785.000 0.400
4790.000 0.375
4795.000 0.333
4800.000 0.294
4805.000 0.279
4810.000 0.254
4815.000 0.248
4820.000 0.236
4825.000 0.232
4830.000 0.233
4835.000 0.240
4840.000 0.249
4845.000 0.267
4850.000 0.299
4855.000 0.321
4860.000 0.373
4865.000 0.402
4870.000 0.473
4875.000 0.577
4880.000 0.654
4885.000 0.849
4890.000 0.983
4895.000 1.347
4900.000 1.586
4905.000 2.178
4910.000 2.922
4915.000 3.427
4920.000 4.565
4925.000 5.247
4930.000 6.711
4935.000 7.961
4940.000 8.312
4945.000 8.385
4950.000 7.860
4955.000 6.560
4960.000 5.473
4965.000 4.994
4970.000 4.211
4975.000 3.854
4980.000 3.273
4985.000 2.832
4990.000 2.665
4995.000 2.358
5000.000 2.218
5005.000 2.041
5010.000 1.895
5015.000 1.851
5020.000 1.788
5025.000 1.774
5030.000 1.807
5035.000 1.884
5040.000 1.921
5045.000 2.020
5050.000 2.082
5055.000 2.217
5060.000 2.441
5065.000 2.593
5070.000 2.998
5075.000 3.272
5080.000 4.037
5085.000 5.148
5090.000 5.816
5095.000 7.170
5100.000 7.627
5105.000 7.595
5110.000 6.156
5115.000 5.334
5120.000 3.974
5125.000 3.480
5130.000 2.774
5135.000 2.308
5140.000 2.149
5145.000 1.955
5150.000 1.892
5155.000 1.836
5160.000 1.845
5165.000 1.878
5170.000 1.987
5175.000 2.089
5180.000 2.347
5185.000 2.672
5190.000 2.796
5195.000 2.743
5200.000 2.547
5205.000 2.008
5210.000 1.529
5215.000 1.347
5220.000 1.074
5225.000 0.970
5230.000 0.818
5235.000 0.692
5240.000 0.638
5245.000 0.549
5250.000 0.514
5255.000 0.460
5260.000 0.416
5265.000 0.397
5270.000 0.370
5275.000 0.364
5280.000 0.343
5285.000 0.323
5290.000 0.319
5295.000 0.307
5300.000 0.303
5305.000 0.295
5310.000 0.289
5315.000 0.287
5320.000 0.283
5325.000 0.281
5330.000 0.279
5335.000 0.276
5340.000 0.274
5345.000 0.273
5350.000 0.273
5355.000 0.271
5360.000 0.270
5365.000 0.268
5370.000 0.269
5375.000 0.268
5380.000 0.270
5385.000 0.269
5390.000 0.270
5395.000 0.269
5400.000 0.270
5405.000 0.271
5410.000 0.269
5415.000 0.270
5420.000 0.269
5425.000 0.270
5430.000 0.270
5435.000 0.275
5440.000 0.274
5445.000 0.270
5450.000 0.270
5455.000 0.270
5460.000 0.273
5465.000 0.274
5470.000 0.271
5475.000 0.273
5480.000 0.272
5485.000 0.270
5490.000 0.271
5495.000 0.272
5500.000 0.272
5505.000 0.273
5510.000 0.273
5515.000 0.273
5520.000 0.278
5525.000 0.275
5530.000 0.280
5535.000 0.278
5540.000 0.277
5545.000 0.277
5550.000 0.277
5555.000 0.280
5560.000 0.280
5565.000 0.282
5570.000 0.279
5575.000 0.279
5580.000 0.281
5585.000 0.282
5590.000 0.281
5595.000 0.283
5600.000 0.282
5605.000 0.283
5610.000 0.282
5615.000 0.289
5620.000 0.291
5625.000 0.287
5630.000 0.374
5635.000 0.384
5640.000 0.392
5645.000 0.374
5650.000 0.359
5655.000 0.337
5660.000 0.330
5665.000 0.312
5670.000 0.301
5675.000 0.296
5680.000 0.291
5685.000 0.292
5690.000 0.291
5695.000 0.292
5700.000 0.294
5705.000 0.291
5710.000 0.293
5715.000 0.293
5720.000 0.292
5725.000 0.291
5730.000 0.295
5735.000 0.295
5740.000 0.295
5745.000 0.296
5750.000 0.299
5755.000 0.301
5760.000 0.299
5765.000 0.301
5770.000 0.301
5775.000 0.303
5780.000 0.303
5785.000 0.302
5790.000 0.306
5795.000 0.306
5800.000 0.307
5805.000 0.309
5810.000 0.314
5815.000 0.313
5820.000 0.314
5825.000 0.312
5830.000 0.316
5835.000 0.317
5840.000 0.319
5845.000 0.322
5850.000 0.321
5855.000 0.322
5860.000 0.324
5865.000 0.321
5870.000 0.324
5875.000 0.324
5880.000 0.324
5885.000 0.324
5890.000 0.329
5895.000 0.327
5900.000 0.329
5905.000 0.332
5910.000 0.332
5915.000 0.333
5920.000 0.335
5925.000 0.341
5930.000 0.345
5935.000 0.343
5940.000 0.343
5945.000 0.342
5950.000 0.344
5955.000 0.347
5960.000 0.343
5965.000 0.343
5970.000 0.347
5975.000 0.350
5980.000 0.345
5985.000 0.356
5990.000 0.478
5995.000 0.553
6000.000 0.568
6005.000 0.542
6010.000 0.539
6015.000 0.478
6020.000 0.456
6025.000 0.415
6030.000 0.386
6035.000 0.386
6040.000 0.368
6045.000 0.362
6050.000 0.366
6055.000 0.359
6060.000 0.361
6065.000 0.359
6070.000 0.362
6075.000 0.362
6080.000 0.364
6085.000 0.365
6090.000 0.419
6095.000 0.554
6100.000 0.573
6105.000 0.543
6110.000 0.511
6115.000 0.459
6120.000 0.437
6125.000 0.404
6130.000 0.381
6135.000 0.373
6140.000 0.365
6145.000 0.364
6150.000 0.362
6155.000 0.363
6160.000 0.360
6165.000 0.361
6170.000 0.362
6175.000 0.360
6180.000 0.360
6185.000 0.364
6190.000 0.363
6195.000 0.366
6200.000 0.365
6205.000 0.364
6210.000 0.362
6215.000 0.364
6220.000 0.363
6225.000 0.362
6230.000 0.361
6235.000 0.362
6240.000 0.364
6245.000 0.365
6250.000 0.365
6255.000 0.364
6260.000 0.365
6265.000 0.369
6270.000 0.368
6275.000 0.370
6280.000 0.369
6285.000 0.370
6290.000 0.369
6295.000 0.367
6300.000 0.373
6305.000 0.370
6310.000 0.392
6315.000 0.381
6320.000 0.375
6325.000 0.374
6330.000 0.370
6335.000 0.370
6340.000 0.371
6345.000 0.370
6350.000 0.372
6355.000 0.371
6360.000 0.373
6365.000 0.372
6370.000 0.372
6375.000 0.370
6380.000 0.368
6385.000 0.374
6390.000 0.369
6395.000 0.370
6400.000 0.370
6405.000 0.371
6410.000 0.369
6415.000 0.370
6420.000 0.370
6425.000 0.375
6430.000 0.373
6435.000 0.374
6440.000 0.376
6445.000 0.375
6450.000 0.376
6455.000 0.372
6460.000 0.371
6465.000 0.369
6470.000 0.369
6475.000 0.368
6480.000 0.370
6485.000 0.364
6490.000 0.366
6495.000 0.366
6500.000 0.369
6505.000 0.370
6510.000 0.367
6515.000 0.363
6520.000 0.361
6525.000 0.364
6530.000 0.362
6535.000 0.358
6540.000 0.357
6545.000 0.355
6550.000 0.355
6555.000 0.351
6560.000 0.343
6565.000 0.343
6570.000 0.341
6575.000 0.330
6580.000 0.326
6585.000 0.317
6590.000 0.310
6595.000 0.301
6600.000 0.289
6605.000 0.281
6610.000 0.262
6615.000 0.238
6620.000 0.229
6625.000 0.221
6630.000 0.233
6635.000 0.336
6640.000 0.646
6645.000 0.927
6650.000 1.711
6655.000 2.227
6660.000 3.674
6665.000 4.791
6670.000 5.024
6675.000 4.955
6680.000 4.813
6685.000 4.673
6690.000 4.717
6695.000 4.796
6700.000 5.087
6705.000 5.322
6710.000 5.951
6715.000 6.899
6720.000 7.512
6725.000 9.028
6730.000 9.904
6735.000 11.599
6740.000 12.523
6745.000 12.361
6750.000 10.492
6755.000 9.282
6760.000 7.266
6765.000 5.859
6770.000 5.338
6775.000 4.523
6780.000 4.199
6785.000 3.666
6790.000 3.263
6795.000 3.106
6800.000 2.888
6805.000 2.816
6810.000 2.730
6815.000 2.733
6820.000 2.781
6825.000 2.968
6830.000 3.116
6835.000 3.568
6840.000 4.292
6845.000 4.792
6850.000 6.147
6855.000 7.014
6860.000 8.949
6865.000 10.601
6870.000 11.036
6875.000 10.340
6880.000 9.200
6885.000 6.885
6890.000 5.164
6895.000 4.533
6900.000 3.619
6905.000 3.288
6910.000 2.813
6915.000 2.526
6920.000 2.411
6925.000 2.229
6930.000 2.171
6935.000 2.105
6940.000 2.064
6945.000 2.059
6950.000 2.053
6955.000 2.062
6960.000 2.093
6965.000 2.118
6970.000 2.185
6975.000 2.298
6980.000 2.368
6985.000 2.512
6990.000 2.604
6995.000 2.870
7000.000 3.274
7005.000 3.540
7010.000 4.304
7015.000 4.805
7020.000 6.089
7025.000 7.664
7030.000 8.354
7035.000 9.025
7040.000 8.754
7045.000 7.122
7050.000 5.323
7055.000 4.598
7060.000 3.533
7065.000 3.151
7070.000 2.581
7075.000 2.195
7080.000 2.060
7085.000 1.857
7090.000 1.771
7095.000 1.647
7100.000 1.535
7105.000 1.500
7110.000 1.418
7115.000 1.392
7120.000 1.336
7125.000 1.306
7130.000 1.292
7135.000 1.294
7140.000 1.291
7145.000 1.287
7150.000 1.301
7155.000 1.322
7160.000 1.373
7165.000 1.399
7170.000 1.464
7175.000 1.577
7180.000 1.656
7185.000 1.845
7190.000 1.967
7195.000 2.313
7200.000 2.873
7205.000 3.232
7210.000 4.177
7215.000 4.754
7220.000 5.937
7225.000 6.709
7230.000 6.699
7235.000 5.681
7240.000 5.004
7245.000 3.788
7250.000 2.956
7255.000 2.616
7260.000 2.164
7265.000 2.000
7270.000 1.750
7275.000 1.597
7280.000 1.535
7285.000 1.445
7290.000 1.408
7295.000 1.346
7300.000 1.304
7305.000 1.281
7310.000 1.268
7315.000 1.257
7320.000 1.240
7325.000 1.235
7330.000 1.232
7335.000 1.240
7340.000 1.255
7345.000 1.279
7350.000 1.328
7355.000 1.372
7360.000 1.440
7365.000 1.462
7370.000 1.575
7375.000 1.655
7380.000 1.717
7385.000 1.854
7390.000 1.941
7395.000 2.182
7400.000 2.546
7405.000 2.786
7410.000 3.393
7415.000 3.758
7420.000 4.500
7425.000 5.005
7430.000 5.017
7435.000 4.334
7440.000 3.825
7445.000 2.874
7450.000 2.185
7455.000 1.933
7460.000 1.560
7465.000 1.421
7470.000 1.212
7475.000 1.063
7480.000 1.008
7485.000 0.910
7490.000 0.869
7495.000 0.796
7500.000 0.739
7505.000 0.710
7510.000 0.652
7515.000 0.630
7520.000 0.592
7525.000 0.562
7530.000 0.550
7535.000 0.532
7540.000 0.522
7545.000 0.512
7550.000 0.506
7555.000 0.508
7560.000 0.515
7565.000 0.526
7570.000 0.544
7575.000 0.559
7580.000 0.593
7585.000 0.652
7590.000 0.692
7595.000 0.793
7600.000 0.854
7605.000 1.008
7610.000 1.249
7615.000 1.405
7620.000 1.802
7625.000 2.024
7630.000 2.539
7635.000 2.807
7640.000 2.728
7645.000 2.297
7650.000 2.060
7655.000 1.656
7660.000 1.367
7665.000 1.259
7670.000 1.103
7675.000 1.043
7680.000 0.951
7685.000 0.887
7690.000 0.866
7695.000 0.839
7700.000 0.828
7705.000 0.801
7710.000 0.787
7715.000 0.781
7720.000 0.775
7725.000 0.776
7730.000 0.770
7735.000 0.772
7740.000 0.778
7745.000 0.794
7750.000 0.803
7755.000 0.816
7760.000 0.835
7765.000 0.856
7770.000 0.887
7775.000 0.911
7780.000 0.967
7785.000 1.027
7790.000 1.071
7795.000 1.179
7800.000 1.242
7805.000 1.408
7810.000 1.599
7815.000 1.691
7820.000 1.815
7825.000 1.801
7830.000 1.588
7835.000 1.280
7840.000 1.141
7845.000 0.920
7850.000 0.819
7855.000 0.685
7860.000 0.588
7865.000 0.547
7870.000 0.474
7875.000 0.443
7880.000 0.394
7885.000 0.363
7890.000 0.347
7895.000 0.323
7900.000 0.309
7905.000 0.289
7910.000 0.272
7915.000 0.264
7920.000 0.250
7925.000 0.242
7930.000 0.228
7935.000 0.211
7940.000 0.202
7945.000 0.181
7950.000 0.171
7955.000 0.155
7960.000 0.133
7965.000 0.137
7970.000 0.156
7975.000 0.189
7980.000 0.287
7985.000 0.409
7990.000 0.447
7995.000 0.519
8000.000 0.531
8005.000 0.527
8010.000 0.506
8015.000 0.492
8020.000 0.456
8025.000 0.457
8030.000 0.449
8035.000 0.435
8040.000 0.438
8045.000 0.443
8050.000 0.444
8055.000 0.464
8060.000 0.477
8065.000 0.482
8070.000 0.508
8075.000 0.516
8080.000 0.520
8085.000 0.512
8090.000 0.502
8095.000 0.474
8100.000 0.463
8105.000 0.457
8110.000 0.465
8115.000 0.462
8120.000 0.444
8125.000 0.424
8130.000 0.388
8135.000 0.361
8140.000 0.353
8145.000 0.341
8150.000 0.340
8155.000 0.335
8160.000 0.337
8165.000 0.342
8170.000 0.345
8175.000 0.345
8180.000 0.349
8185.000 0.345
8190.000 0.343
8195.000 0.339
8200.000 0.336
8205.000 0.333
8210.000 0.335
8215.000 0.335
8220.000 0.340
8225.000 0.342
8230.000 0.345
8235.000 0.348
8240.000 0.346
8245.000 0.346
8250.000 0.346
8255.000 0.352
8260.000 0.349
8265.000 0.349
8270.000 0.351
8275.000 0.352
8280.000 0.351
8285.000 0.355
8290.000 0.356
8295.000 0.357
8300.000 0.354
8305.000 0.357
8310.000 0.359
8315.000 0.355
8320.000 0.361
8325.000 0.360
8330.000 0.362
8335.000 0.360
8340.000 0.362
8345.000 0.366
8350.000 0.365
8355.000 0.366
8360.000 0.369
8365.000 0.370
8370.000 0.371
8375.000 0.372
8380.000 0.374
8385.000 0.371
8390.000 0.373
8395.000 0.374
8400.000 0.373
8405.000 0.372
8410.000 0.374
8415.000 0.374
8420.000 0.374
8425.000 0.373
8430.000 0.372
8435.000 0.376
8440.000 0.374
8445.000 0.371
8450.000 0.373
8455.000 0.377
8460.000 0.378
8465.000 0.379
8470.000 0.374
8475.000 0.376
8480.000 0.374
8485.000 0.375
8490.000 0.373
8495.000 0.374
8500.000 0.373
8505.000 0.376
8510.000 0.378
8515.000 0.380
8520.000 0.378
8525.000 0.380
8530.000 0.380
8535.000 0.378
8540.000 0.379
8545.000 0.378
8550.000 0.379
8555.000 0.377
8560.000 0.379
8565.000 0.378
8570.000 0.383
8575.000 0.380
8580.000 0.376
8585.000 0.379
8590.000 0.378
8595.000 0.379
8600.000 0.379
8605.000 0.377
8610.000 0.378
8615.000 0.378
8620.000 0.381
8625.000 0.380
8630.000 0.379
8635.000 0.381
8640.000 0.384
8645.000 0.382
8650.000 0.382
8655.000 0.381
8660.000 0.377
8665.000 0.383
8670.000 0.382
8675.000 0.383
8680.000 0.379
8685.000 0.382
8690.000 0.381
8695.000 0.382
8700.000 0.386
8705.000 0.381
8710.000 0.381
8715.000 0.382
8720.000 0.380
8725.000 0.381
8730.000 0.384
8735.000 0.386
8740.000 0.387
8745.000 0.385
8750.000 0.380
8755.000 0.384
8760.000 0.383
8765.000 0.381
8770.000 0.380
8775.000 0.379
8780.000 0.381
8785.000 0.379
8790.000 0.387
8795.000 0.386
8800.000 0.387
8805.000 0.388
8810.000 0.390
8815.000 0.384
8820.000 0.386
8825.000 0.378
8830.000 0.404
8835.000 0.405
8840.000 0.395
8845.000 0.404
8850.000 0.391
8855.000 0.386
8860.000 0.387
8865.000 0.384
8870.000 0.388
8875.000 0.392
8880.000 0.388
8885.000 0.390
8890.000 0.391
8895.000 0.394
8900.000 0.392
8905.000 0.389
8910.000 0.387
8915.000 0.390
8920.000 0.387
8925.000 0.390
8930.000 0.389
8935.000 0.387
8940.000 0.390
8945.000 0.390
8950.000 0.386
8955.000 0.388
8960.000 0.388
8965.000 0.389
8970.000 0.390
8975.000 0.393
8980.000 0.393
8985.000 0.396
8990.000 0.388
8995.000 0.396
9000.000 0.397
9005.000 0.388
9010.000 0.383
9015.000 0.386
9020.000 0.394
9025.000 0.388
9030.000 0.388
9035.000 0.387
9040.000 0.398
9045.000 0.392
9050.000 0.390
9055.000 0.390
9060.000 0.392
9065.000 0.393
9070.000 0.388
9075.000 0.388
9080.000 0.391
9085.000 0.391
9090.000 0.392
9095.000 0.390
9100.000 0.387
9105.000 0.388
9110.000 0.387
9115.000 0.391
9120.000 0.386
9125.000 0.391
9130.000 0.387
9135.000 0.389
9140.000 0.390
9145.000 0.394
9150.000 0.389
9155.000 0.392
9160.000 0.390
9165.000 0.391
9170.000 0.392
9175.000 0.391
9180.000 0.392
9185.000 0.396
9190.000 0.392
9195.000 0.388
9200.000 0.390
9205.000 0.391
9210.000 0.391
9215.000 0.391
9220.000 0.393
9225.000 0.391
9230.000 0.392
9235.000 0.395
9240.000 0.394
9245.000 0.390
9250.000 0.393
9255.000 0.393
9260.000 0.392
9265.000 0.390
9270.000 0.394
9275.000 0.391
9280.000 0.392
9285.000 0.391
9290.000 0.394
9295.000 0.392
9300.000 0.394
9305.000 0.392
9310.000 0.396
9315.000 0.393
9320.000 0.392
9325.000 0.391
9330.000 0.393
9335.000 0.393
9340.000 0.388
9345.000 0.389
9350.000 0.389
9355.000 0.392
9360.000 0.389
9365.000 0.388
9370.000 0.393
9375.000 0.394
9380.000 0.394
9385.000 0.392
9390.000 0.391
9395.000 0.391
9400.000 0.393
9405.000 0.391
9410.000 0.394
9415.000 0.390
9420.000 0.389
9425.000 0.389
9430.000 0.392
9435.000 0.392
9440.000 0.395
9445.000 0.394
9450.000 0.390
9455.000 0.390
9460.000 0.389
9465.000 0.393
9470.000 0.395
9475.000 0.393
9480.000 0.392
9485.000 0.389
9490.000 0.394
9495.000 0.394
9500.000 0.393
9505.000 0.393
9510.000 0.395
9515.000 0.396
9520.000 0.397
9525.000 0.393
9530.000 0.396
9535.000 0.396
9540.000 0.392
9545.000 0.394
9550.000 0.390
9555.000 0.389
9560.000 0.392
9565.000 0.393
9570.000 0.395
9575.000 0.391
9580.000 0.391
9585.000 0.390
9590.000 0.394
9595.000 0.393
9600.000 0.395
9605.000 0.394
9610.000 0.390
9615.000 0.394
9620.000 0.391
9625.000 0.396
9630.000 0.392
9635.000 0.394
9640.000 0.394
9645.000 0.392
9650.000 0.389
9655.000 0.387
9660.000 0.392
9665.000 0.387
9670.000 0.391
9675.000 0.390
9680.000 0.392
9685.000 0.392
9690.000 0.392
9695.000 0.391
9700.000 0.393
9705.000 0.391
9710.000 0.393
9715.000 0.391
9720.000 0.391
9725.000 0.391
9730.000 0.391
9735.000 0.395
9740.000 0.394
9745.000 0.393
9750.000 0.392
9755.000 0.394
9760.000 0.393
9765.000 0.395
9770.000 0.397
9775.000 0.397
9780.000 0.398
9785.000 0.403
9790.000 0.403
9795.000 0.403
9800.000 0.398
9805.000 0.401
9810.000 0.409
9815.000 0.407
9820.000 0.411
9825.000 0.405
9830.000 0.405
9835.000 0.402
9840.000 0.404
9845.000 0.405
9850.000 0.405
9855.000 0.407
9860.000 0.408
9865.000 0.413
9870.000 0.416
9875.000 0.421
9880.000 0.426
9885.000 0.432
9890.000 0.435
9895.000 0.447
9900.000 0.457
9905.000 0.463
9910.000 0.478
9915.000 0.485
9920.000 0.489
9925.000 0.463
9930.000 0.431
9935.000 0.339
9940.000 0.295
9945.000 0.224
9950.000 0.192
9955.000 0.181
9960.000 0.168
9965.000 0.169
9970.000 0.152
9975.000 0.146
9980.000 0.137
9985.000 0.125
9990.000 0.127
9995.000 0.136
10000.000 0.195
10005.000 0.241
10010.000 0.431
10015.000 0.594
10020.000 1.038
10025.000 1.427
10030.000 1.549
10035.000 1.624
10040.000 1.598
10045.000 1.485
10050.000 1.185
10055.000 1.365
10060.000 1.305
10065.000 1.268
10070.000 1.214
10075.000 1.101
10080.000 1.106
10085.000 1.041
10090.000 1.016
10095.000 0.939
10100.000 0.854
10105.000 0.825
10110.000 0.778
10115.000 0.763
10120.000 0.740
10125.000 0.740
10130.000 0.750
10135.000 0.781
10140.000 0.803
10145.000 1.165
10150.000 1.267
10155.000 1.319
10160.000 1.353
10165.000 1.294
10170.000 1.135
10175.000 0.913
10180.000 0.704
10185.000 0.615
10190.000 0.535
10195.000 0.404
10200.000 0.302
10205.000 0.265
10210.000 0.206
10215.000 0.182
10220.000 0.160
10225.000 0.160
10230.000 0.156
10235.000 0.141
10240.000 0.136
10245.000 0.130
10250.000 0.129
10255.000 0.128
10260.000 0.122
10265.000 0.119
10270.000 0.115
10275.000 0.112
10280.000 0.131
10285.000 0.126
10290.000 0.121
10295.000 0.102
10300.000 0.100
10305.000 0.102
10310.000 0.121
10315.000 0.143
10320.000 0.220
10325.000 0.280
10330.000 0.473
10335.000 0.762
10340.000 0.937
10345.000 1.283
10350.000 1.435
10355.000 1.683
10360.000 1.758
10365.000 1.732
10370.000 1.622
10375.000 1.555
10380.000 1.424
10385.000 1.285
10390.000 1.212
10395.000 1.091
10400.000 1.041
10405.000 0.933
10410.000 0.845
10415.000 0.807
10420.000 0.741
10425.000 0.714
10430.000 0.672
10435.000 0.640
10440.000 0.628
10445.000 0.618
10450.000 0.618
10455.000 0.624
10460.000 0.625
10465.000 0.629
10470.000 0.637
10475.000 0.642
10480.000 0.655
10485.000 0.667
10490.000 0.677
10495.000 0.700
10500.000 0.714
10505.000 0.742
10510.000 0.778
10515.000 0.799
10520.000 0.841
10525.000 0.864
10530.000 0.902
10535.000 0.909
10540.000 0.892
10545.000 0.804
10550.000 0.738
10555.000 0.581
10560.000 0.434
10565.000 0.372
10570.000 0.275
10575.000 0.237
10580.000 0.182
10585.000 0.142
10590.000 0.131
10595.000 0.116
10600.000 0.115
10605.000 0.121
10610.000 0.169
10615.000 0.180
10620.000 0.184
10625.000 0.180
10630.000 0.176
10635.000 0.173
10640.000 0.171
10645.000 0.168
10650.000 0.163
10655.000 0.155
10660.000 0.151
10665.000 0.147
10670.000 0.137
10675.000 0.141
10680.000 0.142
10685.000 0.143
10690.000 0.153
10695.000 0.180
10700.000 0.195
10705.000 0.249
10710.000 0.319
10715.000 0.356
10720.000 0.420
10725.000 0.462
10730.000 0.586
10735.000 0.777
10740.000 0.892
10745.000 1.103
10750.000 1.190
10755.000 1.278
10760.000 1.260
10765.000 1.227
10770.000 1.130
10775.000 1.074
10780.000 0.968
10785.000 0.864
10790.000 0.826
10795.000 0.747
10800.000 0.716
10805.000 0.665
10810.000 0.628
10815.000 0.610
10820.000 0.584
10825.000 0.578
10830.000 0.569
10835.000 0.567
10840.000 0.566
10845.000 0.561
10850.000 0.563
10855.000 0.563
10860.000 0.562
10865.000 0.564
10870.000 0.565
10875.000 0.574
10880.000 0.583
10885.000 0.588
10890.000 0.602
10895.000 0.620
10900.000 0.625
10905.000 0.626
10910.000 0.627
10915.000 0.605
10920.000 0.559
10925.000 0.528
10930.000 0.450
10935.000 0.406
10940.000 0.329
10945.000 0.264
10950.000 0.240
10955.000 0.212
10960.000 0.201
10965.000 0.196
10970.000 0.201
10975.000 0.200
10980.000 0.207
10985.000 0.211
10990.000 0.223
10995.000 0.231
11000.000 0.229
11005.000 0.242
11010.000 0.321
11015.000 0.332
11020.000 0.314
11025.000 0.309
11030.000 0.285
11035.000 0.273
11040.000 0.260
11045.000 0.252
11050.000 0.249
11055.000 0.250
11060.000 0.253
11065.000 0.274
11070.000 0.313
11075.000 0.343
11080.000 0.436
11085.000 0.488
11090.000 0.581
11095.000 0.643
11100.000 0.650
11105.000 0.641
11110.000 0.627
11115.000 0.588
11120.000 0.545
11125.000 0.525
11130.000 0.496
11135.000 0.487
11140.000 0.471
11145.000 0.461
11150.000 0.459
11155.000 0.460
11160.000 0.458
11165.000 0.454
11170.000 0.451
11175.000 0.448
11180.000 0.447
11185.000 0.443
11190.000 0.429
11195.000 0.415
11200.000 0.406
11205.000 0.389
11210.000 0.477
11215.000 0.484
11220.000 0.474
11225.000 0.464
11230.000 0.429
11235.000 0.414
11240.000 0.393
11245.000 0.375
11250.000 0.371
11255.000 0.360
11260.000 0.358
11265.000 0.360
11270.000 0.358
11275.000 0.361
11280.000 0.363
11285.000 0.363
11290.000 0.364
11295.000 0.361
11300.000 0.364
11305.000 0.367
11310.000 0.366
11315.000 0.365
11320.000 0.367
11325.000 0.370
11330.000 0.362
11335.000 0.361
11340.000 0.359
11345.000 0.357
11350.000 0.359
11355.000 0.354
11360.000 0.361
11365.000 0.360
11370.000 0.360
11375.000 0.360
11380.000 0.362
11385.000 0.361
11390.000 0.363
11395.000 0.360
11400.000 0.361
11405.000 0.362
11410.000 0.361
11415.000 0.333
11420.000 0.450
11425.000 0.471
11430.000 0.472
11435.000 0.465
11440.000 0.430
11445.000 0.417
11450.000 0.395
11455.000 0.378
11460.000 0.370
11465.000 0.363
11470.000 0.363
11475.000 0.358
11480.000 0.358
11485.000 0.359
11490.000 0.358
11495.000 0.356
11500.000 0.357
11505.000 0.360
11510.000 0.359
11515.000 0.359
11520.000 0.358
11525.000 0.358
11530.000 0.362
11535.000 0.358
11540.000 0.365
11545.000 0.363
11550.000 0.364
11555.000 0.361
11560.000 0.362
11565.000 0.361
11570.000 0.360
11575.000 0.360
11580.000 0.361
11585.000 0.361
11590.000 0.356
11595.000 0.357
11600.000 0.360
11605.000 0.359
11610.000 0.360
11615.000 0.359
11620.000 0.359
11625.000 0.360
11630.000 0.360
11635.000 0.361
11640.000 0.361
11645.000 0.360
11650.000 0.361
11655.000 0.363
11660.000 0.356
11665.000 0.361
11670.000 0.360
11675.000 0.359
11680.000 0.360
11685.000 0.358
11690.000 0.363
11695.000 0.365
11700.000 0.362
11705.000 0.359
11710.000 0.362
11715.000 0.359
11720.000 0.359
11725.000 0.360
11730.000 0.360
11735.000 0.356
11740.000 0.359
11745.000 0.359
11750.000 0.360
11755.000 0.359
11760.000 0.363
11765.000 0.358
11770.000 0.357
11775.000 0.357
11780.000 0.360
11785.000 0.357
11790.000 0.351
11795.000 0.355
11800.000 0.359
11805.000 0.357
11810.000 0.357
11815.000 0.355
11820.000 0.354
11825.000 0.355
11830.000 0.355
11835.000 0.354
11840.000 0.352
11845.000 0.352
11850.000 0.347
11855.000 0.348
11860.000 0.348
11865.000 0.348
11870.000 0.347
11875.000 0.348
11880.000 0.349
11885.000 0.354
11890.000 0.348
11895.000 0.350
11900.000 0.351
11905.000 0.352
11910.000 0.354
11915.000 0.353
11920.000 0.353
11925.000 0.352
11930.000 0.354
11935.000 0.352
11940.000 0.353
11945.000 0.352
11950.000 0.352
11955.000 0.351
11960.000 0.351
11965.000 0.352
11970.000 0.351
11975.000 0.354
11980.000 0.353
11985.000 0.350
11990.000 0.350
11995.000 0.350
12000.000 0.349
