105.000 0.017
110.000 0.019
115.000 5.006
120.000 6.054
125.000 6.560
130.000 7.489
135.000 7.823
140.000 8.365
145.000 8.830
150.000 8.977
155.000 9.527
160.000 9.733
165.000 9.962
170.000 10.269
175.000 10.429
180.000 10.787
185.000 11.004
190.000 11.744
195.000 12.577
200.000 12.946
205.000 14.099
210.000 14.554
215.000 15.738
220.000 16.910
225.000 17.662
230.000 18.240
235.000 18.671
240.000 19.012
245.000 19.726
250.000 20.597
255.000 22.611
260.000 24.078
265.000 27.275
270.000 31.629
275.000 33.802
280.000 39.529
285.000 42.968
290.000 50.440
295.000 59.318
300.000 63.868
305.000 67.970
310.000 68.047
315.000 65.813
320.000 51.215
325.000 45.679
330.000 39.035
335.000 36.960
340.000 34.220
345.000 32.559
350.000 31.930
355.000 30.928
360.000 30.664
365.000 30.301
370.000 30.333
375.000 30.519
380.000 31.305
385.000 31.842
390.000 33.183
395.000 33.652
400.000 33.266
405.000 34.625
410.000 35.460
415.000 37.020
420.000 38.293
425.000 38.851
430.000 39.840
435.000 40.266
440.000 40.928
445.000 41.242
450.000 41.123
455.000 40.574
460.000 40.049
465.000 38.761
470.000 37.157
475.000 36.330
480.000 34.597
485.000 33.726
490.000 31.978
495.000 30.601
500.000 29.966
505.000 28.887
510.000 28.401
515.000 27.783
520.000 27.402
525.000 27.395
530.000 27.753
535.000 28.098
540.000 29.151
545.000 30.674
550.000 31.499
555.000 33.752
560.000 35.194
565.000 38.788
570.000 43.549
575.000 46.416
580.000 53.241
585.000 57.143
590.000 65.651
595.000 70.549
600.000 70.219
605.000 67.476
610.000 56.282
615.000 35.410
620.000 25.676
625.000 22.333
630.000 17.378
635.000 15.472
640.000 12.392
645.000 10.102
650.000 9.081
655.000 7.576
660.000 6.956
665.000 5.963
670.000 5.567
675.000 4.868
680.000 4.301
685.000 4.079
690.000 3.690
695.000 3.528
700.000 3.225
705.000 2.977
710.000 2.874
715.000 2.682
720.000 2.609
725.000 2.462
730.000 2.338
735.000 2.286
740.000 2.197
745.000 2.154
750.000 2.081
755.000 2.022
760.000 1.998
765.000 1.956
770.000 1.937
775.000 1.917
780.000 1.902
785.000 1.903
790.000 1.917
795.000 1.928
800.000 1.971
805.000 2.022
810.000 2.047
815.000 2.111
820.000 2.145
825.000 2.230
830.000 2.346
835.000 2.417
840.000 2.597
845.000 2.714
850.000 3.010
855.000 3.467
860.000 3.783
865.000 4.723
870.000 5.450
875.000 7.866
880.000 12.260
885.000 14.911
890.000 17.800
895.000 16.417
900.000 10.044
905.000 6.170
910.000 5.038
915.000 3.536
920.000 3.026
925.000 2.302
930.000 1.806
935.000 1.623
940.000 1.326
945.000 1.192
950.000 1.006
955.000 0.868
960.000 0.804
965.000 0.700
970.000 0.669
975.000 0.591
980.000 0.528
985.000 0.500
990.000 0.446
995.000 0.433
1000.000 0.390
1005.000 0.367
1010.000 0.351
1015.000 0.333
1020.000 0.314
1025.000 0.303
1030.000 0.284
1035.000 0.287
1040.000 0.272
1045.000 0.273
1050.000 0.270
1055.000 0.274
1060.000 0.267
1065.000 0.288
1070.000 0.292
1075.000 0.309
1080.000 0.332
1085.000 0.348
1090.000 0.374
1095.000 0.391
1100.000 0.436
1105.000 0.492
1110.000 0.523
1115.000 0.601
1120.000 0.648
1125.000 0.745
1130.000 0.906
1135.000 0.993
1140.000 1.258
1145.000 1.441
1150.000 2.023
1155.000 3.005
1160.000 3.690
1165.000 5.444
1170.000 6.610
1175.000 9.457
1180.000 10.042
1185.000 8.608
1190.000 5.818
1195.000 4.971
1200.000 3.767
1205.000 2.980
1210.000 2.694
1215.000 2.252
1220.000 2.079
1225.000 1.817
1230.000 1.624
1235.000 1.543
1240.000 1.415
1245.000 1.378
1250.000 1.319
1255.000 1.297
1260.000 1.258
1265.000 1.229
1270.000 1.220
1275.000 1.201
1280.000 1.196
1285.000 1.188
1290.000 1.191
1295.000 1.187
1300.000 1.193
1305.000 1.195
1310.000 1.211
1315.000 1.231
1320.000 1.251
1325.000 1.272
1330.000 1.289
1335.000 1.324
1340.000 1.369
1345.000 1.388
1350.000 1.442
1355.000 1.478
1360.000 1.549
1365.000 1.630
1370.000 1.678
1375.000 1.784
1380.000 1.846
1385.000 1.988
1390.000 2.158
1395.000 2.261
1400.000 2.520
1405.000 2.679
1410.000 3.072
1415.000 3.623
1420.000 3.986
1425.000 4.978
1430.000 5.665
1435.000 7.586
1440.000 10.560
1445.000 12.587
1450.000 17.925
1455.000 20.939
1460.000 25.038
1465.000 22.836
1470.000 19.270
1475.000 13.035
1480.000 10.865
1485.000 7.844
1490.000 5.959
1495.000 5.288
1500.000 4.296
1505.000 3.920
1510.000 3.342
1515.000 2.919
1520.000 2.765
1525.000 2.542
1530.000 2.451
1535.000 2.305
1540.000 2.173
1545.000 2.118
1550.000 2.028
1555.000 1.991
1560.000 1.920
1565.000 1.853
1570.000 1.814
1575.000 1.752
1580.000 1.723
1585.000 1.676
1590.000 1.639
1595.000 1.625
1600.000 1.600
1605.000 1.592
1610.000 1.587
1615.000 1.581
1620.000 1.592
1625.000 1.603
1630.000 1.619
1635.000 1.670
1640.000 1.759
1645.000 1.804
1650.000 1.915
1655.000 1.982
1660.000 2.187
1665.000 2.503
1670.000 2.713
1675.000 3.266
1680.000 3.629
1685.000 4.595
1690.000 5.946
1695.000 6.798
1700.000 8.950
1705.000 10.223
1710.000 13.531
1715.000 18.095
1720.000 21.102
1725.000 28.620
1730.000 32.636
1735.000 39.263
1740.000 41.289
1745.000 39.532
1750.000 30.437
1755.000 26.433
1760.000 20.292
1765.000 15.757
1770.000 14.016
1775.000 11.260
1780.000 10.173
1785.000 8.472
1790.000 7.268
1795.000 6.798
1800.000 6.053
1805.000 5.764
1810.000 5.299
1815.000 5.023
1820.000 4.939
1825.000 4.808
1830.000 4.753
1835.000 4.660
1840.000 4.621
1845.000 4.561
1850.000 4.518
1855.000 4.512
1860.000 4.500
1865.000 4.503
1870.000 4.528
1875.000 4.572
1880.000 4.604
1885.000 4.680
1890.000 4.719
1895.000 4.838
1900.000 4.974
1905.000 5.054
1910.000 5.240
1915.000 5.347
1920.000 5.595
1925.000 5.891
1930.000 6.045
1935.000 6.433
1940.000 6.653
1945.000 7.198
1950.000 7.919
1955.000 8.364
1960.000 9.530
1965.000 10.262
1970.000 12.201
1975.000 15.025
1980.000 16.873
1985.000 21.477
1990.000 24.041
1995.000 29.401
2000.000 33.630
2005.000 34.708
2010.000 33.447
2015.000 30.588
2020.000 23.978
2025.000 18.290
2030.000 16.091
2035.000 12.827
2040.000 11.604
2045.000 9.685
2050.000 8.283
2055.000 7.756
2060.000 7.013
2065.000 6.720
2070.000 6.238
2075.000 5.844
2080.000 5.665
2085.000 5.349
2090.000 5.219
2095.000 4.988
2100.000 4.788
2105.000 4.708
2110.000 4.576
2115.000 4.511
2120.000 4.405
2125.000 4.336
2130.000 4.308
2135.000 4.260
2140.000 4.254
2145.000 4.248
2150.000 4.261
2155.000 4.295
2160.000 4.352
2165.000 4.388
2170.000 4.490
2175.000 4.557
2180.000 4.720
2185.000 4.929
2190.000 5.040
2195.000 5.345
2200.000 5.531
2205.000 6.021
2210.000 6.731
2215.000 7.209
2220.000 8.494
2225.000 9.366
2230.000 11.774
2235.000 15.325
2240.000 17.564
2245.000 22.514
2250.000 24.759
2255.000 26.771
2260.000 23.086
2265.000 19.920
2270.000 14.197
2275.000 12.081
2280.000 9.106
2285.000 7.186
2290.000 6.479
2295.000 5.389
2300.000 4.970
2305.000 4.375
2310.000 3.995
2315.000 3.831
2320.000 3.557
2325.000 3.445
2330.000 3.247
2335.000 3.084
2340.000 2.989
2345.000 2.809
2350.000 2.733
2355.000 2.623
2360.000 2.550
2365.000 2.528
2370.000 2.512
2375.000 2.543
2380.000 2.573
2385.000 2.675
2390.000 2.756
2395.000 2.981
2400.000 3.232
2405.000 3.377
2410.000 3.814
2415.000 4.147
2420.000 5.122
2425.000 6.636
2430.000 7.652
2435.000 8.982
2440.000 8.723
2445.000 6.238
2450.000 4.874
2455.000 3.067
2460.000 2.070
2465.000 1.731
2470.000 1.255
2475.000 1.081
2480.000 0.821
2485.000 0.638
2490.000 0.567
2495.000 0.460
2500.000 0.415
2505.000 0.345
2510.000 0.291
2515.000 0.269
2520.000 0.236
2525.000 0.221
2530.000 0.200
2535.000 0.185
2540.000 0.180
2545.000 0.171
2550.000 0.166
2555.000 0.163
2560.000 0.158
2565.000 0.160
2570.000 0.158
2575.000 0.162
2580.000 0.159
2585.000 0.162
2590.000 0.163
2595.000 0.165
2600.000 0.165
2605.000 0.166
2610.000 0.169
2615.000 0.170
2620.000 0.173
2625.000 0.173
2630.000 0.175
2635.000 0.176
2640.000 0.178
2645.000 0.178
2650.000 0.178
2655.000 0.182
2660.000 0.183
2665.000 0.185
2670.000 0.186
2675.000 0.185
2680.000 0.187
2685.000 0.187
2690.000 0.188
2695.000 0.189
2700.000 0.189
2705.000 0.190
2710.000 0.190
2715.000 0.193
2720.000 0.193
2725.000 0.192
2730.000 0.194
2735.000 0.194
2740.000 0.195
2745.000 0.195
2750.000 0.196
2755.000 0.196
2760.000 0.197
2765.000 0.197
2770.000 0.199
2775.000 0.198
2780.000 0.199
2785.000 0.198
2790.000 0.200
2795.000 0.200
2800.000 0.200
2805.000 0.202
2810.000 0.200
2815.000 0.204
2820.000 0.201
2825.000 0.201
2830.000 0.200
2835.000 0.205
2840.000 0.204
2845.000 0.203
2850.000 0.204
2855.000 0.204
2860.000 0.203
2865.000 0.205
2870.000 0.205
2875.000 0.206
2880.000 0.204
2885.000 0.206
2890.000 0.207
2895.000 0.207
2900.000 0.209
2905.000 0.207
2910.000 0.209
2915.000 0.208
2920.000 0.210
2925.000 0.208
2930.000 0.208
2935.000 0.212
2940.000 0.210
2945.000 0.211
2950.000 0.209
2955.000 0.213
2960.000 0.214
2965.000 0.215
2970.000 0.210
2975.000 0.209
2980.000 0.210
2985.000 0.208
2990.000 0.221
2995.000 0.220
3000.000 0.213
3005.000 0.219
3010.000 0.218
3015.000 0.218
3020.000 0.219
3025.000 0.220
3030.000 0.215
3035.000 0.225
3040.000 0.220
3045.000 0.223
3050.000 0.224
3055.000 0.221
3060.000 0.223
3065.000 0.219
3070.000 0.223
3075.000 0.225
3080.000 0.221
3085.000 0.226
3090.000 0.222
3095.000 0.226
3100.000 0.225
3105.000 0.228
3110.000 0.228
3115.000 0.227
3120.000 0.230
3125.000 0.229
3130.000 0.231
3135.000 0.230
3140.000 0.232
3145.000 0.232
3150.000 0.231
3155.000 0.234
3160.000 0.233
3165.000 0.233
3170.000 0.234
3175.000 0.232
3180.000 0.235
3185.000 0.235
3190.000 0.237
3195.000 0.235
3200.000 0.234
3205.000 0.236
3210.000 0.236
3215.000 0.238
3220.000 0.240
3225.000 0.240
3230.000 0.243
3235.000 0.243
3240.000 0.249
3245.000 0.251
3250.000 0.251
3255.000 0.257
3260.000 0.261
3265.000 0.268
3270.000 0.279
3275.000 0.284
3280.000 0.296
3285.000 0.304
3290.000 0.321
3295.000 0.346
3300.000 0.362
3305.000 0.400
3310.000 0.422
3315.000 0.476
3320.000 0.556
3325.000 0.615
3330.000 0.758
3335.000 0.860
3340.000 1.158
3345.000 1.374
3350.000 2.061
3355.000 3.297
3360.000 4.134
3365.000 5.717
3370.000 6.132
3375.000 5.768
3380.000 4.468
3385.000 3.875
3390.000 2.977
3395.000 2.650
3400.000 2.155
3405.000 1.826
3410.000 1.707
3415.000 1.526
3420.000 1.460
3425.000 1.370
3430.000 1.328
3435.000 1.322
3440.000 1.324
3445.000 1.342
3450.000 1.402
3455.000 1.499
3460.000 1.567
3465.000 1.732
3470.000 1.826
3475.000 2.079
3480.000 2.482
3485.000 2.768
3490.000 3.601
3495.000 4.209
3500.000 5.903
3505.000 8.219
3510.000 9.416
3515.000 10.860
3520.000 10.629
3525.000 8.146
3530.000 5.486
3535.000 4.546
3540.000 3.283
3545.000 2.852
3550.000 2.245
3555.000 1.848
3560.000 1.699
3565.000 1.465
3570.000 1.382
3575.000 1.257
3580.000 1.164
3585.000 1.125
3590.000 1.060
3595.000 1.037
3600.000 0.998
3605.000 0.968
3610.000 0.959
3615.000 0.945
3620.000 0.939
3625.000 0.941
3630.000 0.953
3635.000 0.963
3640.000 0.985
3645.000 1.003
3650.000 1.045
3655.000 1.097
3660.000 1.132
3665.000 1.215
3670.000 1.266
3675.000 1.393
3680.000 1.573
3685.000 1.686
3690.000 1.944
3695.000 2.108
3700.000 2.558
3705.000 3.260
3710.000 3.750
3715.000 5.120
3720.000 6.031
3725.000 8.234
3730.000 10.394
3735.000 11.053
3740.000 10.649
3745.000 9.496
3750.000 6.805
3755.000 4.802
3760.000 4.096
3765.000 3.110
3770.000 2.756
3775.000 2.239
3780.000 1.884
3785.000 1.746
3790.000 1.547
3795.000 1.482
3800.000 1.367
3805.000 1.268
3810.000 1.227
3815.000 1.153
3820.000 1.125
3825.000 1.073
3830.000 1.032
3835.000 1.010
3840.000 0.980
3845.000 0.972
3850.000 0.954
3855.000 0.945
3860.000 0.939
3865.000 0.940
3870.000 0.938
3875.000 0.945
3880.000 0.957
3885.000 0.963
3890.000 0.992
3895.000 1.001
3900.000 1.038
3905.000 1.079
3910.000 1.104
3915.000 1.176
3920.000 1.218
3925.000 1.319
3930.000 1.388
3935.000 1.545
3940.000 1.741
3945.000 1.877
3950.000 2.232
3955.000 2.485
3960.000 3.194
3965.000 4.296
3970.000 5.055
3975.000 6.765
3980.000 7.574
3985.000 8.262
3990.000 6.889
3995.000 5.830
4000.000 4.001
4005.000 3.338
4010.000 2.438
4015.000 1.899
4020.000 1.708
4025.000 1.407
4030.000 1.281
4035.000 1.105
4040.000 0.982
4045.000 0.937
4050.000 0.867
4055.000 0.832
4060.000 0.778
4065.000 0.730
4070.000 0.716
4075.000 0.685
4080.000 0.670
4085.000 0.652
4090.000 0.635
4095.000 0.629
4100.000 0.622
4105.000 0.620
4110.000 0.614
4115.000 0.616
4120.000 0.618
4125.000 0.627
4130.000 0.634
4135.000 0.645
4140.000 0.666
4145.000 0.675
4150.000 0.704
4155.000 0.716
4160.000 0.755
4165.000 0.799
4170.000 0.827
4175.000 0.894
4180.000 0.935
4185.000 1.038
4190.000 1.184
4195.000 1.281
4200.000 1.554
4205.000 1.741
4210.000 2.232
4215.000 3.024
4220.000 3.548
4225.000 4.927
4230.000 5.758
4235.000 7.298
4240.000 7.772
4245.000 7.340
4250.000 5.482
4255.000 4.580
4260.000 3.215
4265.000 2.379
4270.000 2.094
4275.000 1.676
4280.000 1.523
4285.000 1.288
4290.000 1.125
4295.000 1.066
4300.000 0.982
4305.000 0.947
4310.000 0.887
4315.000 0.840
4320.000 0.820
4325.000 0.786
4330.000 0.775
4335.000 0.746
4340.000 0.728
4345.000 0.717
4350.000 0.705
4355.000 0.701
4360.000 0.698
4365.000 0.692
4370.000 0.689
4375.000 0.694
4380.000 0.692
4385.000 0.696
4390.000 0.706
4395.000 0.713
4400.000 0.723
4405.000 0.735
4410.000 0.755
4415.000 0.788
4420.000 0.807
4425.000 0.859
4430.000 0.880
4435.000 0.923
4440.000 0.992
4445.000 1.032
4450.000 1.144
4455.000 1.223
4460.000 1.421
4465.000 1.713
4470.000 1.907
4475.000 2.424
4480.000 2.756
4485.000 3.502
4490.000 4.079
4495.000 4.107
4500.000 3.453
4505.000 2.966
4510.000 2.054
4515.000 1.743
4520.000 1.299
4525.000 1.011
4530.000 0.904
4535.000 0.744
4540.000 0.691
4545.000 0.608
4550.000 0.543
4555.000 0.520
4560.000 0.475
4565.000 0.461
4570.000 0.431
4575.000 0.414
4580.000 0.401
4585.000 0.392
4590.000 0.388
4595.000 0.384
4600.000 0.379
4605.000 0.382
4610.000 0.385
4615.000 0.388
4620.000 0.395
4625.000 0.410
4630.000 0.419
4635.000 0.433
4640.000 0.445
4645.000 0.470
4650.000 0.503
4655.000 0.517
4660.000 0.560
4665.000 0.580
4670.000 0.619
4675.000 0.678
4680.000 0.719
4685.000 0.815
4690.000 0.875
4695.000 1.035
4700.000 1.266
4705.000 1.424
4710.000 1.860
4715.000 2.160
4720.000 2.917
4725.000 3.867
4730.000 4.373
4735.000 5.123
4740.000 5.177
4745.000 4.473
4750.000 3.289
4755.000 2.809
4760.000 2.085
4765.000 1.836
4770.000 1.467
4775.000 1.230
4780.000 1.141
4785.000 0.999
4790.000 0.946
4795.000 0.879
4800.000 0.832
4805.000 0.814
4810.000 0.783
4815.000 0.774
4820.000 0.760
4825.000 0.754
4830.000 0.750
4835.000 0.748
4840.000 0.752
4845.000 0.758
4850.000 0.772
4855.000 0.778
4860.000 0.796
4865.000 0.810
4870.000 0.837
4875.000 0.871
4880.000 0.896
4885.000 0.945
4890.000 0.973
4895.000 1.040
4900.000 1.123
4905.000 1.174
4910.000 1.291
4915.000 1.393
4920.000 1.606
4925.000 1.906
4930.000 2.114
4935.000 2.695
4940.000 3.092
4945.000 4.082
4950.000 5.128
4955.000 5.468
4960.000 5.425
4965.000 4.938
4970.000 3.708
4975.000 2.668
4980.000 2.292
4985.000 1.777
4990.000 1.586
4995.000 1.293
5000.000 1.083
5005.000 1.019
5010.000 0.918
5015.000 0.884
5020.000 0.811
5025.000 0.775
5030.000 0.769
5035.000 0.735
5040.000 0.736
5045.000 0.732
5050.000 0.736
5055.000 0.756
5060.000 0.785
5065.000 0.796
5070.000 0.857
5075.000 0.931
5080.000 0.982
5085.000 1.105
5090.000 1.182
5095.000 1.384
5100.000 1.699
5105.000 1.933
5110.000 2.487
5115.000 2.852
5120.000 3.733
5125.000 4.228
5130.000 5.131
5135.000 5.517
5140.000 5.304
5145.000 4.264
5150.000 3.694
5155.000 2.746
5160.000 2.095
5165.000 1.854
5170.000 1.493
5175.000 1.356
5180.000 1.142
5185.000 0.991
5190.000 0.934
5195.000 0.855
5200.000 0.820
5205.000 0.757
5210.000 0.704
5215.000 0.682
5220.000 0.637
5225.000 0.621
5230.000 0.590
5235.000 0.568
5240.000 0.557
5245.000 0.536
5250.000 0.523
5255.000 0.507
5260.000 0.492
5265.000 0.483
5270.000 0.470
5275.000 0.469
5280.000 0.460
5285.000 0.449
5290.000 0.446
5295.000 0.437
5300.000 0.435
5305.000 0.429
5310.000 0.426
5315.000 0.422
5320.000 0.423
5325.000 0.418
5330.000 0.413
5335.000 0.402
5340.000 0.395
5345.000 0.370
5350.000 0.346
5355.000 0.273
5360.000 0.170
5365.000 0.109
5370.000 0.037
5375.000 0.074
5380.000 0.135
5385.000 0.172
5390.000 0.185
5395.000 0.207
5400.000 0.217
5405.000 0.235
5410.000 0.241
5415.000 0.251
5420.000 0.262
5425.000 0.265
5430.000 0.274
5435.000 0.276
5440.000 0.280
5445.000 0.286
5450.000 0.287
5455.000 0.290
5460.000 0.294
5465.000 0.295
5470.000 0.301
5475.000 0.300
5480.000 0.303
5485.000 0.305
5490.000 0.306
5495.000 0.311
5500.000 0.311
5505.000 0.314
5510.000 0.318
5515.000 0.319
5520.000 0.326
5525.000 0.325
5530.000 0.328
5535.000 0.327
5540.000 0.324
5545.000 0.322
5550.000 0.323
5555.000 0.324
5560.000 0.322
5565.000 0.321
5570.000 0.328
5575.000 0.325
5580.000 0.324
5585.000 0.326
5590.000 0.327
5595.000 0.325
5600.000 0.324
5605.000 0.326
5610.000 0.326
5615.000 0.325
5620.000 0.326
5625.000 0.328
5630.000 0.325
5635.000 0.328
5640.000 0.329
5645.000 0.331
5650.000 0.328
5655.000 0.330
5660.000 0.331
5665.000 0.330
5670.000 0.328
5675.000 0.328
5680.000 0.328
5685.000 0.329
5690.000 0.332
5695.000 0.332
5700.000 0.330
5705.000 0.330
5710.000 0.332
5715.000 0.330
5720.000 0.328
5725.000 0.327
5730.000 0.331
5735.000 0.330
5740.000 0.329
5745.000 0.331
5750.000 0.328
5755.000 0.333
5760.000 0.332
5765.000 0.334
5770.000 0.333
5775.000 0.337
5780.000 0.336
5785.000 0.333
5790.000 0.334
5795.000 0.335
5800.000 0.338
5805.000 0.342
5810.000 0.339
5815.000 0.337
5820.000 0.344
5825.000 0.342
5830.000 0.339
5835.000 0.338
5840.000 0.339
5845.000 0.341
5850.000 0.339
5855.000 0.339
5860.000 0.338
5865.000 0.339
5870.000 0.343
5875.000 0.345
5880.000 0.348
5885.000 0.345
5890.000 0.349
5895.000 0.348
5900.000 0.352
5905.000 0.354
5910.000 0.352
5915.000 0.356
5920.000 0.346
5925.000 0.349
5930.000 0.346
5935.000 0.347
5940.000 0.345
5945.000 0.342
5950.000 0.344
5955.000 0.350
5960.000 0.341
5965.000 0.341
5970.000 0.347
5975.000 0.341
5980.000 0.345
5985.000 0.351
5990.000 0.342
5995.000 0.342
6000.000 0.355
6005.000 0.342
6010.000 0.339
6015.000 0.343
6020.000 0.355
6025.000 0.346
6030.000 0.350
6035.000 0.341
6040.000 0.349
6045.000 0.348
6050.000 0.344
6055.000 0.348
6060.000 0.349
6065.000 0.350
6070.000 0.348
6075.000 0.347
6080.000 0.350
6085.000 0.346
6090.000 0.348
6095.000 0.345
6100.000 0.345
6105.000 0.349
6110.000 0.350
6115.000 0.347
6120.000 0.347
6125.000 0.349
6130.000 0.351
6135.000 0.349
6140.000 0.351
6145.000 0.352
6150.000 0.357
6155.000 0.357
6160.000 0.353
6165.000 0.353
6170.000 0.353
6175.000 0.354
6180.000 0.354
6185.000 0.349
6190.000 0.354
6195.000 0.350
6200.000 0.353
6205.000 0.353
6210.000 0.350
6215.000 0.354
6220.000 0.351
6225.000 0.350
6230.000 0.355
6235.000 0.356
6240.000 0.354
6245.000 0.353
6250.000 0.350
6255.000 0.352
6260.000 0.351
6265.000 0.353
6270.000 0.355
6275.000 0.355
6280.000 0.354
6285.000 0.356
6290.000 0.355
6295.000 0.355
6300.000 0.354
6305.000 0.355
6310.000 0.369
6315.000 0.364
6320.000 0.368
6325.000 0.360
6330.000 0.358
6335.000 0.359
6340.000 0.359
6345.000 0.358
6350.000 0.357
6355.000 0.356
6360.000 0.361
6365.000 0.360
6370.000 0.362
6375.000 0.361
6380.000 0.358
6385.000 0.356
6390.000 0.359
6395.000 0.361
6400.000 0.361
6405.000 0.360
6410.000 0.360
6415.000 0.362
6420.000 0.362
6425.000 0.364
6430.000 0.363
6435.000 0.363
6440.000 0.364
6445.000 0.362
6450.000 0.365
6455.000 0.366
6460.000 0.366
6465.000 0.364
6470.000 0.367
6475.000 0.365
6480.000 0.367
6485.000 0.369
6490.000 0.370
6495.000 0.372
6500.000 0.369
6505.000 0.369
6510.000 0.372
6515.000 0.372
6520.000 0.371
6525.000 0.372
6530.000 0.371
6535.000 0.370
6540.000 0.373
6545.000 0.374
6550.000 0.376
6555.000 0.378
6560.000 0.380
6565.000 0.376
6570.000 0.379
6575.000 0.385
6580.000 0.388
6585.000 0.391
6590.000 0.401
6595.000 0.404
6600.000 0.415
6605.000 0.417
6610.000 0.430
6615.000 0.445
6620.000 0.455
6625.000 0.480
6630.000 0.499
6635.000 0.545
6640.000 0.613
6645.000 0.663
6650.000 0.816
6655.000 0.915
6660.000 1.177
6665.000 1.443
6670.000 1.519
6675.000 1.416
6680.000 1.272
6685.000 0.990
6690.000 0.797
6695.000 0.734
6700.000 0.638
6705.000 0.605
6710.000 0.561
6715.000 0.540
6720.000 0.540
6725.000 0.535
6730.000 0.544
6735.000 0.568
6740.000 0.608
6745.000 0.641
6750.000 0.756
6755.000 0.841
6760.000 1.119
6765.000 1.581
6770.000 1.881
6775.000 2.467
6780.000 2.729
6785.000 2.794
6790.000 2.275
6795.000 2.001
6800.000 1.574
6805.000 1.419
6810.000 1.187
6815.000 1.039
6820.000 0.986
6825.000 0.905
6830.000 0.876
6835.000 0.834
6840.000 0.820
6845.000 0.815
6850.000 0.817
6855.000 0.818
6860.000 0.820
6865.000 0.839
6870.000 0.849
6875.000 0.871
6880.000 0.887
6885.000 0.924
6890.000 0.974
6895.000 1.002
6900.000 1.071
6905.000 1.114
6910.000 1.232
6915.000 1.393
6920.000 1.502
6925.000 1.801
6930.000 1.996
6935.000 2.512
6940.000 3.143
6945.000 3.426
6950.000 3.696
6955.000 3.605
6960.000 2.971
6965.000 2.231
6970.000 1.932
6975.000 1.509
6980.000 1.349
6985.000 1.107
6990.000 0.953
6995.000 0.887
7000.000 0.807
7005.000 0.761
7010.000 0.700
7015.000 0.666
7020.000 0.650
7025.000 0.617
7030.000 0.594
7035.000 0.578
7040.000 0.551
7045.000 0.546
7050.000 0.544
7055.000 0.528
7060.000 0.523
7065.000 0.520
7070.000 0.521
7075.000 0.518
7080.000 0.524
7085.000 0.538
7090.000 0.552
7095.000 0.562
7100.000 0.590
7105.000 0.610
7110.000 0.659
7115.000 0.728
7120.000 0.780
7125.000 0.916
7130.000 1.022
7135.000 1.296
7140.000 1.730
7145.000 1.998
7150.000 2.585
7155.000 2.869
7160.000 3.288
7165.000 3.032
7170.000 2.727
7175.000 2.127
7180.000 1.883
7185.000 1.488
7190.000 1.356
7195.000 1.162
7200.000 1.033
7205.000 0.984
7210.000 0.902
7215.000 0.874
7220.000 0.834
7225.000 0.817
7230.000 0.800
7235.000 0.776
7240.000 0.770
7245.000 0.762
7250.000 0.756
7255.000 0.753
7260.000 0.754
7265.000 0.749
7270.000 0.754
7275.000 0.759
7280.000 0.761
7285.000 0.782
7290.000 0.793
7295.000 0.809
7300.000 0.835
7305.000 0.853
7310.000 0.890
7315.000 0.910
7320.000 0.960
7325.000 1.022
7330.000 1.062
7335.000 1.161
7340.000 1.218
7345.000 1.381
7350.000 1.625
7355.000 1.765
7360.000 2.064
7365.000 2.353
7370.000 2.869
7375.000 3.115
7380.000 3.071
7385.000 2.583
7390.000 2.263
7395.000 1.696
7400.000 1.319
7405.000 1.179
7410.000 0.971
7415.000 0.892
7420.000 0.773
7425.000 0.684
7430.000 0.656
7435.000 0.596
7440.000 0.571
7445.000 0.530
7450.000 0.498
7455.000 0.481
7460.000 0.457
7465.000 0.446
7470.000 0.427
7475.000 0.413
7480.000 0.405
7485.000 0.399
7490.000 0.397
7495.000 0.383
7500.000 0.379
7505.000 0.374
7510.000 0.371
7515.000 0.368
7520.000 0.369
7525.000 0.374
7530.000 0.376
7535.000 0.386
7540.000 0.391
7545.000 0.410
7550.000 0.440
7555.000 0.460
7560.000 0.518
7565.000 0.557
7570.000 0.676
7575.000 0.870
7580.000 0.998
7585.000 1.316
7590.000 1.517
7595.000 1.937
7600.000 2.065
7605.000 1.969
7610.000 1.659
7615.000 1.502
7620.000 1.238
7625.000 1.044
7630.000 0.976
7635.000 0.866
7640.000 0.825
7645.000 0.760
7650.000 0.715
7655.000 0.696
7660.000 0.675
7665.000 0.666
7670.000 0.653
7675.000 0.645
7680.000 0.641
7685.000 0.639
7690.000 0.639
7695.000 0.639
7700.000 0.641
7705.000 0.648
7710.000 0.650
7715.000 0.650
7720.000 0.661
7725.000 0.675
7730.000 0.679
7735.000 0.707
7740.000 0.721
7745.000 0.749
7750.000 0.791
7755.000 0.814
7760.000 0.865
7765.000 0.904
7770.000 0.986
7775.000 1.096
7780.000 1.173
7785.000 1.329
7790.000 1.406
7795.000 1.522
7800.000 1.531
7805.000 1.377
7810.000 1.122
7815.000 1.003
7820.000 0.813
7825.000 0.739
7830.000 0.616
7835.000 0.533
7840.000 0.500
7845.000 0.444
7850.000 0.421
7855.000 0.385
7860.000 0.359
7865.000 0.348
7870.000 0.334
7875.000 0.326
7880.000 0.308
7885.000 0.294
7890.000 0.293
7895.000 0.276
7900.000 0.271
7905.000 0.262
7910.000 0.247
7915.000 0.238
7920.000 0.222
7925.000 0.211
7930.000 0.189
7935.000 0.169
7940.000 0.155
7945.000 0.127
7950.000 0.116
7955.000 0.101
7960.000 0.144
7965.000 0.187
7970.000 0.363
7975.000 0.476
7980.000 0.667
7985.000 0.773
7990.000 0.778
7995.000 0.756
8000.000 0.724
8005.000 0.694
8010.000 0.668
8015.000 0.655
8020.000 0.600
8025.000 0.604
8030.000 0.577
8035.000 0.541
8040.000 0.536
8045.000 0.530
8050.000 0.528
8055.000 0.533
8060.000 0.526
8065.000 0.527
8070.000 0.505
8075.000 0.497
8080.000 0.482
8085.000 0.464
8090.000 0.465
8095.000 0.452
8100.000 0.449
8105.000 0.450
8110.000 0.452
8115.000 0.448
8120.000 0.419
8125.000 0.401
8130.000 0.374
8135.000 0.361
8140.000 0.356
8145.000 0.351
8150.000 0.353
8155.000 0.352
8160.000 0.350
8165.000 0.351
8170.000 0.351
8175.000 0.353
8180.000 0.355
8185.000 0.355
8190.000 0.355
8195.000 0.355
8200.000 0.354
8205.000 0.353
8210.000 0.349
8215.000 0.353
8220.000 0.349
8225.000 0.355
8230.000 0.356
8235.000 0.358
8240.000 0.356
8245.000 0.357
8250.000 0.358
8255.000 0.355
8260.000 0.356
8265.000 0.357
8270.000 0.354
8275.000 0.358
8280.000 0.359
8285.000 0.360
8290.000 0.360
8295.000 0.360
8300.000 0.360
8305.000 0.362
8310.000 0.361
8315.000 0.360
8320.000 0.358
8325.000 0.360
8330.000 0.361
8335.000 0.361
8340.000 0.362
8345.000 0.363
8350.000 0.359
8355.000 0.359
8360.000 0.359
8365.000 0.358
8370.000 0.360
8375.000 0.361
8380.000 0.363
8385.000 0.363
8390.000 0.360
8395.000 0.363
8400.000 0.363
8405.000 0.364
8410.000 0.365
8415.000 0.364
8420.000 0.363
8425.000 0.361
8430.000 0.365
8435.000 0.365
8440.000 0.362
8445.000 0.363
8450.000 0.366
8455.000 0.366
8460.000 0.366
8465.000 0.363
8470.000 0.367
8475.000 0.366
8480.000 0.364
8485.000 0.366
8490.000 0.365
8495.000 0.364
8500.000 0.366
8505.000 0.365
8510.000 0.365
8515.000 0.367
8520.000 0.372
8525.000 0.370
8530.000 0.370
8535.000 0.371
8540.000 0.371
8545.000 0.370
8550.000 0.370
8555.000 0.368
8560.000 0.368
8565.000 0.367
8570.000 0.368
8575.000 0.370
8580.000 0.368
8585.000 0.369
8590.000 0.367
8595.000 0.368
8600.000 0.368
8605.000 0.367
8610.000 0.365
8615.000 0.367
8620.000 0.367
8625.000 0.371
8630.000 0.368
8635.000 0.372
8640.000 0.370
8645.000 0.373
8650.000 0.373
8655.000 0.375
8660.000 0.372
8665.000 0.373
8670.000 0.372
8675.000 0.373
8680.000 0.369
8685.000 0.370
8690.000 0.376
8695.000 0.374
8700.000 0.379
8705.000 0.375
8710.000 0.375
8715.000 0.376
8720.000 0.374
8725.000 0.373
8730.000 0.371
8735.000 0.373
8740.000 0.375
8745.000 0.377
8750.000 0.373
8755.000 0.374
8760.000 0.374
8765.000 0.373
8770.000 0.375
8775.000 0.374
8780.000 0.377
8785.000 0.375
8790.000 0.377
8795.000 0.378
8800.000 0.377
8805.000 0.375
8810.000 0.375
8815.000 0.383
8820.000 0.368
8825.000 0.367
8830.000 0.408
8835.000 0.375
8840.000 0.385
8845.000 0.390
8850.000 0.382
8855.000 0.378
8860.000 0.379
8865.000 0.374
8870.000 0.374
8875.000 0.372
8880.000 0.375
8885.000 0.376
8890.000 0.375
8895.000 0.375
8900.000 0.375
8905.000 0.378
8910.000 0.374
8915.000 0.377
8920.000 0.376
8925.000 0.378
8930.000 0.377
8935.000 0.376
8940.000 0.379
8945.000 0.381
8950.000 0.377
8955.000 0.383
8960.000 0.384
8965.000 0.381
8970.000 0.378
8975.000 0.376
8980.000 0.376
8985.000 0.375
8990.000 0.380
8995.000 0.376
9000.000 0.381
9005.000 0.377
9010.000 0.377
9015.000 0.375
9020.000 0.382
9025.000 0.379
9030.000 0.384
9035.000 0.384
9040.000 0.391
9045.000 0.390
9050.000 0.381
9055.000 0.384
9060.000 0.383
9065.000 0.386
9070.000 0.383
9075.000 0.382
9080.000 0.388
9085.000 0.384
9090.000 0.382
9095.000 0.382
9100.000 0.383
9105.000 0.380
9110.000 0.379
9115.000 0.383
9120.000 0.385
9125.000 0.384
9130.000 0.389
9135.000 0.392
9140.000 0.403
9145.000 0.395
9150.000 0.394
9155.000 0.390
9160.000 0.388
9165.000 0.383
9170.000 0.384
9175.000 0.379
9180.000 0.380
9185.000 0.380
9190.000 0.379
9195.000 0.378
9200.000 0.377
9205.000 0.378
9210.000 0.379
9215.000 0.379
9220.000 0.381
9225.000 0.384
9230.000 0.387
9235.000 0.389
9240.000 0.384
9245.000 0.384
9250.000 0.386
9255.000 0.380
9260.000 0.379
9265.000 0.379
9270.000 0.380
9275.000 0.381
9280.000 0.379
9285.000 0.381
9290.000 0.383
9295.000 0.381
9300.000 0.380
9305.000 0.379
9310.000 0.379
9315.000 0.382
9320.000 0.383
9325.000 0.386
9330.000 0.388
9335.000 0.388
9340.000 0.390
9345.000 0.389
9350.000 0.384
9355.000 0.385
9360.000 0.385
9365.000 0.390
9370.000 0.389
9375.000 0.386
9380.000 0.387
9385.000 0.388
9390.000 0.390
9395.000 0.388
9400.000 0.384
9405.000 0.387
9410.000 0.388
9415.000 0.387
9420.000 0.386
9425.000 0.389
9430.000 0.387
9435.000 0.386
9440.000 0.388
9445.000 0.391
9450.000 0.383
9455.000 0.385
9460.000 0.384
9465.000 0.388
9470.000 0.387
9475.000 0.385
9480.000 0.385
9485.000 0.389
9490.000 0.385
9495.000 0.386
9500.000 0.388
9505.000 0.389
9510.000 0.389
9515.000 0.390
9520.000 0.390
9525.000 0.392
9530.000 0.392
9535.000 0.394
9540.000 0.397
9545.000 0.396
9550.000 0.394
9555.000 0.390
9560.000 0.389
9565.000 0.386
9570.000 0.388
9575.000 0.389
9580.000 0.387
9585.000 0.388
9590.000 0.386
9595.000 0.389
9600.000 0.386
9605.000 0.392
9610.000 0.389
9615.000 0.390
9620.000 0.391
9625.000 0.388
9630.000 0.386
9635.000 0.389
9640.000 0.391
9645.000 0.386
9650.000 0.389
9655.000 0.387
9660.000 0.391
9665.000 0.392
9670.000 0.394
9675.000 0.390
9680.000 0.390
9685.000 0.390
9690.000 0.389
9695.000 0.389
9700.000 0.391
9705.000 0.392
9710.000 0.395
9715.000 0.390
9720.000 0.391
9725.000 0.389
9730.000 0.390
9735.000 0.389
9740.000 0.391
9745.000 0.391
9750.000 0.389
9755.000 0.391
9760.000 0.392
9765.000 0.397
9770.000 0.397
9775.000 0.397
9780.000 0.396
9785.000 0.398
9790.000 0.402
9795.000 0.400
9800.000 0.404
9805.000 0.407
9810.000 0.408
9815.000 0.415
9820.000 0.413
9825.000 0.408
9830.000 0.407
9835.000 0.411
9840.000 0.409
9845.000 0.410
9850.000 0.419
9855.000 0.420
9860.000 0.425
9865.000 0.426
9870.000 0.428
9875.000 0.437
9880.000 0.443
9885.000 0.453
9890.000 0.464
9895.000 0.476
9900.000 0.496
9905.000 0.508
9910.000 0.532
9915.000 0.540
9920.000 0.555
9925.000 0.532
9930.000 0.499
9935.000 0.398
9940.000 0.333
9945.000 0.228
9950.000 0.162
9955.000 0.137
9960.000 0.103
9965.000 0.096
9970.000 0.070
9975.000 0.056
9980.000 0.051
9985.000 0.046
9990.000 0.065
9995.000 0.115
10000.000 0.220
10005.000 0.308
10010.000 0.574
10015.000 0.762
10020.000 1.199
10025.000 1.659
10030.000 1.851
10035.000 2.114
10040.000 2.143
10045.000 2.070
10050.000 1.941
10055.000 1.857
10060.000 1.717
10065.000 1.656
10070.000 1.528
10075.000 1.408
10080.000 1.350
10085.000 1.245
10090.000 1.194
10095.000 1.106
10100.000 1.029
10105.000 1.000
10110.000 0.949
10115.000 0.924
10120.000 0.890
10125.000 0.869
10130.000 0.871
10135.000 0.884
10140.000 0.897
10145.000 0.929
10150.000 0.980
10155.000 1.013
10160.000 1.097
10165.000 1.140
10170.000 1.215
10175.000 1.248
10180.000 1.220
10185.000 1.103
10190.000 1.006
10195.000 0.787
10200.000 0.593
10205.000 0.511
10210.000 0.383
10215.000 0.333
10220.000 0.249
10225.000 0.191
10230.000 0.169
10235.000 0.133
10240.000 0.119
10245.000 0.100
10250.000 0.085
10255.000 0.077
10260.000 0.068
10265.000 0.064
10270.000 0.059
10275.000 0.052
10280.000 0.047
10285.000 0.042
10290.000 0.039
10295.000 0.025
10300.000 0.020
10305.000 0.026
10310.000 0.049
10315.000 0.064
10320.000 0.105
10325.000 0.182
10330.000 0.243
10335.000 0.411
10340.000 0.529
10345.000 0.825
10350.000 1.164
10355.000 1.355
10360.000 1.734
10365.000 1.915
10370.000 2.165
10375.000 2.238
10380.000 2.228
10385.000 2.098
10390.000 2.011
10395.000 1.874
10400.000 1.726
10405.000 1.657
10410.000 1.516
10415.000 1.448
10420.000 1.329
10425.000 1.207
10430.000 1.150
10435.000 1.047
10440.000 1.001
10445.000 0.919
10450.000 0.851
10455.000 0.817
10460.000 0.771
10465.000 0.752
10470.000 0.722
10475.000 0.714
10480.000 0.711
10485.000 0.717
10490.000 0.723
10495.000 0.736
10500.000 0.745
10505.000 0.764
10510.000 0.792
10515.000 0.803
10520.000 0.838
10525.000 0.856
10530.000 0.895
10535.000 0.949
10540.000 0.978
10545.000 1.039
10550.000 1.064
10555.000 1.087
10560.000 1.062
10565.000 1.022
10570.000 0.881
10575.000 0.787
10580.000 0.607
10585.000 0.448
10590.000 0.387
10595.000 0.285
10600.000 0.246
10605.000 0.186
10610.000 0.143
10615.000 0.127
10620.000 0.108
10625.000 0.104
10630.000 0.099
10635.000 0.098
10640.000 0.099
10645.000 0.103
10650.000 0.105
10655.000 0.105
10660.000 0.103
10665.000 0.104
10670.000 0.104
10675.000 0.106
10680.000 0.104
10685.000 0.109
10690.000 0.111
10695.000 0.119
10700.000 0.124
10705.000 0.137
10710.000 0.150
10715.000 0.158
10720.000 0.176
10725.000 0.190
10730.000 0.232
10735.000 0.320
10740.000 0.389
10745.000 0.577
10750.000 0.698
10755.000 0.975
10760.000 1.226
10765.000 1.327
10770.000 1.441
10775.000 1.455
10780.000 1.426
10785.000 1.336
10790.000 1.284
10795.000 1.170
10800.000 1.115
10805.000 1.004
10810.000 0.906
10815.000 0.863
10820.000 0.793
10825.000 0.761
10830.000 0.708
10835.000 0.665
10840.000 0.648
10845.000 0.617
10850.000 0.606
10855.000 0.589
10860.000 0.579
10865.000 0.579
10870.000 0.586
10875.000 0.585
10880.000 0.592
10885.000 0.594
10890.000 0.603
10895.000 0.606
10900.000 0.613
10905.000 0.623
10910.000 0.636
10915.000 0.642
10920.000 0.654
10925.000 0.651
10930.000 0.648
10935.000 0.631
10940.000 0.613
10945.000 0.557
10950.000 0.509
10955.000 0.412
10960.000 0.322
10965.000 0.286
10970.000 0.236
10975.000 0.224
10980.000 0.213
10985.000 0.207
10990.000 0.217
10995.000 0.221
11000.000 0.221
11005.000 0.235
11010.000 0.240
11015.000 0.242
11020.000 0.240
11025.000 0.246
11030.000 0.256
11035.000 0.245
11040.000 0.265
11045.000 0.258
11050.000 0.254
11055.000 0.250
11060.000 0.254
11065.000 0.257
11070.000 0.263
11075.000 0.271
11080.000 0.294
11085.000 0.313
11090.000 0.372
11095.000 0.447
11100.000 0.494
11105.000 0.564
11110.000 0.578
11115.000 0.586
11120.000 0.560
11125.000 0.547
11130.000 0.518
11135.000 0.503
11140.000 0.479
11145.000 0.466
11150.000 0.464
11155.000 0.458
11160.000 0.457
11165.000 0.455
11170.000 0.451
11175.000 0.452
11180.000 0.446
11185.000 0.444
11190.000 0.436
11195.000 0.426
11200.000 0.418
11205.000 0.405
11210.000 0.395
11215.000 0.381
11220.000 0.370
11225.000 0.368
11230.000 0.368
11235.000 0.368
11240.000 0.369
11245.000 0.372
11250.000 0.371
11255.000 0.373
11260.000 0.372
11265.000 0.371
11270.000 0.373
11275.000 0.374
11280.000 0.374
11285.000 0.372
11290.000 0.375
11295.000 0.375
11300.000 0.378
11305.000 0.373
11310.000 0.376
11315.000 0.379
11320.000 0.375
11325.000 0.378
11330.000 0.382
11335.000 0.378
11340.000 0.379
11345.000 0.374
11350.000 0.376
11355.000 0.375
11360.000 0.377
11365.000 0.379
11370.000 0.377
11375.000 0.378
11380.000 0.379
11385.000 0.382
11390.000 0.379
11395.000 0.380
11400.000 0.380
11405.000 0.379
11410.000 0.381
11415.000 0.377
11420.000 0.376
11425.000 0.376
11430.000 0.374
11435.000 0.376
11440.000 0.376
11445.000 0.378
11450.000 0.378
11455.000 0.378
11460.000 0.379
11465.000 0.378
11470.000 0.375
11475.000 0.375
11480.000 0.376
11485.000 0.375
11490.000 0.374
11495.000 0.376
11500.000 0.378
11505.000 0.378
11510.000 0.376
11515.000 0.377
11520.000 0.378
11525.000 0.380
11530.000 0.379
11535.000 0.380
11540.000 0.380
11545.000 0.377
11550.000 0.377
11555.000 0.374
11560.000 0.373
11565.000 0.375
11570.000 0.377
11575.000 0.373
11580.000 0.376
11585.000 0.374
11590.000 0.373
11595.000 0.375
11600.000 0.374
11605.000 0.376
11610.000 0.376
11615.000 0.376
11620.000 0.373
11625.000 0.374
11630.000 0.371
11635.000 0.372
11640.000 0.371
11645.000 0.376
11650.000 0.374
11655.000 0.376
11660.000 0.374
11665.000 0.374
11670.000 0.377
11675.000 0.375
11680.000 0.375
11685.000 0.371
11690.000 0.376
11695.000 0.375
11700.000 0.377
11705.000 0.372
11710.000 0.370
11715.000 0.371
11720.000 0.372
11725.000 0.369
11730.000 0.370
11735.000 0.373
11740.000 0.374
11745.000 0.372
11750.000 0.369
11755.000 0.366
11760.000 0.370
11765.000 0.368
11770.000 0.369
11775.000 0.372
11780.000 0.373
11785.000 0.372
11790.000 0.374
11795.000 0.371
11800.000 0.373
11805.000 0.371
11810.000 0.370
11815.000 0.370
11820.000 0.371
11825.000 0.372
11830.000 0.368
11835.000 0.371
11840.000 0.371
11845.000 0.369
11850.000 0.371
11855.000 0.365
11860.000 0.367
11865.000 0.366
11870.000 0.365
11875.000 0.364
11880.000 0.367
11885.000 0.365
11890.000 0.368
11895.000 0.365
11900.000 0.366
11905.000 0.368
11910.000 0.368
11915.000 0.367
11920.000 0.365
11925.000 0.365
11930.000 0.367
11935.000 0.364
11940.000 0.367
11945.000 0.365
11950.000 0.364
11955.000 0.369
11960.000 0.362
11965.000 0.363
11970.000 0.366
11975.000 0.368
11980.000 0.370
11985.000 0.366
11990.000 0.368
11995.000 0.365
12000.000 0.364
