105.000 0.020
110.000 2.126
115.000 4.338
120.000 5.240
125.000 5.713
130.000 6.434
135.000 6.766
140.000 6.955
145.000 7.140
150.000 7.452
155.000 7.705
160.000 8.044
165.000 8.139
170.000 8.242
175.000 8.143
180.000 8.331
185.000 8.709
190.000 8.962
195.000 9.772
200.000 10.478
205.000 11.618
210.000 13.934
215.000 14.853
220.000 16.595
225.000 17.614
230.000 18.577
235.000 19.487
240.000 19.829
245.000 20.976
250.000 21.786
255.000 24.650
260.000 28.524
265.000 30.725
270.000 37.171
275.000 40.977
280.000 51.212
285.000 61.259
290.000 65.676
295.000 68.447
300.000 67.813
305.000 54.455
310.000 42.106
315.000 38.459
320.000 33.849
325.000 32.184
330.000 29.856
335.000 28.134
340.000 27.461
345.000 26.494
350.000 26.093
355.000 23.033
360.000 21.095
365.000 20.915
370.000 21.584
375.000 22.188
385.000 26.673
390.000 27.728
395.000 29.813
400.000 31.574
405.000 32.549
410.000 34.379
415.000 35.258
420.000 36.979
425.000 38.531
430.000 39.211
435.000 40.299
440.000 40.820
445.000 41.536
450.000 41.844
455.000 41.878
460.000 41.723
465.000 41.495
470.000 40.867
475.000 40.007
480.000 39.628
485.000 38.910
490.000 38.633
495.000 38.163
500.000 38.063
505.000 38.168
510.000 38.710
515.000 39.162
520.000 40.185
525.000 41.662
530.000 42.601
535.000 45.073
540.000 46.616
545.000 50.464
550.000 55.653
555.000 58.920
560.000 67.019
565.000 70.814
570.000 71.180
575.000 69.691
580.000 68.501
585.000 47.953
590.000 39.144
595.000 28.670
600.000 22.142
605.000 19.665
610.000 15.730
615.000 14.100
620.000 11.411
625.000 9.356
630.000 8.498
635.000 7.124
640.000 6.550
645.000 5.598
650.000 4.861
655.000 4.554
660.000 4.041
665.000 3.818
670.000 3.450
675.000 3.148
680.000 3.024
685.000 2.800
690.000 2.708
695.000 2.538
700.000 2.400
705.000 2.344
710.000 2.239
715.000 2.195
720.000 2.120
725.000 2.058
730.000 2.033
735.000 1.996
740.000 1.974
745.000 1.956
750.000 1.944
755.000 1.942
760.000 1.950
765.000 1.959
770.000 1.989
775.000 2.046
780.000 2.072
785.000 2.157
790.000 2.217
795.000 2.358
800.000 2.551
805.000 2.666
810.000 2.952
815.000 3.160
820.000 3.644
825.000 3.977
830.000 4.943
835.000 6.765
840.000 8.308
845.000 13.083
850.000 15.516
855.000 15.312
860.000 9.178
865.000 7.095
870.000 4.676
875.000 3.924
880.000 2.880
885.000 2.216
890.000 1.969
895.000 1.592
900.000 1.450
905.000 1.214
910.000 1.035
915.000 0.960
920.000 0.836
925.000 0.783
930.000 0.690
935.000 0.621
940.000 0.589
945.000 0.532
950.000 0.507
955.000 0.463
960.000 0.425
965.000 0.413
970.000 0.383
975.000 0.372
980.000 0.348
985.000 0.326
990.000 0.311
995.000 0.295
1000.000 0.296
1005.000 0.279
1010.000 0.270
1015.000 0.268
1020.000 0.274
1025.000 0.267
1030.000 0.270
1035.000 0.282
1040.000 0.279
1045.000 0.296
1050.000 0.307
1055.000 0.327
1060.000 0.355
1065.000 0.379
1070.000 0.427
1075.000 0.456
1080.000 0.531
1085.000 0.625
1090.000 0.689
1095.000 0.847
1100.000 0.957
1105.000 1.246
1110.000 1.749
1115.000 2.118
1120.000 3.317
1125.000 4.147
1130.000 5.024
1135.000 3.510
1140.000 2.816
1145.000 2.066
1150.000 1.822
1155.000 1.487
1160.000 1.265
1165.000 1.181
1170.000 1.056
1175.000 1.004
1180.000 0.920
1185.000 0.857
1190.000 0.830
1195.000 0.788
1200.000 0.769
1205.000 0.738
1210.000 0.718
1215.000 0.707
1220.000 0.691
1225.000 0.686
1230.000 0.677
1235.000 0.671
1240.000 0.671
1245.000 0.670
1250.000 0.672
1255.000 0.678
1260.000 0.688
1265.000 0.692
1270.000 0.707
1275.000 0.717
1280.000 0.735
1285.000 0.758
1290.000 0.771
1295.000 0.804
1300.000 0.826
1305.000 0.868
1310.000 0.917
1315.000 0.949
1320.000 1.016
1325.000 1.056
1330.000 1.156
1335.000 1.285
1340.000 1.363
1345.000 1.568
1350.000 1.702
1355.000 2.029
1360.000 2.435
1365.000 2.695
1370.000 3.405
1375.000 3.897
1380.000 5.265
1385.000 7.244
1390.000 8.522
1395.000 11.717
1400.000 13.335
1405.000 14.002
1410.000 12.162
1415.000 8.135
1420.000 5.701
1425.000 4.875
1430.000 3.703
1435.000 3.292
1440.000 2.676
1445.000 2.257
1450.000 2.091
1455.000 1.836
1460.000 1.736
1465.000 1.592
1470.000 1.488
1475.000 1.443
1480.000 1.371
1485.000 1.337
1490.000 1.285
1495.000 1.247
1500.000 1.226
1505.000 1.199
1510.000 1.186
1515.000 1.165
1520.000 1.145
1525.000 1.138
1530.000 1.138
1535.000 1.138
1540.000 1.153
1545.000 1.165
1550.000 1.170
1555.000 1.188
1560.000 1.200
1565.000 1.228
1570.000 1.257
1575.000 1.279
1580.000 1.324
1585.000 1.348
1590.000 1.406
1595.000 1.472
1600.000 1.507
1605.000 1.594
1610.000 1.645
1615.000 1.763
1620.000 1.928
1625.000 2.029
1630.000 2.298
1635.000 2.483
1640.000 2.993
1645.000 3.830
1650.000 4.443
1655.000 6.219
1660.000 7.446
1665.000 10.637
1670.000 14.383
1675.000 16.036
1680.000 16.822
1685.000 15.595
1690.000 11.862
1695.000 9.041
1700.000 7.990
1705.000 6.341
1710.000 5.748
1715.000 4.837
1720.000 4.197
1725.000 3.945
1730.000 3.542
1735.000 3.383
1740.000 3.141
1745.000 3.018
1750.000 2.972
1755.000 2.896
1760.000 2.867
1765.000 2.805
1770.000 2.773
1775.000 2.759
1780.000 2.749
1785.000 2.747
1790.000 2.757
1795.000 2.772
1800.000 2.786
1805.000 2.817
1810.000 2.836
1815.000 2.877
1820.000 2.934
1825.000 2.969
1830.000 3.060
1835.000 3.106
1840.000 3.214
1845.000 3.343
1850.000 3.422
1855.000 3.591
1860.000 3.693
1865.000 3.913
1870.000 4.203
1875.000 4.369
1880.000 4.787
1885.000 5.046
1890.000 5.687
1895.000 6.583
1900.000 7.157
1905.000 8.678
1910.000 9.676
1915.000 12.371
1920.000 16.124
1925.000 18.410
1930.000 23.341
1935.000 25.515
1940.000 27.731
1945.000 25.124
1950.000 22.242
1955.000 16.657
1960.000 14.328
1965.000 10.836
1970.000 8.541
1975.000 7.656
1980.000 6.351
1985.000 5.853
1990.000 5.068
1995.000 4.559
2000.000 4.379
2005.000 4.052
2010.000 3.915
2015.000 3.684
2020.000 3.595
2025.000 3.411
2030.000 3.267
2035.000 3.191
2040.000 3.089
2045.000 3.042
2050.000 2.960
2055.000 2.899
2060.000 2.877
2065.000 2.845
2070.000 2.833
2075.000 2.817
2080.000 2.822
2085.000 2.828
2090.000 2.854
2095.000 2.870
2100.000 2.930
2105.000 3.007
2110.000 3.056
2115.000 3.160
2120.000 3.219
2125.000 3.369
2130.000 3.542
2135.000 3.642
2140.000 3.899
2145.000 4.060
2150.000 4.482
2155.000 5.072
2160.000 5.450
2165.000 6.495
2170.000 7.169
2175.000 8.983
2180.000 11.517
2185.000 13.016
2190.000 16.108
2195.000 17.410
2200.000 18.390
2205.000 16.073
2210.000 14.133
2215.000 10.488
2220.000 9.042
2225.000 6.884
2230.000 5.475
2235.000 4.948
2240.000 4.131
2245.000 3.820
2250.000 3.392
2255.000 3.081
2260.000 2.949
2265.000 2.725
2270.000 2.626
2275.000 2.456
2280.000 2.315
2285.000 2.257
2290.000 2.151
2295.000 2.090
2300.000 1.962
2305.000 1.909
2310.000 1.827
2315.000 1.764
2320.000 1.744
2325.000 1.713
2330.000 1.709
2335.000 1.713
2340.000 1.732
2345.000 1.748
2350.000 1.809
2355.000 1.851
2360.000 1.968
2365.000 2.118
2370.000 2.187
2375.000 2.366
2380.000 2.483
2385.000 2.821
2390.000 3.389
2395.000 3.797
2400.000 4.931
2405.000 5.624
2410.000 6.953
2415.000 6.708
2420.000 5.746
2425.000 3.650
2430.000 2.918
2435.000 1.959
2440.000 1.389
2445.000 1.190
2450.000 0.900
2455.000 0.792
2460.000 0.628
2465.000 0.506
2470.000 0.461
2475.000 0.381
2480.000 0.318
2485.000 0.294
2490.000 0.253
2495.000 0.238
2500.000 0.213
2505.000 0.195
2510.000 0.186
2515.000 0.176
2520.000 0.171
2525.000 0.164
2530.000 0.160
2535.000 0.159
2540.000 0.156
2545.000 0.155
2550.000 0.156
2555.000 0.154
2560.000 0.154
2565.000 0.156
2570.000 0.157
2575.000 0.157
2580.000 0.163
2585.000 0.159
2590.000 0.162
2595.000 0.163
2600.000 0.163
2605.000 0.166
2610.000 0.169
2615.000 0.170
2620.000 0.170
2625.000 0.172
2630.000 0.172
2635.000 0.173
2640.000 0.175
2645.000 0.177
2650.000 0.179
2655.000 0.179
2660.000 0.181
2665.000 0.183
2670.000 0.184
2675.000 0.185
2680.000 0.185
2685.000 0.186
2690.000 0.189
2695.000 0.188
2700.000 0.188
2705.000 0.191
2710.000 0.190
2715.000 0.193
2720.000 0.193
2725.000 0.193
2730.000 0.192
2735.000 0.194
2740.000 0.196
2745.000 0.195
2750.000 0.197
2755.000 0.195
2760.000 0.199
2765.000 0.198
2770.000 0.196
2775.000 0.198
2780.000 0.198
2785.000 0.199
2790.000 0.200
2795.000 0.201
2800.000 0.202
2805.000 0.200
2810.000 0.198
2815.000 0.201
2820.000 0.202
2825.000 0.201
2830.000 0.200
2835.000 0.202
2840.000 0.204
2845.000 0.202
2850.000 0.203
2855.000 0.204
2860.000 0.204
2865.000 0.203
2870.000 0.205
2875.000 0.205
2880.000 0.205
2885.000 0.207
2890.000 0.205
2895.000 0.205
2900.000 0.206
2905.000 0.205
2910.000 0.207
2915.000 0.208
2920.000 0.208
2925.000 0.209
2930.000 0.209
2935.000 0.208
2940.000 0.211
2945.000 0.214
2950.000 0.216
2955.000 0.216
2960.000 0.218
2965.000 0.211
2970.000 0.218
2975.000 0.217
2980.000 0.218
2985.000 0.222
2990.000 0.234
2995.000 0.234
3000.000 0.245
3005.000 0.247
3010.000 0.252
3015.000 0.260
3020.000 0.278
3025.000 0.299
3030.000 0.304
3035.000 0.345
3040.000 0.363
3045.000 0.419
3050.000 0.504
3055.000 0.558
3060.000 0.735
3065.000 0.881
3070.000 1.351
3075.000 2.237
3080.000 2.754
3085.000 3.135
3090.000 2.820
3095.000 1.923
3100.000 1.369
3105.000 1.182
3110.000 0.928
3115.000 0.838
3120.000 0.706
3125.000 0.618
3130.000 0.587
3135.000 0.537
3140.000 0.523
3145.000 0.490
3150.000 0.466
3155.000 0.454
3160.000 0.438
3165.000 0.434
3170.000 0.419
3175.000 0.409
3180.000 0.406
3185.000 0.398
3190.000 0.399
3195.000 0.392
3200.000 0.389
3205.000 0.388
3210.000 0.387
3215.000 0.387
3220.000 0.387
3225.000 0.388
3230.000 0.390
3235.000 0.395
3240.000 0.397
3245.000 0.399
3250.000 0.407
3255.000 0.411
3260.000 0.418
3265.000 0.423
3270.000 0.434
3275.000 0.449
3280.000 0.456
3285.000 0.474
3290.000 0.485
3295.000 0.507
3300.000 0.536
3305.000 0.555
3310.000 0.596
3315.000 0.618
3320.000 0.679
3325.000 0.754
3330.000 0.800
3335.000 0.940
3340.000 1.036
3345.000 1.306
3350.000 1.783
3355.000 2.134
3360.000 3.118
3365.000 3.700
3370.000 5.053
3375.000 6.359
3380.000 6.768
3385.000 6.644
3390.000 6.049
3395.000 4.455
3400.000 3.244
3405.000 2.807
3410.000 2.175
3415.000 1.953
3420.000 1.632
3425.000 1.411
3430.000 1.331
3435.000 1.211
3440.000 1.176
3445.000 1.135
3450.000 1.115
3455.000 1.107
3460.000 1.107
3465.000 1.111
3470.000 1.130
3475.000 1.159
3480.000 1.174
3485.000 1.215
3490.000 1.250
3495.000 1.322
3500.000 1.367
3505.000 1.477
3510.000 1.634
3515.000 1.740
3520.000 2.017
3525.000 2.210
3530.000 2.757
3535.000 3.641
3540.000 4.285
3545.000 6.035
3550.000 7.172
3555.000 9.639
3560.000 11.400
3565.000 11.463
3570.000 9.379
3575.000 7.833
3580.000 5.371
3585.000 3.834
3590.000 3.318
3595.000 2.582
3600.000 2.317
3605.000 1.918
3610.000 1.640
3615.000 1.540
3620.000 1.396
3625.000 1.349
3630.000 1.266
3635.000 1.205
3640.000 1.175
3645.000 1.126
3650.000 1.106
3655.000 1.075
3660.000 1.047
3665.000 1.038
3670.000 1.019
3675.000 1.011
3680.000 0.994
3685.000 1.000
3690.000 1.004
3695.000 1.011
3700.000 1.011
3705.000 1.030
3710.000 1.053
3715.000 1.066
3720.000 1.100
3725.000 1.123
3730.000 1.167
3735.000 1.232
3740.000 1.266
3745.000 1.357
3750.000 1.416
3755.000 1.576
3760.000 1.814
3765.000 1.972
3770.000 2.423
3775.000 2.731
3780.000 3.597
3785.000 4.971
3790.000 5.724
3795.000 7.029
3800.000 7.266
3805.000 6.448
3810.000 4.658
3815.000 3.869
3820.000 2.748
3825.000 2.371
3830.000 1.827
3835.000 1.472
3840.000 1.337
3845.000 1.143
3850.000 1.075
3855.000 0.971
3860.000 0.890
3865.000 0.856
3870.000 0.790
3875.000 0.764
3880.000 0.722
3885.000 0.685
3890.000 0.671
3895.000 0.646
3900.000 0.639
3905.000 0.624
3910.000 0.611
3915.000 0.608
3920.000 0.606
3925.000 0.606
3930.000 0.612
3935.000 0.614
3940.000 0.621
3945.000 0.635
3950.000 0.644
3955.000 0.660
3960.000 0.694
3965.000 0.703
3970.000 0.750
3975.000 0.773
3980.000 0.829
3985.000 0.912
3990.000 0.943
3995.000 1.046
4000.000 1.122
4005.000 1.253
4010.000 1.494
4015.000 1.646
4020.000 2.117
4025.000 2.446
4030.000 3.353
4035.000 4.720
4040.000 5.549
4045.000 7.194
4050.000 7.742
4055.000 7.496
4060.000 5.647
4065.000 4.713
4070.000 3.299
4075.000 2.810
4080.000 2.121
4085.000 1.869
4090.000 1.523
4095.000 1.288
4100.000 1.195
4105.000 1.066
4110.000 1.019
4115.000 0.949
4120.000 0.897
4125.000 0.881
4130.000 0.834
4135.000 0.813
4140.000 0.780
4145.000 0.753
4150.000 0.739
4155.000 0.717
4160.000 0.707
4165.000 0.689
4170.000 0.679
4175.000 0.675
4180.000 0.669
4185.000 0.670
4190.000 0.664
4195.000 0.664
4200.000 0.668
4205.000 0.674
4210.000 0.677
4215.000 0.687
4220.000 0.702
4225.000 0.712
4230.000 0.732
4235.000 0.749
4240.000 0.776
4245.000 0.812
4250.000 0.836
4255.000 0.891
4260.000 0.923
4265.000 1.007
4270.000 1.143
4275.000 1.238
4280.000 1.490
4285.000 1.660
4290.000 2.124
4295.000 2.704
4300.000 2.934
4305.000 2.997
4310.000 2.750
4315.000 2.012
4320.000 1.413
4325.000 1.203
4330.000 0.907
4335.000 0.805
4340.000 0.653
4345.000 0.558
4350.000 0.519
4355.000 0.463
4360.000 0.438
4365.000 0.401
4370.000 0.375
4375.000 0.362
4380.000 0.343
4385.000 0.334
4390.000 0.324
4395.000 0.313
4400.000 0.307
4405.000 0.300
4410.000 0.299
4415.000 0.293
4420.000 0.288
4425.000 0.291
4430.000 0.293
4435.000 0.293
4440.000 0.298
4445.000 0.304
4450.000 0.307
4455.000 0.316
4460.000 0.323
4465.000 0.334
4470.000 0.343
4475.000 0.353
4480.000 0.373
4485.000 0.387
4490.000 0.417
4495.000 0.456
4500.000 0.483
4505.000 0.549
4510.000 0.594
4515.000 0.722
4520.000 0.931
4525.000 1.086
4530.000 1.543
4535.000 1.873
4540.000 2.726
4545.000 3.670
4550.000 4.113
4555.000 4.545
4560.000 4.420
4565.000 3.601
4570.000 2.708
4575.000 2.356
4580.000 1.818
4585.000 1.619
4590.000 1.324
4595.000 1.123
4600.000 1.047
4605.000 0.926
4610.000 0.883
4615.000 0.827
4620.000 0.788
4625.000 0.776
4630.000 0.748
4635.000 0.741
4640.000 0.724
4645.000 0.712
4650.000 0.707
4655.000 0.696
4660.000 0.694
4665.000 0.682
4670.000 0.667
4675.000 0.659
4680.000 0.656
4685.000 0.654
4690.000 0.654
4695.000 0.656
4700.000 0.655
4705.000 0.658
4710.000 0.664
4715.000 0.671
4720.000 0.676
4725.000 0.692
4730.000 0.711
4735.000 0.723
4740.000 0.753
4745.000 0.773
4750.000 0.816
4755.000 0.878
4760.000 0.922
4765.000 1.028
4770.000 1.103
4775.000 1.261
4780.000 1.378
4785.000 1.364
4790.000 1.174
4795.000 1.029
4800.000 0.717
4805.000 0.492
4810.000 0.413
4815.000 0.291
4820.000 0.248
4825.000 0.180
4830.000 0.131
4835.000 0.111
4840.000 0.083
4845.000 0.073
4850.000 0.058
4855.000 0.048
4860.000 0.047
4865.000 0.042
4870.000 0.042
4875.000 0.042
4880.000 0.045
4885.000 0.046
4890.000 0.051
4895.000 0.055
4900.000 0.061
4905.000 0.075
4910.000 0.075
4915.000 0.093
4920.000 0.105
4925.000 0.129
4930.000 0.171
4935.000 0.195
4940.000 0.269
4945.000 0.324
4950.000 0.476
4955.000 0.673
4960.000 0.813
4965.000 1.143
4970.000 1.342
4975.000 1.986
4980.000 2.768
4985.000 3.167
4990.000 3.926
4995.000 4.196
5000.000 4.329
5005.000 3.901
5010.000 3.617
5015.000 3.135
5020.000 2.908
5025.000 2.561
5030.000 2.253
5035.000 2.096
5040.000 1.805
5045.000 1.679
5050.000 1.474
5055.000 1.287
5060.000 1.224
5065.000 1.090
5070.000 1.047
5075.000 0.968
5080.000 0.901
5085.000 0.884
5090.000 0.869
5095.000 0.873
5100.000 0.873
5105.000 0.886
5110.000 0.899
5115.000 0.928
5120.000 0.944
5125.000 0.977
5130.000 1.012
5135.000 1.027
5140.000 1.029
5145.000 1.010
5150.000 0.892
5155.000 0.660
5160.000 0.529
5165.000 0.294
5170.000 0.211
5175.000 0.102
5180.000 0.082
5185.000 0.093
5190.000 0.124
5195.000 0.138
5200.000 0.169
5205.000 0.199
5210.000 0.216
5215.000 0.243
5220.000 0.256
5225.000 0.280
5230.000 0.303
5235.000 0.312
5240.000 0.319
5245.000 0.317
5250.000 0.314
5255.000 0.310
5260.000 0.308
5265.000 0.306
5270.000 0.305
5275.000 0.306
5280.000 0.307
5285.000 0.314
5290.000 0.314
5295.000 0.315
5300.000 0.319
5305.000 0.317
5310.000 0.324
5315.000 0.323
5320.000 0.325
5325.000 0.325
5330.000 0.324
5335.000 0.326
5340.000 0.327
5345.000 0.325
5350.000 0.329
5355.000 0.329
5360.000 0.331
5365.000 0.327
5370.000 0.329
5375.000 0.330
5380.000 0.331
5385.000 0.331
5390.000 0.331
5395.000 0.333
5400.000 0.336
5405.000 0.335
5410.000 0.335
5415.000 0.335
5420.000 0.335
5425.000 0.335
5430.000 0.337
5435.000 0.335
5440.000 0.336
5445.000 0.337
5450.000 0.337
5455.000 0.338
5460.000 0.340
5465.000 0.340
5470.000 0.337
5475.000 0.341
5480.000 0.341
5485.000 0.338
5490.000 0.342
5495.000 0.340
5500.000 0.342
5505.000 0.341
5510.000 0.346
5515.000 0.347
5520.000 0.353
5525.000 0.352
5530.000 0.367
5535.000 0.361
5540.000 0.352
5545.000 0.351
5550.000 0.349
5555.000 0.347
5560.000 0.349
5565.000 0.346
5570.000 0.347
5575.000 0.348
5580.000 0.352
5585.000 0.351
5590.000 0.352
5595.000 0.353
5600.000 0.358
5605.000 0.353
5610.000 0.350
5615.000 0.352
5620.000 0.350
5625.000 0.353
5630.000 0.355
5635.000 0.354
5640.000 0.352
5645.000 0.353
5650.000 0.353
5655.000 0.352
5660.000 0.354
5665.000 0.358
5670.000 0.356
5675.000 0.354
5680.000 0.357
5685.000 0.359
5690.000 0.359
5695.000 0.362
5700.000 0.361
5705.000 0.359
5710.000 0.358
5715.000 0.359
5720.000 0.359
5725.000 0.359
5730.000 0.358
5735.000 0.363
5740.000 0.366
5745.000 0.365
5750.000 0.366
5755.000 0.367
5760.000 0.364
5765.000 0.364
5770.000 0.367
5775.000 0.365
5780.000 0.372
5785.000 0.372
5790.000 0.373
5795.000 0.373
5800.000 0.380
5805.000 0.379
5810.000 0.385
5815.000 0.394
5820.000 0.392
5825.000 0.395
5830.000 0.390
5835.000 0.378
5840.000 0.372
5845.000 0.372
5850.000 0.368
5855.000 0.367
5860.000 0.370
5865.000 0.370
5870.000 0.374
5875.000 0.374
5880.000 0.376
5885.000 0.376
5890.000 0.375
5895.000 0.377
5900.000 0.376
5905.000 0.375
5910.000 0.371
5915.000 0.373
5920.000 0.373
5925.000 0.370
5930.000 0.368
5935.000 0.374
5940.000 0.373
5945.000 0.375
5950.000 0.373
5955.000 0.381
5960.000 0.370
5965.000 0.381
5970.000 0.372
5975.000 0.380
5980.000 0.384
5985.000 0.372
5990.000 0.370
5995.000 0.365
6000.000 0.375
6005.000 0.367
6010.000 0.368
6015.000 0.366
6020.000 0.381
6025.000 0.371
6030.000 0.378
6035.000 0.375
6040.000 0.373
6045.000 0.368
6050.000 0.381
6055.000 0.378
6060.000 0.376
6065.000 0.376
6070.000 0.376
6075.000 0.373
6080.000 0.374
6085.000 0.377
6090.000 0.377
6095.000 0.373
6100.000 0.374
6105.000 0.372
6110.000 0.374
6115.000 0.376
6120.000 0.375
6125.000 0.372
6130.000 0.372
6135.000 0.376
6140.000 0.378
6145.000 0.378
6150.000 0.378
6155.000 0.378
6160.000 0.376
6165.000 0.379
6170.000 0.376
6175.000 0.378
6180.000 0.380
6185.000 0.380
6190.000 0.377
6195.000 0.377
6200.000 0.376
6205.000 0.378
6210.000 0.375
6215.000 0.378
6220.000 0.378
6225.000 0.377
6230.000 0.379
6235.000 0.377
6240.000 0.376
6245.000 0.377
6250.000 0.378
6255.000 0.380
6260.000 0.377
6265.000 0.378
6270.000 0.377
6275.000 0.377
6280.000 0.376
6285.000 0.384
6290.000 0.381
6295.000 0.379
6300.000 0.382
6305.000 0.390
6310.000 0.390
6315.000 0.388
6320.000 0.384
6325.000 0.386
6330.000 0.379
6335.000 0.384
6340.000 0.383
6345.000 0.379
6350.000 0.382
6355.000 0.382
6360.000 0.383
6365.000 0.382
6370.000 0.383
6375.000 0.381
6380.000 0.384
6385.000 0.382
6390.000 0.380
6395.000 0.382
6400.000 0.381
6405.000 0.382
6410.000 0.379
6415.000 0.384
6420.000 0.386
6425.000 0.382
6430.000 0.385
6435.000 0.382
6440.000 0.386
6445.000 0.381
6450.000 0.385
6455.000 0.387
6460.000 0.383
6465.000 0.381
6470.000 0.380
6475.000 0.380
6480.000 0.381
6485.000 0.377
6490.000 0.376
6495.000 0.380
6500.000 0.381
6505.000 0.383
6510.000 0.381
6515.000 0.382
6520.000 0.379
6525.000 0.377
6530.000 0.377
6535.000 0.377
6540.000 0.374
6545.000 0.373
6550.000 0.372
6555.000 0.372
6560.000 0.369
6565.000 0.367
6570.000 0.360
6575.000 0.363
6580.000 0.359
6585.000 0.357
6590.000 0.352
6595.000 0.348
6600.000 0.343
6605.000 0.336
6610.000 0.325
6615.000 0.317
6620.000 0.304
6625.000 0.296
6630.000 0.273
6635.000 0.238
6640.000 0.219
6645.000 0.166
6650.000 0.139
6655.000 0.118
6660.000 0.316
6665.000 0.551
6670.000 1.090
6675.000 1.313
6680.000 1.528
6685.000 1.534
6690.000 1.514
6695.000 1.463
6700.000 1.441
6705.000 1.418
6710.000 1.425
6715.000 1.436
6720.000 1.482
6725.000 1.518
6730.000 1.595
6735.000 1.712
6740.000 1.791
6745.000 1.978
6750.000 2.100
6755.000 2.417
6760.000 2.657
6765.000 3.182
6770.000 3.823
6775.000 4.098
6780.000 4.362
6785.000 4.283
6790.000 3.553
6795.000 2.736
6800.000 2.412
6805.000 1.861
6810.000 1.652
6815.000 1.324
6820.000 1.087
6825.000 0.997
6830.000 0.859
6835.000 0.811
6840.000 0.730
6845.000 0.667
6850.000 0.645
6855.000 0.613
6860.000 0.608
6865.000 0.598
6870.000 0.596
6875.000 0.595
6880.000 0.601
6885.000 0.601
6890.000 0.622
6895.000 0.650
6900.000 0.670
6905.000 0.713
6910.000 0.747
6915.000 0.840
6920.000 0.996
6925.000 1.104
6930.000 1.427
6935.000 1.655
6940.000 2.239
6945.000 2.893
6950.000 3.182
6955.000 3.499
6960.000 3.354
6965.000 2.698
6970.000 2.105
6975.000 1.861
6980.000 1.507
6985.000 1.383
6990.000 1.191
6995.000 1.068
7000.000 1.022
7005.000 0.944
7010.000 0.923
7015.000 0.891
7020.000 0.876
7025.000 0.862
7030.000 0.852
7035.000 0.854
7040.000 0.842
7045.000 0.845
7050.000 0.851
7055.000 0.850
7060.000 0.861
7065.000 0.868
7070.000 0.893
7075.000 0.907
7080.000 0.929
7085.000 0.945
7090.000 0.990
7095.000 1.045
7100.000 1.076
7105.000 1.155
7110.000 1.202
7115.000 1.322
7120.000 1.494
7125.000 1.606
7130.000 1.914
7135.000 2.117
7140.000 2.636
7145.000 3.268
7150.000 3.543
7155.000 3.854
7160.000 3.777
7165.000 3.112
7170.000 2.337
7175.000 2.027
7180.000 1.574
7185.000 1.408
7190.000 1.154
7195.000 0.978
7200.000 0.914
7205.000 0.820
7210.000 0.785
7215.000 0.717
7220.000 0.663
7225.000 0.641
7230.000 0.602
7235.000 0.585
7240.000 0.563
7245.000 0.544
7250.000 0.532
7255.000 0.517
7260.000 0.512
7265.000 0.497
7270.000 0.491
7275.000 0.489
7280.000 0.484
7285.000 0.484
7290.000 0.488
7295.000 0.494
7300.000 0.494
7305.000 0.509
7310.000 0.520
7315.000 0.547
7320.000 0.582
7325.000 0.609
7330.000 0.676
7335.000 0.720
7340.000 0.847
7345.000 1.055
7350.000 1.204
7355.000 1.636
7360.000 1.894
7365.000 2.419
7370.000 2.765
7375.000 3.230
7380.000 3.028
7385.000 2.726
7390.000 2.161
7395.000 1.927
7400.000 1.534
7405.000 1.285
7410.000 1.190
7415.000 1.053
7420.000 1.005
7425.000 0.922
7430.000 0.862
7435.000 0.846
7440.000 0.823
7445.000 0.816
7450.000 0.796
7455.000 0.784
7460.000 0.777
7465.000 0.770
7470.000 0.770
7475.000 0.767
7480.000 0.770
7485.000 0.771
7490.000 0.778
7495.000 0.783
7500.000 0.804
7505.000 0.821
7510.000 0.828
7515.000 0.849
7520.000 0.870
7525.000 0.909
7530.000 0.957
7535.000 0.980
7540.000 1.048
7545.000 1.084
7550.000 1.181
7555.000 1.320
7560.000 1.408
7565.000 1.635
7570.000 1.773
7575.000 2.105
7580.000 2.426
7585.000 2.552
7590.000 2.545
7595.000 2.378
7600.000 1.903
7605.000 1.479
7610.000 1.313
7615.000 1.052
7620.000 0.955
7625.000 0.810
7630.000 0.718
7635.000 0.674
7640.000 0.599
7645.000 0.577
7650.000 0.526
7655.000 0.486
7660.000 0.471
7665.000 0.441
7670.000 0.427
7675.000 0.410
7680.000 0.394
7685.000 0.389
7690.000 0.377
7695.000 0.371
7700.000 0.362
7705.000 0.351
7710.000 0.347
7715.000 0.345
7720.000 0.342
7725.000 0.338
7730.000 0.335
7735.000 0.335
7740.000 0.348
7745.000 0.352
7750.000 0.372
7755.000 0.410
7760.000 0.436
7765.000 0.517
7770.000 0.586
7775.000 0.768
7780.000 1.057
7785.000 1.253
7790.000 1.626
7795.000 1.738
7800.000 1.694
7805.000 1.459
7810.000 1.338
7815.000 1.132
7820.000 1.043
7825.000 0.917
7830.000 0.830
7835.000 0.794
7840.000 0.736
7845.000 0.716
7850.000 0.686
7855.000 0.670
7860.000 0.663
7865.000 0.663
7870.000 0.655
7875.000 0.651
7880.000 0.655
7885.000 0.661
7890.000 0.662
7895.000 0.667
7900.000 0.679
7905.000 0.695
7910.000 0.705
7915.000 0.730
7920.000 0.744
7925.000 0.786
7930.000 0.835
7935.000 0.864
7940.000 0.934
7945.000 0.968
7950.000 1.067
7955.000 1.117
7960.000 1.172
7965.000 1.123
7970.000 1.062
7975.000 0.875
7980.000 0.779
7985.000 0.638
7990.000 0.529
7995.000 0.500
8000.000 0.453
8005.000 0.430
8010.000 0.394
8015.000 0.371
8020.000 0.361
8025.000 0.340
8030.000 0.330
8035.000 0.323
8040.000 0.303
8045.000 0.294
8050.000 0.272
8055.000 0.256
8060.000 0.222
8065.000 0.186
8070.000 0.174
8075.000 0.163
8080.000 0.165
8085.000 0.176
8090.000 0.206
8095.000 0.224
8100.000 0.233
8105.000 0.231
8110.000 0.234
8115.000 0.285
8120.000 0.323
8125.000 0.400
8130.000 0.413
8135.000 0.422
8140.000 0.419
8145.000 0.415
8150.000 0.404
8155.000 0.400
8160.000 0.391
8165.000 0.388
8170.000 0.387
8175.000 0.385
8180.000 0.384
8185.000 0.383
8190.000 0.385
8195.000 0.386
8200.000 0.389
8205.000 0.390
8210.000 0.390
8215.000 0.388
8220.000 0.388
8225.000 0.382
8230.000 0.381
8235.000 0.380
8240.000 0.386
8245.000 0.382
8250.000 0.387
8255.000 0.386
8260.000 0.385
8265.000 0.380
8270.000 0.383
8275.000 0.384
8280.000 0.384
8285.000 0.386
8290.000 0.385
8295.000 0.381
8300.000 0.386
8305.000 0.386
8310.000 0.387
8315.000 0.384
8320.000 0.384
8325.000 0.383
8330.000 0.383
8335.000 0.387
8340.000 0.385
8345.000 0.387
8350.000 0.384
8355.000 0.386
8360.000 0.387
8365.000 0.384
8370.000 0.385
8375.000 0.386
8380.000 0.385
8385.000 0.385
8390.000 0.386
8395.000 0.390
8400.000 0.383
8405.000 0.386
8410.000 0.384
8415.000 0.385
8420.000 0.386
8425.000 0.383
8430.000 0.386
8435.000 0.386
8440.000 0.384
8445.000 0.384
8450.000 0.389
8455.000 0.388
8460.000 0.389
8465.000 0.389
8470.000 0.392
8475.000 0.390
8480.000 0.389
8485.000 0.392
8490.000 0.388
8495.000 0.390
8500.000 0.388
8505.000 0.390
8510.000 0.394
8515.000 0.395
8520.000 0.394
8525.000 0.391
8530.000 0.391
8535.000 0.388
8540.000 0.388
8545.000 0.390
8550.000 0.391
8555.000 0.391
8560.000 0.395
8565.000 0.395
8570.000 0.395
8575.000 0.396
8580.000 0.393
8585.000 0.392
8590.000 0.387
8595.000 0.387
8600.000 0.388
8605.000 0.389
8610.000 0.385
8615.000 0.386
8620.000 0.385
8625.000 0.388
8630.000 0.393
8635.000 0.395
8640.000 0.396
8645.000 0.392
8650.000 0.397
8655.000 0.392
8660.000 0.390
8665.000 0.391
8670.000 0.388
8675.000 0.391
8680.000 0.391
8685.000 0.392
8690.000 0.395
8695.000 0.395
8700.000 0.395
8705.000 0.393
8710.000 0.390
8715.000 0.392
8720.000 0.391
8725.000 0.392
8730.000 0.396
8735.000 0.394
8740.000 0.391
8745.000 0.392
8750.000 0.394
8755.000 0.390
8760.000 0.392
8765.000 0.394
8770.000 0.397
8775.000 0.395
8780.000 0.395
8785.000 0.395
8790.000 0.395
8795.000 0.396
8800.000 0.397
8805.000 0.394
8810.000 0.396
8815.000 0.400
8820.000 0.408
8825.000 0.422
8830.000 0.384
8835.000 0.418
8840.000 0.399
8845.000 0.408
8850.000 0.407
8855.000 0.399
8860.000 0.400
8865.000 0.396
8870.000 0.400
8875.000 0.399
8880.000 0.396
8885.000 0.399
8890.000 0.400
8895.000 0.402
8900.000 0.399
8905.000 0.401
8910.000 0.397
8915.000 0.399
8920.000 0.396
8925.000 0.396
8930.000 0.397
8935.000 0.400
8940.000 0.398
8945.000 0.395
8950.000 0.398
8955.000 0.400
8960.000 0.394
8965.000 0.396
8970.000 0.395
8975.000 0.399
8980.000 0.399
8985.000 0.396
8990.000 0.400
8995.000 0.399
9000.000 0.407
9005.000 0.400
9010.000 0.396
9015.000 0.400
9020.000 0.402
9025.000 0.408
9030.000 0.400
9035.000 0.409
9040.000 0.404
9045.000 0.405
9050.000 0.405
9055.000 0.398
9060.000 0.395
9065.000 0.401
9070.000 0.399
9075.000 0.399
9080.000 0.403
9085.000 0.398
9090.000 0.399
9095.000 0.402
9100.000 0.395
9105.000 0.394
9110.000 0.396
9115.000 0.396
9120.000 0.398
9125.000 0.394
9130.000 0.399
9135.000 0.399
9140.000 0.399
9145.000 0.397
9150.000 0.398
9155.000 0.399
9160.000 0.399
9165.000 0.397
9170.000 0.401
9175.000 0.399
9180.000 0.399
9185.000 0.399
9190.000 0.400
9195.000 0.400
9200.000 0.401
9205.000 0.403
9210.000 0.401
9215.000 0.400
9220.000 0.401
9225.000 0.400
9230.000 0.401
9235.000 0.403
9240.000 0.403
9245.000 0.404
9250.000 0.406
9255.000 0.400
9260.000 0.402
9265.000 0.404
9270.000 0.399
9275.000 0.401
9280.000 0.402
9285.000 0.399
9290.000 0.401
9295.000 0.401
9300.000 0.400
9305.000 0.402
9310.000 0.403
9315.000 0.402
9320.000 0.403
9325.000 0.403
9330.000 0.403
9335.000 0.402
9340.000 0.399
9345.000 0.402
9350.000 0.402
9355.000 0.402
9360.000 0.400
9365.000 0.401
9370.000 0.402
9375.000 0.398
9380.000 0.402
9385.000 0.404
9390.000 0.402
9395.000 0.405
9400.000 0.402
9405.000 0.404
9410.000 0.403
9415.000 0.402
9420.000 0.406
9425.000 0.408
9430.000 0.405
9435.000 0.406
9440.000 0.406
9445.000 0.403
9450.000 0.402
9455.000 0.402
9460.000 0.401
9465.000 0.405
9470.000 0.404
9475.000 0.403
9480.000 0.403
9485.000 0.404
9490.000 0.401
9495.000 0.403
9500.000 0.404
9505.000 0.407
9510.000 0.407
9515.000 0.406
9520.000 0.402
9525.000 0.403
9530.000 0.400
9535.000 0.405
9540.000 0.405
9545.000 0.404
9550.000 0.404
9555.000 0.406
9560.000 0.403
9565.000 0.403
9570.000 0.401
9575.000 0.402
9580.000 0.403
9585.000 0.405
9590.000 0.403
9595.000 0.402
9600.000 0.403
9605.000 0.404
9610.000 0.401
9615.000 0.404
9620.000 0.406
9625.000 0.407
9630.000 0.404
9635.000 0.404
9640.000 0.402
9645.000 0.400
9650.000 0.401
9655.000 0.402
9660.000 0.402
9665.000 0.401
9670.000 0.399
9675.000 0.401
9680.000 0.405
9685.000 0.404
9690.000 0.401
9695.000 0.401
9700.000 0.404
9705.000 0.403
9710.000 0.400
9715.000 0.400
9720.000 0.401
9725.000 0.401
9730.000 0.401
9735.000 0.402
9740.000 0.403
9745.000 0.404
9750.000 0.403
9755.000 0.402
9760.000 0.400
9765.000 0.400
9770.000 0.396
9775.000 0.398
9780.000 0.400
9785.000 0.403
9790.000 0.403
9795.000 0.403
9800.000 0.400
9805.000 0.398
9810.000 0.403
9815.000 0.402
9820.000 0.403
9825.000 0.399
9830.000 0.395
9835.000 0.399
9840.000 0.394
9845.000 0.390
9850.000 0.389
9855.000 0.384
9860.000 0.383
9865.000 0.380
9870.000 0.378
9875.000 0.377
9880.000 0.371
9885.000 0.364
9890.000 0.360
9895.000 0.353
9900.000 0.348
9905.000 0.346
9910.000 0.351
9915.000 0.378
9920.000 0.454
9925.000 0.512
9930.000 0.654
9935.000 0.701
9940.000 0.736
9945.000 0.711
9950.000 0.696
9955.000 0.669
9960.000 0.659
9965.000 0.654
9970.000 0.665
9975.000 0.671
9980.000 0.695
9985.000 0.713
9990.000 0.754
9995.000 0.803
10000.000 0.829
10005.000 0.865
10010.000 0.874
10015.000 0.824
10020.000 0.689
10025.000 0.602
10030.000 0.416
10035.000 0.350
10040.000 0.242
10045.000 0.208
10050.000 0.163
10055.000 0.130
10060.000 0.121
10065.000 0.108
10070.000 0.107
10075.000 0.101
10080.000 0.092
10085.000 0.091
10090.000 0.080
10095.000 0.076
10100.000 0.064
10105.000 0.063
10110.000 0.068
10115.000 0.096
10120.000 0.120
10125.000 0.197
10130.000 0.346
10135.000 0.459
10140.000 0.789
10145.000 0.995
10150.000 1.440
10160.000 1.830
10170.000 1.570
10175.000 1.403
10180.000 1.307
10185.000 1.137
10190.000 1.000
10195.000 0.946
10200.000 0.859
10205.000 0.828
10210.000 0.785
10215.000 0.764
10220.000 0.756
10225.000 0.746
10230.000 0.747
10235.000 0.742
10240.000 0.738
10245.000 0.740
10250.000 0.744
10255.000 0.746
10260.000 0.755
10265.000 0.771
10270.000 0.779
10275.000 0.801
10280.000 0.810
10285.000 0.850
10290.000 0.898
10295.000 0.921
10300.000 0.985
10305.000 1.015
10310.000 1.090
10315.000 1.157
10320.000 1.186
10325.000 1.209
10330.000 1.192
10335.000 1.073
10340.000 0.874
10345.000 0.769
10350.000 0.576
10355.000 0.499
10360.000 0.373
10365.000 0.282
10370.000 0.246
10375.000 0.188
10380.000 0.162
10385.000 0.138
10390.000 0.099
10395.000 0.098
10400.000 0.082
10405.000 0.078
10410.000 0.067
10415.000 0.063
10420.000 0.058
10425.000 0.054
10430.000 0.052
10435.000 0.043
10440.000 0.036
10445.000 0.035
10450.000 0.032
10455.000 0.033
10460.000 0.046
10465.000 0.072
10470.000 0.090
10475.000 0.144
10480.000 0.180
10485.000 0.316
10490.000 0.530
10495.000 0.678
10500.000 0.998
10505.000 1.180
10510.000 1.569
10515.000 1.960
10520.000 2.127
10530.000 2.213
10535.000 2.170
10540.000 1.992
10545.000 1.771
10550.000 1.668
10555.000 1.469
10560.000 1.381
10565.000 1.224
10570.000 1.097
10575.000 1.043
10580.000 0.957
10585.000 0.918
10590.000 0.862
10595.000 0.817
10600.000 0.802
10605.000 0.775
10610.000 0.764
10615.000 0.761
10620.000 0.762
10625.000 0.766
10630.000 0.770
10635.000 0.773
10640.000 0.784
10645.000 0.796
10650.000 0.802
10655.000 0.827
10660.000 0.843
10665.000 0.864
10670.000 0.899
10675.000 0.917
10680.000 0.966
10685.000 0.959
10690.000 0.974
10695.000 0.959
10700.000 0.947
10705.000 0.923
10710.000 0.905
10715.000 0.882
10720.000 0.827
10725.000 0.781
10730.000 0.657
10735.000 0.566
10740.000 0.427
10745.000 0.316
10750.000 0.271
10755.000 0.193
10760.000 0.173
10765.000 0.123
10770.000 0.087
10775.000 0.073
10780.000 0.056
10785.000 0.049
10790.000 0.046
10795.000 0.045
10800.000 0.049
10805.000 0.054
10810.000 0.057
10815.000 0.063
10820.000 0.068
10825.000 0.077
10830.000 0.090
10835.000 0.101
10840.000 0.125
10845.000 0.139
10850.000 0.182
10855.000 0.236
10860.000 0.268
10865.000 0.368
10870.000 0.426
10875.000 0.589
10880.000 0.792
10885.000 0.921
10890.000 1.199
10895.000 1.342
10900.000 1.584
10905.000 1.708
10910.000 1.722
10915.000 1.683
10920.000 1.638
10925.000 1.530
10930.000 1.432
10935.000 1.387
10940.000 1.287
10945.000 1.196
10950.000 1.148
10955.000 1.070
10960.000 1.036
10965.000 0.965
10970.000 0.907
10975.000 0.881
10980.000 0.836
10985.000 0.814
10990.000 0.782
10995.000 0.759
11000.000 0.738
11005.000 0.718
11010.000 0.722
11015.000 0.719
11020.000 0.739
11025.000 0.744
11030.000 0.780
11035.000 0.801
11040.000 0.816
11045.000 0.862
11050.000 0.859
11055.000 0.816
11060.000 0.792
11065.000 0.701
11070.000 0.583
11075.000 0.512
11080.000 0.374
11085.000 0.314
11090.000 0.219
11095.000 0.184
11100.000 0.141
11105.000 0.126
11110.000 0.120
11115.000 0.130
11120.000 0.132
11125.000 0.143
11130.000 0.152
11135.000 0.157
11140.000 0.164
11145.000 0.169
11150.000 0.181
11155.000 0.194
11160.000 0.203
11165.000 0.239
11170.000 0.266
11175.000 0.339
11180.000 0.447
11185.000 0.512
11190.000 0.645
11195.000 0.683
11200.000 0.743
11205.000 0.739
11210.000 0.724
11215.000 0.682
11220.000 0.655
11225.000 0.611
11230.000 0.570
11235.000 0.552
11240.000 0.517
11245.000 0.509
11250.000 0.482
11255.000 0.473
11260.000 0.471
11265.000 0.470
11270.000 0.469
11275.000 0.466
11280.000 0.463
11285.000 0.455
11290.000 0.451
11295.000 0.442
11300.000 0.422
11305.000 0.397
11310.000 0.392
11315.000 0.376
11320.000 0.378
11325.000 0.373
11330.000 0.374
11335.000 0.374
11340.000 0.372
11345.000 0.375
11350.000 0.378
11355.000 0.377
11360.000 0.381
11365.000 0.379
11370.000 0.378
11375.000 0.377
11380.000 0.382
11385.000 0.383
11390.000 0.380
11395.000 0.383
11400.000 0.382
11405.000 0.381
11410.000 0.384
11415.000 0.385
11420.000 0.383
11425.000 0.383
11430.000 0.383
11435.000 0.387
11440.000 0.382
11445.000 0.383
11450.000 0.383
11455.000 0.386
11460.000 0.385
11465.000 0.382
11470.000 0.385
11475.000 0.385
11480.000 0.383
11485.000 0.383
11490.000 0.380
11495.000 0.380
11500.000 0.381
11505.000 0.384
11510.000 0.384
11515.000 0.379
11520.000 0.382
11525.000 0.386
11530.000 0.383
11535.000 0.382
11540.000 0.386
11545.000 0.384
11550.000 0.382
11555.000 0.383
11560.000 0.381
11565.000 0.381
11570.000 0.379
11575.000 0.381
11580.000 0.379
11585.000 0.378
11590.000 0.377
11595.000 0.383
11600.000 0.380
11605.000 0.381
11610.000 0.379
11615.000 0.379
11620.000 0.378
11625.000 0.382
11630.000 0.383
11635.000 0.379
11640.000 0.378
11645.000 0.378
11650.000 0.379
11655.000 0.378
11660.000 0.382
11665.000 0.380
11670.000 0.378
11675.000 0.383
11680.000 0.380
11685.000 0.381
11690.000 0.383
11695.000 0.382
11700.000 0.379
11705.000 0.381
11710.000 0.385
11715.000 0.378
11720.000 0.380
11725.000 0.379
11730.000 0.381
11735.000 0.377
11740.000 0.378
11745.000 0.380
11750.000 0.379
11755.000 0.378
11760.000 0.380
11765.000 0.377
11770.000 0.383
11775.000 0.382
11780.000 0.377
11785.000 0.376
11790.000 0.375
11795.000 0.375
11800.000 0.378
11805.000 0.376
11810.000 0.378
11815.000 0.378
11820.000 0.377
11825.000 0.376
11830.000 0.376
11835.000 0.375
11840.000 0.372
11845.000 0.372
11850.000 0.372
11855.000 0.369
11860.000 0.371
11865.000 0.370
11870.000 0.374
11875.000 0.375
11880.000 0.373
11885.000 0.373
11890.000 0.373
11895.000 0.376
11900.000 0.374
11905.000 0.373
11910.000 0.370
11915.000 0.373
11920.000 0.374
11925.000 0.369
11930.000 0.373
11935.000 0.372
11945.000 0.378
11950.000 0.376
11955.000 0.377
11960.000 0.375
11965.000 0.372
11970.000 0.373
11980.000 0.376
