110.000 0.084
120.000 0.078
130.000 0.078
140.000 0.382
150.000 8.092
160.000 12.159
170.000 12.159
180.000 13.101
190.000 14.330
200.000 13.282
210.000 12.690
220.000 12.638
230.000 12.638
240.000 12.316
250.000 13.740
260.000 13.638
270.000 13.638
280.000 14.350
290.000 14.509
300.000 14.567
310.000 14.627
320.000 14.604
330.000 14.601
340.000 14.723
350.000 15.069
360.000 15.294
370.000 15.292
380.000 16.339
390.000 17.662
400.000 19.462
410.000 22.063
420.000 25.023
430.000 25.023
440.000 28.154
450.000 30.764
460.000 32.730
470.000 32.730
480.000 33.565
490.000 30.422
500.000 30.420
510.000 26.848
520.000 23.303
530.000 23.303
540.000 20.160
550.000 17.424
560.000 15.088
570.000 15.088
580.000 13.038
590.000 11.240
600.000 9.675
610.000 8.325
620.000 7.171
630.000 7.171
640.000 6.131
650.000 5.204
660.000 4.452
670.000 4.451
680.000 3.834
690.000 3.350
700.000 2.956
710.000 2.654
720.000 2.407
730.000 2.407
740.000 2.196
750.000 2.023
760.000 1.876
770.000 1.876
780.000 1.748
790.000 1.560
800.000 1.560
810.000 1.497
820.000 1.433
830.000 1.433
840.000 1.337
850.000 1.253
860.000 1.185
870.000 1.185
880.000 1.124
890.000 1.077
900.000 1.034
910.000 1.001
930.000 0.968
940.000 0.944
950.000 0.928
960.000 0.905
970.000 0.895
980.000 0.887
990.000 0.887
1000.000 0.879
1010.000 0.887
1020.000 0.896
1030.000 0.896
1040.000 0.915
1050.000 0.948
1060.000 0.999
1070.000 1.055
1080.000 1.138
1090.000 1.138
1100.000 1.245
1110.000 1.417
1120.000 1.645
1130.000 1.645
1140.000 1.978
1150.000 2.496
1160.000 3.482
1170.000 5.794
1180.000 5.794
1190.000 11.415
1200.000 17.026
1210.000 13.031
1220.000 7.871
1230.000 7.869
1240.000 5.644
1250.000 4.332
1260.000 3.525
1270.000 2.938
1280.000 2.555
1290.000 2.555
1300.000 2.269
1310.000 2.046
1320.000 1.865
1330.000 1.865
1340.000 1.719
1350.000 1.601
1360.000 1.497
1370.000 1.414
1380.000 1.340
1390.000 1.340
1400.000 1.284
1410.000 1.235
1420.000 1.189
1430.000 1.189
1440.000 1.154
1450.000 1.118
1460.000 1.088
1470.000 1.067
1480.000 1.040
1490.000 1.040
1500.000 1.019
1510.000 1.002
1520.000 0.983
1530.000 0.983
1540.000 0.965
1550.000 0.949
1560.000 0.931
1570.000 0.912
1580.000 0.889
1590.000 0.889
1600.000 0.861
1610.000 0.838
1620.000 0.806
1630.000 0.806
1640.000 0.778
1650.000 0.755
1660.000 0.749
1670.000 0.777
1680.000 0.842
1690.000 0.842
1700.000 0.941
1710.000 1.054
1720.000 1.168
1730.000 1.168
1740.000 1.266
1750.000 1.355
1760.000 1.434
1770.000 1.507
1780.000 1.575
1790.000 1.575
1800.000 1.644
1810.000 1.716
1820.000 1.790
1830.000 1.790
1840.000 1.867
1850.000 1.948
1860.000 2.045
1870.000 2.149
1880.000 2.149
1890.000 2.261
1900.000 2.382
1910.000 2.517
1920.000 2.671
1930.000 2.671
1940.000 2.834
1950.000 3.015
1960.000 3.207
1970.000 3.424
1980.000 3.645
1990.000 3.645
2000.000 3.894
2010.000 4.161
2020.000 4.421
2030.000 4.421
2040.000 4.723
2050.000 5.019
2060.000 5.324
2070.000 5.634
2080.000 5.902
2090.000 5.901
2100.000 6.085
2110.000 6.290
2120.000 6.495
2130.000 6.495
2140.000 6.711
2150.000 6.942
2160.000 7.197
2170.000 7.477
2180.000 7.855
2190.000 7.855
2200.000 8.357
2210.000 8.913
2220.000 9.555
2230.000 9.555
2240.000 10.349
2250.000 11.334
2260.000 12.545
2270.000 14.020
2280.000 15.803
2290.000 15.803
2300.000 18.205
2310.000 20.713
2320.000 23.523
2330.000 23.523
2340.000 26.589
2350.000 29.813
2360.000 32.708
2370.000 32.708
2380.000 34.376
2390.000 33.485
2400.000 29.573
2410.000 24.353
2420.000 19.709
2430.000 19.709
2440.000 16.015
2450.000 13.090
2460.000 10.803
2470.000 10.803
2480.000 9.033
2490.000 7.673
2500.000 6.611
2510.000 5.757
2520.000 5.066
2530.000 5.066
2540.000 4.505
2550.000 4.034
2560.000 3.636
2570.000 3.636
2580.000 3.295
2590.000 2.999
2600.000 2.744
2610.000 2.521
2620.000 2.329
2630.000 2.329
2640.000 2.161
2650.000 2.012
2660.000 1.883
2670.000 1.883
2680.000 1.764
2690.000 1.663
2700.000 1.573
2710.000 1.489
2720.000 1.417
2730.000 1.417
2740.000 1.351
2750.000 1.292
2760.000 1.240
2770.000 1.240
2780.000 1.188
2790.000 1.147
2800.000 1.108
2810.000 1.072
2820.000 1.040
2830.000 1.040
2840.000 1.008
2850.000 0.981
2860.000 0.957
2870.000 0.957
2880.000 0.934
2890.000 0.914
2900.000 0.897
2910.000 0.878
2920.000 0.866
2930.000 0.866
2940.000 0.851
2950.000 0.840
2960.000 0.831
2970.000 0.831
2980.000 0.822
2990.000 0.815
3000.000 0.806
3010.000 0.799
3020.000 0.796
3030.000 0.796
3040.000 0.796
3050.000 0.791
3060.000 0.785
3070.000 0.785
3080.000 0.783
3090.000 0.790
3100.000 0.788
3110.000 0.793
3120.000 0.793
3130.000 0.795
3140.000 0.801
3150.000 0.807
3160.000 0.815
3170.000 0.815
3180.000 0.827
3190.000 0.840
3200.000 0.854
3210.000 0.869
3220.000 0.891
3230.000 0.891
3240.000 0.912
3250.000 0.937
3260.000 0.967
3270.000 0.967
3280.000 1.003
3290.000 1.043
3300.000 1.093
3310.000 1.149
3320.000 1.220
3330.000 1.220
3340.000 1.304
3350.000 1.407
3360.000 1.529
3370.000 1.529
3380.000 1.668
3390.000 1.843
3400.000 2.072
3410.000 2.385
3420.000 2.816
3430.000 2.816
3440.000 3.431
3450.000 4.313
3460.000 5.646
3470.000 5.644
3480.000 7.801
3490.000 12.082
3500.000 17.671
3510.000 22.519
3520.000 22.012
3530.000 22.012
3540.000 14.346
3550.000 9.471
3560.000 6.776
3570.000 6.776
3580.000 5.081
3590.000 3.946
3600.000 3.157
3610.000 2.578
3620.000 2.155
3630.000 2.155
3640.000 1.836
3650.000 1.584
3660.000 1.584
3670.000 1.386
3680.000 1.225
3690.000 1.096
3700.000 0.986
3710.000 0.894
3720.000 0.894
3730.000 0.818
3740.000 0.755
3750.000 0.702
3760.000 0.653
3770.000 0.652
3780.000 0.610
3790.000 0.576
3800.000 0.546
3810.000 0.517
3820.000 0.493
3830.000 0.493
3840.000 0.471
3850.000 0.452
3860.000 0.434
3870.000 0.434
3880.000 0.422
3890.000 0.408
3900.000 0.396
3910.000 0.385
3920.000 0.374
3930.000 0.374
3940.000 0.366
3950.000 0.357
3960.000 0.351
3970.000 0.351
3980.000 0.341
3990.000 0.339
4000.000 0.329
4010.000 0.323
4020.000 0.323
4030.000 0.329
4040.000 0.323
4050.000 0.321
4060.000 0.312
4070.000 0.312
4080.000 0.309
4090.000 0.311
4100.000 0.307
4110.000 0.304
4120.000 0.303
4130.000 0.303
4140.000 0.302
4150.000 0.301
4160.000 0.298
4170.000 0.298
4180.000 0.300
4190.000 0.300
4200.000 0.301
4210.000 0.303
4220.000 0.305
4230.000 0.305
4240.000 0.306
4250.000 0.306
4260.000 0.306
4270.000 0.302
4280.000 0.299
4290.000 0.294
4300.000 0.293
4310.000 0.293
4320.000 0.293
4330.000 0.293
4340.000 0.296
4350.000 0.297
4360.000 0.297
4370.000 0.302
4380.000 0.307
4390.000 0.312
4400.000 0.320
4410.000 0.327
4420.000 0.337
4430.000 0.337
4440.000 0.351
4450.000 0.364
4460.000 0.381
4470.000 0.381
4480.000 0.401
4490.000 0.428
4500.000 0.460
4510.000 0.498
4520.000 0.550
4530.000 0.550
4540.000 0.616
4550.000 0.705
4560.000 0.834
4570.000 0.834
4580.000 1.030
4590.000 1.350
4600.000 1.916
4610.000 2.927
4620.000 4.428
4630.000 4.427
4640.000 6.459
4650.000 9.493
4660.000 13.249
4670.000 13.249
4680.000 12.703
4690.000 7.815
4700.000 7.815
4710.000 5.455
4720.000 4.040
4730.000 3.098
4740.000 2.437
4750.000 1.972
4760.000 1.637
4770.000 1.637
4780.000 1.401
4790.000 1.231
4800.000 1.117
4810.000 1.117
4820.000 1.033
4830.000 0.977
4840.000 0.936
4850.000 0.907
4860.000 0.889
4870.000 0.889
4880.000 0.879
4890.000 0.875
4900.000 0.874
4910.000 0.874
4920.000 0.874
4930.000 0.879
4940.000 0.890
4950.000 0.899
4960.000 0.926
4970.000 0.926
4980.000 0.959
4990.000 0.992
5000.000 1.036
5010.000 1.036
5020.000 1.075
5030.000 1.096
5040.000 1.134
5050.000 1.161
5060.000 1.195
5070.000 1.195
5080.000 1.212
5090.000 1.226
5100.000 1.229
5110.000 1.229
5120.000 1.238
5130.000 1.244
5140.000 1.247
5150.000 1.254
5160.000 1.254
5170.000 1.254
5180.000 1.244
5190.000 1.226
5200.000 1.206
5210.000 1.206
5220.000 1.185
5230.000 1.164
5240.000 1.142
5250.000 1.122
5260.000 1.103
5270.000 1.103
5280.000 1.086
5290.000 1.071
5300.000 1.050
5310.000 1.050
5320.000 1.037
5330.000 1.020
5340.000 1.010
5350.000 0.996
5360.000 0.996
5370.000 0.987
5380.000 0.979
5390.000 0.973
5400.000 0.973
5410.000 0.967
5420.000 0.964
5430.000 0.963
5440.000 0.965
5450.000 0.968
5460.000 0.976
5470.000 0.976
5480.000 0.989
5490.000 1.002
5500.000 1.023
5510.000 1.023
5520.000 1.046
5530.000 1.071
5540.000 1.103
5550.000 1.160
5560.000 1.202
5570.000 1.202
5580.000 1.242
5590.000 1.275
5600.000 1.318
5610.000 1.318
5620.000 1.366
5630.000 1.431
5640.000 1.513
5650.000 1.621
5660.000 1.750
5670.000 1.750
5680.000 1.924
5690.000 2.147
5700.000 2.451
5710.000 2.450
5720.000 2.866
5730.000 3.440
5740.000 4.253
5750.000 5.390
5760.000 6.989
5770.000 6.989
5780.000 9.234
5790.000 12.381
5800.000 16.642
5810.000 16.642
5820.000 21.300
5830.000 22.506
5840.000 15.925
5850.000 10.441
5860.000 7.298
5870.000 7.298
5880.000 5.575
5890.000 4.394
5900.000 3.558
5910.000 3.558
5920.000 2.951
5930.000 2.502
5940.000 2.159
5950.000 1.892
5960.000 1.673
5970.000 1.673
5980.000 1.495
5990.000 1.359
6000.000 1.234
6010.000 1.234
6020.000 1.140
6030.000 1.058
6040.000 0.993
6050.000 0.924
6060.000 0.884
6070.000 0.884
6080.000 0.836
6090.000 0.800
6100.000 0.768
6110.000 0.768
6120.000 0.744
6130.000 0.716
6140.000 0.693
6150.000 0.676
6160.000 0.657
6170.000 0.657
6180.000 0.642
6190.000 0.630
6200.000 0.616
6210.000 0.616
6220.000 0.606
6230.000 0.596
6240.000 0.589
6250.000 0.581
6260.000 0.574
6270.000 0.574
6280.000 0.567
6290.000 0.564
6300.000 0.561
6310.000 0.561
6320.000 0.556
6330.000 0.554
6340.000 0.558
6350.000 0.553
6360.000 0.550
6370.000 0.550
6380.000 0.549
6390.000 0.551
6400.000 0.551
6410.000 0.551
6420.000 0.554
6430.000 0.554
6440.000 0.553
6450.000 0.557
6460.000 0.558
6470.000 0.558
6480.000 0.561
6490.000 0.562
6500.000 0.562
6510.000 0.567
6520.000 0.570
6530.000 0.573
6540.000 0.576
6550.000 0.584
6560.000 0.591
6570.000 0.591
6580.000 0.599
6590.000 0.605
6600.000 0.613
6610.000 0.613
6620.000 0.623
6630.000 0.635
6640.000 0.648
6650.000 0.657
6660.000 0.673
6670.000 0.673
6680.000 0.691
6690.000 0.708
6700.000 0.728
6710.000 0.728
6720.000 0.752
6730.000 0.773
6740.000 0.801
6750.000 0.838
6760.000 0.873
6770.000 0.873
6780.000 0.915
6790.000 0.965
6800.000 0.965
6810.000 1.026
6820.000 1.104
6830.000 1.197
6840.000 1.315
6850.000 1.475
6860.000 1.700
6870.000 1.700
6880.000 2.037
6890.000 2.561
6900.000 3.416
6910.000 3.416
6920.000 4.810
6930.000 6.909
6940.000 9.661
6950.000 13.017
6960.000 16.298
6970.000 16.298
6980.000 16.594
6990.000 11.463
7000.000 7.504
7010.000 7.504
7020.000 5.370
7030.000 4.003
7040.000 3.097
7050.000 2.477
7060.000 2.421
7070.000 1.972
7080.000 1.659
7090.000 1.417
7100.000 1.227
7110.000 1.227
7120.000 1.073
7130.000 0.948
7140.000 0.852
7150.000 0.852
7160.000 0.767
7170.000 0.699
7180.000 0.643
7190.000 0.594
7200.000 0.594
7210.000 0.553
7220.000 0.514
7230.000 0.486
7240.000 0.459
7250.000 0.459
7260.000 0.436
7270.000 0.415
7280.000 0.398
7290.000 0.383
7300.000 0.368
7310.000 0.368
7320.000 0.359
7330.000 0.349
7340.000 0.349
7350.000 0.338
7360.000 0.330
7370.000 0.320
7380.000 0.314
7390.000 0.308
7400.000 0.302
7410.000 0.302
7420.000 0.294
7430.000 0.294
7440.000 0.287
7450.000 0.287
7460.000 0.286
7470.000 0.283
7480.000 0.278
7490.000 0.274
7500.000 0.272
7510.000 0.272
7520.000 0.269
7530.000 0.268
7540.000 0.268
7550.000 0.265
7560.000 0.264
7570.000 0.260
7580.000 0.260
7590.000 0.259
7600.000 0.257
7610.000 0.257
7620.000 0.256
7630.000 0.255
7640.000 0.255
7650.000 0.255
7660.000 0.255
7670.000 0.254
7680.000 0.254
7690.000 0.255
7700.000 0.254
7710.000 0.254
7720.000 0.254
7730.000 0.257
7740.000 0.256
7750.000 0.256
7760.000 0.258
7770.000 0.261
7780.000 0.261
7790.000 0.264
7800.000 0.268
7810.000 0.268
7820.000 0.273
7830.000 0.278
7840.000 0.282
7850.000 0.282
7860.000 0.291
7870.000 0.298
7880.000 0.309
7890.000 0.321
7900.000 0.321
7910.000 0.337
7920.000 0.353
7930.000 0.380
7940.000 0.407
7950.000 0.407
7960.000 0.443
7970.000 0.490
7980.000 0.547
7990.000 0.621
8000.000 0.712
8010.000 0.712
8020.000 0.812
8030.000 0.947
8040.000 1.190
8050.000 1.190
8060.000 1.536
8070.000 2.117
8080.000 3.117
8090.000 4.826
8100.000 6.729
8110.000 6.729
8120.000 8.035
8130.000 10.103
8140.000 10.265
8150.000 10.265
8160.000 7.191
8170.000 5.210
8180.000 4.009
8190.000 3.205
8200.000 2.635
8210.000 2.635
8220.000 2.220
8230.000 1.905
8240.000 1.640
8250.000 1.639
8260.000 1.457
8270.000 1.308
8280.000 1.194
8290.000 1.094
8300.000 1.094
8310.000 1.013
8320.000 0.946
8330.000 0.888
8340.000 0.844
8350.000 0.844
8360.000 0.805
8370.000 0.778
8380.000 0.752
8390.000 0.729
8400.000 0.729
8410.000 0.709
8420.000 0.694
8430.000 0.677
8440.000 0.666
8450.000 0.666
8460.000 0.652
8470.000 0.643
8480.000 0.634
8490.000 0.622
8500.000 0.622
8510.000 0.619
8520.000 0.612
8530.000 0.608
8540.000 0.601
8550.000 0.601
8560.000 0.596
8570.000 0.594
8580.000 0.590
8590.000 0.586
8600.000 0.586
8610.000 0.584
8620.000 0.580
8630.000 0.580
8640.000 0.582
8650.000 0.582
8660.000 0.581
8670.000 0.580
8680.000 0.582
8690.000 0.584
8700.000 0.584
8710.000 0.590
8720.000 0.600
8730.000 0.606
8740.000 0.604
8750.000 0.604
8760.000 0.580
8770.000 0.564
8780.000 0.567
8790.000 0.568
8800.000 0.568
8810.000 0.575
8820.000 0.579
8830.000 0.583
8840.000 0.596
8850.000 0.596
8860.000 0.609
8870.000 0.621
8880.000 0.642
8890.000 0.644
8900.000 0.644
8910.000 0.647
8920.000 0.649
8930.000 0.648
8940.000 0.651
8950.000 0.651
8960.000 0.654
8970.000 0.661
8980.000 0.670
8990.000 0.684
9000.000 0.684
9010.000 0.692
9020.000 0.708
9030.000 0.726
9040.000 0.745
9050.000 0.745
9060.000 0.765
9070.000 0.789
9080.000 0.812
9090.000 0.851
9100.000 0.851
9110.000 0.882
9120.000 0.923
9130.000 0.976
9140.000 0.976
9150.000 1.038
9160.000 1.119
9170.000 1.224
9180.000 1.369
9190.000 1.572
9200.000 1.572
9210.000 1.886
9220.000 2.386
9230.000 3.220
9240.000 4.593
9250.000 4.593
9260.000 6.418
9270.000 7.776
9280.000 7.869
9290.000 6.790
9300.000 6.790
9310.000 4.429
9320.000 2.913
9330.000 2.034
9340.000 1.480
9350.000 1.480
9360.000 1.114
9370.000 0.861
9380.000 0.677
9390.000 0.543
9400.000 0.543
9410.000 0.441
9420.000 0.359
9430.000 0.291
9440.000 0.246
9450.000 0.246
9460.000 0.209
9470.000 0.182
9480.000 0.157
9490.000 0.157
9500.000 0.144
9510.000 0.133
9520.000 0.124
9530.000 0.119
9540.000 0.117
9550.000 0.117
9560.000 0.117
9570.000 0.118
9580.000 0.120
9590.000 0.120
9600.000 0.120
9610.000 0.122
9620.000 0.125
9630.000 0.125
9640.000 0.133
9650.000 0.133
9660.000 0.133
9670.000 0.135
9680.000 0.138
9690.000 0.138
9700.000 0.139
9710.000 0.142
9720.000 0.143
9730.000 0.146
9740.000 0.146
9750.000 0.148
9760.000 0.151
9770.000 0.153
9780.000 0.155
9790.000 0.155
9800.000 0.157
9810.000 0.157
9820.000 0.161
9830.000 0.161
9840.000 0.164
9850.000 0.164
9860.000 0.169
9870.000 0.173
9880.000 0.176
9890.000 0.176
9900.000 0.177
9910.000 0.164
9920.000 0.152
9930.000 0.150
9940.000 0.150
9950.000 0.146
9960.000 0.149
9970.000 0.145
9980.000 0.144
9990.000 0.144
10000.000 0.144
10010.000 0.145
10020.000 0.138
10030.000 0.142
10040.000 0.137
10050.000 0.137
10060.000 0.130
10070.000 0.130
10080.000 0.126
10090.000 0.126
10100.000 0.125
10110.000 0.117
10120.000 0.112
10130.000 0.108
10140.000 0.101
10150.000 0.101
10160.000 0.093
10170.000 0.086
10180.000 0.077
10190.000 0.077
10200.000 0.069
10210.000 0.057
10220.000 0.046
10230.000 0.033
10240.000 0.020
10250.000 0.020
10260.000 0.011
10270.000 0.030
10280.000 0.030
10290.000 0.052
10300.000 0.081
10310.000 0.118
10320.000 0.163
10330.000 0.226
10340.000 0.226
10350.000 0.310
10360.000 0.442
10370.000 0.695
10380.000 1.144
10390.000 1.144
10400.000 1.773
10410.000 2.571
10420.000 3.553
10430.000 4.249
10440.000 4.249
10450.000 3.753
10460.000 2.927
10470.000 2.431
10480.000 2.148
10490.000 2.148
10500.000 1.903
10510.000 1.719
10520.000 1.565
10530.000 1.441
10540.000 1.340
10550.000 1.340
10560.000 1.248
10570.000 1.169
10580.000 1.098
10590.000 1.098
10600.000 1.036
10610.000 0.991
10620.000 0.957
10630.000 0.929
10640.000 0.929
10650.000 0.893
10660.000 0.862
10670.000 0.831
10680.000 0.803
10690.000 0.803
10700.000 0.778
10710.000 0.764
10720.000 0.741
10730.000 0.716
10740.000 0.716
10750.000 0.690
10760.000 0.669
10770.000 0.648
10780.000 0.628
10790.000 0.628
10800.000 0.611
10810.000 0.593
10820.000 0.581
10830.000 0.568
10840.000 0.568
10850.000 0.557
10860.000 0.548
10870.000 0.544
10880.000 0.538
10890.000 0.538
10900.000 0.533
10910.000 0.532
10920.000 0.531
10930.000 0.529
10940.000 0.529
10950.000 0.528
10960.000 0.523
10970.000 0.522
10980.000 0.522
10990.000 0.522
11000.000 0.522
11010.000 0.525
11020.000 0.525
11030.000 0.524
11040.000 0.524
11050.000 0.524
11060.000 0.519
11070.000 0.524
11080.000 0.549
11090.000 0.549
11100.000 0.552
11110.000 0.546
11120.000 0.538
11130.000 0.533
11140.000 0.533
11150.000 0.530
11160.000 0.528
11170.000 0.530
11180.000 0.530
11190.000 0.530
11200.000 0.534
11210.000 0.532
11220.000 0.537
11230.000 0.538
11240.000 0.538
11250.000 0.541
11260.000 0.547
11270.000 0.552
11280.000 0.558
11290.000 0.558
11300.000 0.564
11310.000 0.569
11320.000 0.577
11330.000 0.585
11340.000 0.585
11350.000 0.595
11360.000 0.602
11370.000 0.617
11380.000 0.627
11390.000 0.627
11400.000 0.638
11410.000 0.645
11420.000 0.653
11430.000 0.672
11440.000 0.672
11450.000 0.701
11460.000 0.735
11470.000 0.781
11480.000 0.833
11490.000 0.833
11500.000 0.909
11510.000 1.012
11520.000 1.161
11530.000 1.373
11540.000 1.373
11550.000 1.676
11560.000 2.054
11570.000 2.360
11580.000 2.246
11590.000 2.246
11600.000 1.620
11610.000 0.995
11620.000 0.613
11630.000 0.380
11640.000 0.380
11650.000 0.232
11660.000 0.133
11670.000 0.062
11680.000 0.034
11690.000 0.034
11700.000 0.052
11710.000 0.079
11720.000 0.100
11730.000 0.117
11740.000 0.117
11750.000 0.135
11760.000 0.146
11770.000 0.159
11780.000 0.159
11790.000 0.167
11800.000 0.171
11810.000 0.182
11820.000 0.185
11830.000 0.185
11840.000 0.196
11850.000 0.200
11860.000 0.208
11870.000 0.216
11880.000 0.223
11890.000 0.223
11900.000 0.227
11910.000 0.232
11920.000 0.241
11930.000 0.241
11940.000 0.247
11950.000 0.251
11960.000 0.257
11970.000 0.258
11980.000 0.264
11990.000 0.264
12000.000 0.267
