110.000 0.040
120.000 0.040
130.000 0.065
140.000 0.092
150.000 4.608
160.000 4.609
170.000 7.601
180.000 8.392
190.000 8.892
200.000 9.166
210.000 9.128
220.000 9.123
230.000 9.123
240.000 9.529
250.000 9.995
260.000 9.995
270.000 10.468
280.000 10.832
290.000 11.381
300.000 11.779
310.000 12.208
320.000 12.208
330.000 12.384
340.000 12.671
350.000 13.536
360.000 13.536
370.000 14.645
380.000 16.496
390.000 18.739
400.000 21.329
410.000 23.739
420.000 23.739
430.000 26.283
440.000 28.943
450.000 31.553
460.000 31.547
470.000 33.781
480.000 35.250
490.000 35.329
500.000 34.102
510.000 31.511
520.000 31.511
530.000 28.677
540.000 26.238
550.000 24.252
560.000 22.780
570.000 22.780
580.000 21.601
590.000 20.742
600.000 20.166
610.000 19.872
620.000 19.803
630.000 19.800
640.000 19.963
650.000 20.387
660.000 20.387
670.000 21.225
680.000 22.851
690.000 25.592
700.000 29.629
710.000 36.584
720.000 36.579
730.000 46.691
740.000 56.768
750.000 56.910
760.000 56.897
770.000 24.116
780.000 15.290
790.000 10.497
800.000 7.618
810.000 5.678
820.000 5.678
830.000 4.303
840.000 3.336
850.000 2.663
860.000 2.663
870.000 2.135
880.000 1.751
890.000 1.455
900.000 1.222
910.000 1.031
920.000 1.031
930.000 0.880
940.000 0.732
950.000 0.626
960.000 0.626
970.000 0.528
980.000 0.454
990.000 0.389
1000.000 0.389
1010.000 0.333
1020.000 0.290
1030.000 0.242
1040.000 0.204
1050.000 0.171
1060.000 0.156
1070.000 0.156
1080.000 0.127
1090.000 0.111
1100.000 0.111
1110.000 0.110
1120.000 0.114
1130.000 0.126
1140.000 0.144
1150.000 0.163
1160.000 0.163
1170.000 0.194
1180.000 0.223
1190.000 0.251
1200.000 0.251
1210.000 0.289
1220.000 0.329
1230.000 0.373
1240.000 0.425
1250.000 0.481
1260.000 0.481
1270.000 0.550
1280.000 0.625
1290.000 0.718
1300.000 0.718
1310.000 0.831
1320.000 0.981
1330.000 1.169
1340.000 1.437
1350.000 1.848
1360.000 2.569
1370.000 2.569
1380.000 3.991
1390.000 6.439
1400.000 6.438
1410.000 10.066
1420.000 16.531
1430.000 25.260
1440.000 20.613
1450.000 10.748
1460.000 7.743
1470.000 7.743
1480.000 5.976
1490.000 4.842
1500.000 4.060
1510.000 4.060
1520.000 3.480
1530.000 3.048
1540.000 2.707
1550.000 2.440
1560.000 2.440
1570.000 2.219
1580.000 2.037
1590.000 1.876
1600.000 1.738
1610.000 1.738
1620.000 1.613
1630.000 1.493
1640.000 1.384
1650.000 1.287
1660.000 1.211
1670.000 1.211
1680.000 1.186
1690.000 1.216
1700.000 1.299
1710.000 1.299
1720.000 1.411
1730.000 1.531
1740.000 1.684
1750.000 1.853
1760.000 1.853
1770.000 2.035
1780.000 2.223
1790.000 2.435
1800.000 2.649
1810.000 2.649
1820.000 2.890
1830.000 3.166
1840.000 3.475
1850.000 3.825
1860.000 3.825
1870.000 4.210
1880.000 4.641
1890.000 5.112
1900.000 5.112
1910.000 5.625
1920.000 6.177
1930.000 6.780
1940.000 7.435
1950.000 8.156
1960.000 8.154
1970.000 8.948
1980.000 9.817
1990.000 10.789
2000.000 11.890
2010.000 11.888
2020.000 13.161
2030.000 14.583
2040.000 16.167
2050.000 18.027
2060.000 20.143
2070.000 20.143
2080.000 22.587
2090.000 25.278
2100.000 25.278
2110.000 28.015
2120.000 30.199
2130.000 30.838
2140.000 29.332
2150.000 25.718
2160.000 25.718
2170.000 21.863
2180.000 18.516
2190.000 15.747
2200.000 15.747
2210.000 13.388
2220.000 11.322
2230.000 9.610
2240.000 8.194
2250.000 7.014
2260.000 7.014
2270.000 6.036
2280.000 5.239
2290.000 4.588
2300.000 4.066
2310.000 3.628
2320.000 3.259
2330.000 3.259
2340.000 2.949
2350.000 2.685
2360.000 2.685
2370.000 2.464
2380.000 2.277
2390.000 2.119
2400.000 1.990
2410.000 1.990
2420.000 1.881
2430.000 1.790
2440.000 1.712
2450.000 1.645
2460.000 1.645
2470.000 1.587
2480.000 1.541
2490.000 1.502
2500.000 1.468
2510.000 1.468
2520.000 1.445
2530.000 1.427
2540.000 1.418
2550.000 1.411
2560.000 1.411
2570.000 1.412
2580.000 1.420
2590.000 1.436
2600.000 1.436
2610.000 1.457
2620.000 1.492
2630.000 1.534
2640.000 1.584
2650.000 1.649
2660.000 1.649
2670.000 1.737
2680.000 1.861
2690.000 2.022
2700.000 2.242
2710.000 2.242
2720.000 2.538
2730.000 2.966
2740.000 3.624
2750.000 4.689
2760.000 4.689
2770.000 6.500
2780.000 9.431
2790.000 13.516
2800.000 13.516
2810.000 18.614
2820.000 24.857
2830.000 29.756
2840.000 26.015
2850.000 15.212
2860.000 15.212
2870.000 10.500
2880.000 7.697
2890.000 5.871
2900.000 5.871
2910.000 4.625
2920.000 3.740
2930.000 3.110
2940.000 2.634
2950.000 2.273
2960.000 2.272
2970.000 1.984
2980.000 1.760
2990.000 1.571
3000.000 1.427
3010.000 1.427
3020.000 1.304
3030.000 1.190
3040.000 1.103
3050.000 1.033
3060.000 1.033
3070.000 0.974
3080.000 0.918
3090.000 0.876
3100.000 0.876
3110.000 0.837
3120.000 0.806
3130.000 0.779
3140.000 0.754
3150.000 0.735
3160.000 0.735
3170.000 0.718
3180.000 0.707
3190.000 0.695
3200.000 0.688
3210.000 0.688
3220.000 0.683
3230.000 0.680
3240.000 0.681
3250.000 0.682
3260.000 0.682
3270.000 0.688
3280.000 0.697
3290.000 0.712
3300.000 0.730
3310.000 0.730
3320.000 0.753
3330.000 0.780
3340.000 0.815
3350.000 0.815
3360.000 0.857
3370.000 0.909
3380.000 0.975
3390.000 1.060
3400.000 1.173
3410.000 1.173
3420.000 1.330
3430.000 1.565
3440.000 1.565
3450.000 1.934
3460.000 2.528
3470.000 3.481
3480.000 5.009
3490.000 7.785
3500.000 7.785
3510.000 13.162
3520.000 18.305
3530.000 15.644
3540.000 15.644
3550.000 8.002
3560.000 5.327
3570.000 3.798
3580.000 2.847
3590.000 2.224
3600.000 2.224
3610.000 1.790
3620.000 1.482
3630.000 1.252
3640.000 1.252
3650.000 1.078
3660.000 0.947
3670.000 0.838
3680.000 0.754
3690.000 0.686
3700.000 0.630
3710.000 0.630
3720.000 0.587
3730.000 0.546
3740.000 0.514
3750.000 0.514
3760.000 0.488
3770.000 0.466
3780.000 0.448
3790.000 0.432
3800.000 0.418
3810.000 0.418
3820.000 0.409
3830.000 0.401
3840.000 0.390
3850.000 0.390
3860.000 0.388
3870.000 0.385
3880.000 0.381
3890.000 0.380
3900.000 0.380
3910.000 0.380
3920.000 0.381
3930.000 0.382
3940.000 0.382
3950.000 0.389
3960.000 0.395
3970.000 0.399
3980.000 0.408
3990.000 0.423
4000.000 0.423
4010.000 0.434
4020.000 0.452
4030.000 0.486
4040.000 0.512
4050.000 0.512
4060.000 0.550
4070.000 0.594
4080.000 0.649
4090.000 0.719
4100.000 0.719
4110.000 0.833
4120.000 0.987
4130.000 1.233
4140.000 1.627
4150.000 1.627
4160.000 2.273
4170.000 3.311
4180.000 4.907
4190.000 7.505
4200.000 7.504
4210.000 11.524
4220.000 12.483
4230.000 6.615
4240.000 6.615
4250.000 4.315
4260.000 3.086
4270.000 2.323
4280.000 1.825
4290.000 1.494
4300.000 1.494
4310.000 1.263
4320.000 1.098
4330.000 0.971
4340.000 0.871
4350.000 0.871
4360.000 0.793
4370.000 0.728
4380.000 0.679
4390.000 0.636
4400.000 0.636
4410.000 0.602
4420.000 0.572
4430.000 0.550
4440.000 0.550
4450.000 0.528
4460.000 0.517
4470.000 0.503
4480.000 0.490
4490.000 0.480
4500.000 0.480
4510.000 0.472
4520.000 0.466
4530.000 0.463
4540.000 0.463
4550.000 0.460
4560.000 0.460
4570.000 0.460
4580.000 0.463
4590.000 0.467
4600.000 0.467
4610.000 0.471
4620.000 0.478
4630.000 0.485
4640.000 0.494
4650.000 0.494
4660.000 0.505
4670.000 0.517
4680.000 0.526
4690.000 0.537
4700.000 0.537
4710.000 0.546
4720.000 0.556
4730.000 0.563
4740.000 0.563
4750.000 0.574
4760.000 0.592
4770.000 0.614
4780.000 0.656
4790.000 0.722
4800.000 0.722
4810.000 0.827
4820.000 1.004
4830.000 1.313
4840.000 1.313
4850.000 1.893
4860.000 2.900
4870.000 4.401
4880.000 6.618
4890.000 9.611
4900.000 9.611
4910.000 10.963
4920.000 7.153
4930.000 4.700
4940.000 4.700
4950.000 3.526
4960.000 2.817
4970.000 2.333
4980.000 1.994
4990.000 1.751
5000.000 1.751
5010.000 1.566
5020.000 1.429
5030.000 1.304
5040.000 1.304
5050.000 1.221
5060.000 1.153
5070.000 1.097
5080.000 1.046
5090.000 1.017
5100.000 1.017
5110.000 0.974
5120.000 0.945
5130.000 0.914
5140.000 0.914
5150.000 0.888
5160.000 0.869
5170.000 0.856
5180.000 0.846
5190.000 0.839
5200.000 0.839
5210.000 0.839
5220.000 0.843
5230.000 0.847
5240.000 0.853
5250.000 0.853
5260.000 0.865
5270.000 0.880
5280.000 0.901
5290.000 0.921
5300.000 0.921
5310.000 0.947
5320.000 0.977
5330.000 0.997
5340.000 1.026
5350.000 1.026
5360.000 1.055
5370.000 1.087
5380.000 1.125
5390.000 1.169
5400.000 1.169
5410.000 1.219
5420.000 1.283
5430.000 1.363
5440.000 1.363
5450.000 1.467
5460.000 1.601
5470.000 1.785
5480.000 2.035
5490.000 2.380
5500.000 2.380
5510.000 2.881
5520.000 3.615
5530.000 4.683
5540.000 6.241
5550.000 6.241
5560.000 8.464
5570.000 12.001
5580.000 17.154
5590.000 22.648
5600.000 22.648
5610.000 20.796
5620.000 10.765
5630.000 7.301
5640.000 5.295
5650.000 5.295
5660.000 4.028
5670.000 3.172
5680.000 2.576
5690.000 2.141
5700.000 2.099
5710.000 1.784
5720.000 1.544
5730.000 1.359
5740.000 1.208
5750.000 1.208
5760.000 1.087
5770.000 0.992
5780.000 0.992
5790.000 0.912
5800.000 0.849
5810.000 0.798
5820.000 0.753
5830.000 0.717
5840.000 0.717
5850.000 0.684
5860.000 0.659
5870.000 0.637
5880.000 0.617
5890.000 0.617
5900.000 0.602
5910.000 0.591
5920.000 0.578
5930.000 0.570
5940.000 0.570
5950.000 0.563
5960.000 0.556
5970.000 0.556
5980.000 0.556
5990.000 0.556
6000.000 0.550
6010.000 0.558
6020.000 0.556
6030.000 0.571
6040.000 0.578
6050.000 0.578
6060.000 0.585
6070.000 0.604
6080.000 0.604
6090.000 0.619
6100.000 0.635
6110.000 0.660
6120.000 0.692
6130.000 0.731
6140.000 0.731
6150.000 0.777
6160.000 0.837
6170.000 0.919
6180.000 0.919
6190.000 1.023
6200.000 1.165
6210.000 1.389
6220.000 1.758
6230.000 2.472
6240.000 2.472
6250.000 3.973
6260.000 6.830
6270.000 10.776
6280.000 10.776
6290.000 14.883
6300.000 15.904
6310.000 9.710
6320.000 6.214
6330.000 4.462
6340.000 4.462
6350.000 3.400
6360.000 2.709
6370.000 2.229
6380.000 1.883
6390.000 1.883
6400.000 1.622
6410.000 1.426
6420.000 1.274
6430.000 1.151
6440.000 1.150
6450.000 1.057
6460.000 0.976
6470.000 0.911
6480.000 0.911
6490.000 0.861
6500.000 0.818
6510.000 0.785
6520.000 0.755
6530.000 0.732
6540.000 0.714
6550.000 0.714
6560.000 0.697
6570.000 0.683
6580.000 0.683
6590.000 0.673
6600.000 0.662
6610.000 0.657
6620.000 0.650
6630.000 0.647
6640.000 0.647
6650.000 0.644
6660.000 0.645
6670.000 0.646
6680.000 0.649
6690.000 0.649
6700.000 0.652
6710.000 0.659
6720.000 0.670
6730.000 0.678
6740.000 0.678
6750.000 0.693
6760.000 0.705
6770.000 0.724
6780.000 0.749
6790.000 0.748
6800.000 0.773
6810.000 0.809
6820.000 0.848
6830.000 0.902
6840.000 0.902
6850.000 0.966
6860.000 1.049
6870.000 1.157
6880.000 1.157
6890.000 1.333
6900.000 1.575
6910.000 1.964
6920.000 2.660
6930.000 2.660
6940.000 3.967
6950.000 6.220
6960.000 9.321
6970.000 12.726
6980.000 14.056
6990.000 14.056
7000.000 9.653
7010.000 5.734
7020.000 3.936
7030.000 3.936
7040.000 2.901
7050.000 2.226
7060.000 1.755
7070.000 1.442
7080.000 1.202
7090.000 1.202
7100.000 1.039
7110.000 0.908
7120.000 0.799
7130.000 0.799
7140.000 0.717
7150.000 0.650
7160.000 0.599
7170.000 0.557
7180.000 0.557
7190.000 0.519
7200.000 0.491
7210.000 0.465
7220.000 0.445
7230.000 0.445
7240.000 0.426
7250.000 0.414
7260.000 0.398
7270.000 0.389
7280.000 0.389
7290.000 0.381
7300.000 0.371
7310.000 0.364
7320.000 0.359
7330.000 0.359
7340.000 0.355
7350.000 0.351
7360.000 0.347
7370.000 0.348
7380.000 0.348
7390.000 0.345
7400.000 0.345
7410.000 0.347
7420.000 0.344
7430.000 0.344
7440.000 0.351
7450.000 0.356
7460.000 0.360
7470.000 0.375
7480.000 0.375
7490.000 0.385
7500.000 0.398
7510.000 0.420
7520.000 0.444
7530.000 0.444
7540.000 0.475
7550.000 0.518
7560.000 0.574
7570.000 0.649
7580.000 0.649
7590.000 0.763
7600.000 0.925
7610.000 1.187
7620.000 1.644
7630.000 2.548
7640.000 2.548
7650.000 4.512
7660.000 7.707
7670.000 10.471
7680.000 10.471
7690.000 9.912
7700.000 6.048
7710.000 4.229
7720.000 3.180
7730.000 2.514
7740.000 2.513
7750.000 2.059
7760.000 1.736
7770.000 1.498
7780.000 1.498
7790.000 1.319
7800.000 1.178
7810.000 1.068
7820.000 0.978
7830.000 0.908
7840.000 0.908
7850.000 0.848
7860.000 0.798
7870.000 0.756
7880.000 0.756
7890.000 0.726
7900.000 0.701
7910.000 0.681
7920.000 0.665
7930.000 0.649
7940.000 0.649
7950.000 0.637
7960.000 0.629
7970.000 0.619
7980.000 0.610
7990.000 0.609
8000.000 0.611
8010.000 0.606
8020.000 0.608
8030.000 0.598
8040.000 0.598
8050.000 0.593
8060.000 0.601
8070.000 0.615
8080.000 0.615
8090.000 0.620
8100.000 0.620
8110.000 0.627
8120.000 0.635
8130.000 0.635
8140.000 0.647
8150.000 0.666
8160.000 0.693
8170.000 0.706
8180.000 0.706
8190.000 0.729
8200.000 0.755
8210.000 0.785
8220.000 0.785
8230.000 0.827
8240.000 0.877
8250.000 0.942
8260.000 1.028
8270.000 1.147
8280.000 1.314
8290.000 1.314
8300.000 1.572
8310.000 2.031
8320.000 2.031
8330.000 2.883
8340.000 4.517
8350.000 7.042
8360.000 9.471
8370.000 9.640
8380.000 9.638
8390.000 5.918
8400.000 3.569
8410.000 2.412
8420.000 2.411
8430.000 1.728
8440.000 1.300
8450.000 1.015
8460.000 0.815
8470.000 0.671
8480.000 0.671
8490.000 0.558
8500.000 0.477
8510.000 0.429
8520.000 0.429
8530.000 0.377
8540.000 0.341
8550.000 0.313
8560.000 0.288
8570.000 0.268
8580.000 0.252
8590.000 0.252
8600.000 0.242
8610.000 0.231
8620.000 0.231
8630.000 0.221
8640.000 0.214
8650.000 0.206
8660.000 0.202
8670.000 0.196
8680.000 0.196
8690.000 0.191
8700.000 0.185
8710.000 0.182
8720.000 0.182
8730.000 0.173
8740.000 0.163
8750.000 0.147
8760.000 0.150
8770.000 0.155
8780.000 0.155
8790.000 0.160
8800.000 0.156
8810.000 0.155
8820.000 0.155
8830.000 0.153
8840.000 0.152
8850.000 0.146
8860.000 0.138
8870.000 0.143
8880.000 0.153
8890.000 0.153
8900.000 0.160
8910.000 0.170
8920.000 0.170
8930.000 0.188
8940.000 0.218
8950.000 0.255
8960.000 0.314
8970.000 0.404
8980.000 0.539
8990.000 0.539
9000.000 0.757
9010.000 1.169
9020.000 1.169
9030.000 1.866
9040.000 2.865
9050.000 3.958
9060.000 5.167
9070.000 6.250
9080.000 4.719
9090.000 4.719
9100.000 3.447
9110.000 2.736
9120.000 2.261
9130.000 2.261
9140.000 1.929
9150.000 1.673
9160.000 1.478
9170.000 1.328
9180.000 1.204
9190.000 1.204
9200.000 1.106
9210.000 1.022
9220.000 0.950
9230.000 0.950
9240.000 0.895
9250.000 0.846
9260.000 0.802
9270.000 0.802
9280.000 0.767
9290.000 0.741
9300.000 0.716
9310.000 0.697
9320.000 0.697
9330.000 0.685
9340.000 0.674
9350.000 0.667
9360.000 0.663
9370.000 0.663
9380.000 0.661
9390.000 0.657
9400.000 0.652
9410.000 0.649
9420.000 0.650
9430.000 0.650
9440.000 0.649
9450.000 0.651
9460.000 0.653
9470.000 0.653
9480.000 0.657
9490.000 0.660
9500.000 0.667
9510.000 0.675
9520.000 0.675
9530.000 0.685
9540.000 0.696
9550.000 0.708
9560.000 0.723
9570.000 0.723
9580.000 0.741
9590.000 0.761
9600.000 0.789
9610.000 0.818
9620.000 0.818
9630.000 0.853
9640.000 0.902
9650.000 0.965
9660.000 1.053
9670.000 1.053
9680.000 1.180
9690.000 1.370
9700.000 1.667
9710.000 2.169
9720.000 2.169
9730.000 2.979
9740.000 4.067
9750.000 4.560
9760.000 3.367
9770.000 3.367
9780.000 2.493
9790.000 1.801
9800.000 1.098
9810.000 0.723
9820.000 0.723
9830.000 0.494
9840.000 0.348
9850.000 0.251
9860.000 0.190
9870.000 0.190
9880.000 0.151
9890.000 0.138
9900.000 0.127
9910.000 0.130
9920.000 0.130
9930.000 0.134
9940.000 0.143
9950.000 0.146
9960.000 0.152
9970.000 0.152
9980.000 0.156
9990.000 0.160
10000.000 0.169
10010.000 0.174
10020.000 0.173
10030.000 0.170
10040.000 0.179
10050.000 0.179
10060.000 0.175
10070.000 0.175
10080.000 0.175
10090.000 0.180
10100.000 0.179
10110.000 0.181
10120.000 0.181
10130.000 0.185
10140.000 0.183
10150.000 0.186
10160.000 0.187
10170.000 0.187
10180.000 0.180
10190.000 0.163
10200.000 0.153
10210.000 0.146
10220.000 0.146
10230.000 0.141
10240.000 0.132
10250.000 0.126
10260.000 0.117
10270.000 0.117
10280.000 0.102
10290.000 0.088
10300.000 0.071
10310.000 0.053
10320.000 0.053
10330.000 0.029
10340.000 0.025
10350.000 0.057
10360.000 0.108
10370.000 0.108
10380.000 0.182
10390.000 0.303
10400.000 0.559
10410.000 1.093
10420.000 1.867
10430.000 1.867
10440.000 2.740
10450.000 3.329
10460.000 2.737
10470.000 2.737
10480.000 2.143
10490.000 1.888
10500.000 1.685
10510.000 1.530
10520.000 1.530
10530.000 1.407
10540.000 1.312
10550.000 1.233
10560.000 1.156
10570.000 1.156
10580.000 1.100
10590.000 1.045
10600.000 0.999
10610.000 0.969
10620.000 0.954
10630.000 0.954
10640.000 0.935
10650.000 0.909
10660.000 0.890
10670.000 0.890
10680.000 0.872
10690.000 0.857
10700.000 0.841
10710.000 0.824
10720.000 0.824
10730.000 0.823
10740.000 0.813
10750.000 0.800
10760.000 0.800
10770.000 0.782
10780.000 0.764
10790.000 0.742
10800.000 0.730
10810.000 0.714
10820.000 0.714
10830.000 0.700
10840.000 0.689
10850.000 0.676
10860.000 0.676
10870.000 0.665
10880.000 0.659
10890.000 0.649
10900.000 0.648
10910.000 0.643
10920.000 0.643
10930.000 0.641
10940.000 0.639
10950.000 0.640
10960.000 0.640
10970.000 0.652
10980.000 0.661
10990.000 0.680
11000.000 0.699
11010.000 0.724
11020.000 0.758
11030.000 0.758
11040.000 0.800
11050.000 0.861
11060.000 0.935
11070.000 1.003
11080.000 1.003
11090.000 1.106
11100.000 1.239
11110.000 1.565
11120.000 2.014
11130.000 2.014
11140.000 2.229
11150.000 1.735
11160.000 0.933
11170.000 0.505
11180.000 0.505
11190.000 0.277
11200.000 0.145
11210.000 0.077
11220.000 0.076
11230.000 0.076
11240.000 0.101
11250.000 0.128
11260.000 0.150
11270.000 0.165
11280.000 0.165
11290.000 0.180
11300.000 0.188
11310.000 0.199
11320.000 0.207
11330.000 0.207
11340.000 0.212
11350.000 0.218
11360.000 0.223
11370.000 0.225
11380.000 0.232
11390.000 0.232
11400.000 0.236
11410.000 0.240
11420.000 0.245
11430.000 0.245
11440.000 0.248
11450.000 0.251
11460.000 0.254
11470.000 0.254
11480.000 0.254
11490.000 0.256
11500.000 0.258
11510.000 0.257
11520.000 0.259
11530.000 0.259
11540.000 0.257
11550.000 0.257
11560.000 0.256
11570.000 0.257
11580.000 0.257
11590.000 0.254
11600.000 0.248
11610.000 0.245
11620.000 0.238
11630.000 0.238
11640.000 0.227
11650.000 0.222
11660.000 0.209
11670.000 0.199
11680.000 0.186
11690.000 0.186
11700.000 0.176
11710.000 0.159
11720.000 0.159
11730.000 0.146
11740.000 0.136
11750.000 0.139
11760.000 0.166
11770.000 0.242
11780.000 0.445
11790.000 0.445
11800.000 0.877
11810.000 1.427
11820.000 1.976
11830.000 1.975
11840.000 2.164
11850.000 1.853
11860.000 1.561
11870.000 1.363
11880.000 1.230
11890.000 1.230
11900.000 1.136
11910.000 1.053
11920.000 1.053
11930.000 0.993
11940.000 0.938
11950.000 0.894
11960.000 0.847
11970.000 0.813
11980.000 0.783
11990.000 0.783
12000.000 0.748
