110.000 0.052
120.000 0.027
130.000 0.047
140.000 0.047
150.000 1.371
160.000 6.029
170.000 6.777
180.000 7.198
190.000 7.198
200.000 7.565
210.000 7.477
220.000 7.373
230.000 7.917
240.000 8.810
250.000 8.810
260.000 9.224
270.000 9.397
280.000 9.629
290.000 9.629
300.000 10.053
310.000 10.712
320.000 11.070
330.000 11.511
340.000 12.308
350.000 12.308
360.000 13.089
370.000 14.263
380.000 14.263
390.000 15.939
400.000 18.328
410.000 21.096
420.000 23.774
430.000 26.258
440.000 28.670
450.000 28.670
460.000 31.109
470.000 33.321
480.000 34.694
490.000 34.694
500.000 35.036
510.000 34.505
520.000 33.674
530.000 32.929
540.000 32.920
550.000 32.894
560.000 33.835
570.000 35.517
580.000 35.517
590.000 38.750
600.000 44.544
610.000 54.197
620.000 64.799
630.000 63.527
640.000 63.527
650.000 49.977
660.000 23.632
670.000 15.765
680.000 11.346
690.000 11.346
700.000 8.605
710.000 6.690
720.000 5.264
730.000 4.241
740.000 3.458
750.000 3.458
760.000 2.869
770.000 2.441
780.000 2.441
790.000 2.125
800.000 1.808
810.000 1.553
820.000 1.345
830.000 1.171
840.000 1.171
850.000 1.027
860.000 0.905
870.000 0.805
880.000 0.805
890.000 0.721
900.000 0.649
910.000 0.594
920.000 0.532
930.000 0.486
940.000 0.486
950.000 0.446
960.000 0.411
970.000 0.374
980.000 0.374
990.000 0.346
1000.000 0.327
1010.000 0.302
1020.000 0.290
1030.000 0.270
1040.000 0.270
1050.000 0.269
1060.000 0.276
1070.000 0.287
1080.000 0.287
1090.000 0.292
1100.000 0.322
1110.000 0.346
1120.000 0.417
1130.000 0.522
1140.000 0.522
1150.000 0.719
1160.000 1.029
1170.000 1.575
1180.000 1.575
1190.000 2.667
1200.000 5.044
1210.000 6.235
1220.000 2.768
1230.000 2.103
1240.000 1.687
1250.000 1.687
1260.000 1.417
1270.000 1.234
1280.000 1.111
1290.000 1.111
1300.000 1.016
1310.000 0.949
1320.000 0.894
1330.000 0.852
1340.000 0.813
1350.000 0.813
1360.000 0.787
1370.000 0.771
1380.000 0.771
1390.000 0.755
1400.000 0.749
1410.000 0.742
1420.000 0.741
1430.000 0.740
1440.000 0.740
1450.000 0.748
1460.000 0.755
1470.000 0.768
1480.000 0.783
1490.000 0.782
1500.000 0.803
1510.000 0.828
1520.000 0.856
1530.000 0.888
1540.000 0.929
1550.000 0.929
1560.000 0.975
1570.000 1.030
1580.000 1.030
1590.000 1.098
1600.000 1.172
1610.000 1.258
1620.000 1.351
1630.000 1.464
1640.000 1.605
1650.000 1.605
1660.000 1.797
1670.000 2.153
1680.000 2.877
1690.000 2.877
1700.000 4.283
1710.000 6.374
1720.000 9.025
1730.000 12.820
1740.000 18.964
1750.000 18.961
1760.000 27.597
1770.000 34.104
1780.000 34.104
1790.000 28.320
1800.000 17.593
1810.000 12.942
1820.000 10.120
1830.000 8.252
1840.000 6.917
1850.000 6.917
1860.000 5.928
1870.000 5.175
1880.000 4.593
1890.000 4.593
1900.000 4.136
1910.000 3.773
1920.000 3.477
1930.000 3.233
1940.000 3.233
1950.000 3.031
1960.000 2.862
1970.000 2.725
1980.000 2.725
1990.000 2.608
2000.000 2.507
2010.000 2.426
2020.000 2.361
2030.000 2.318
2040.000 2.318
2050.000 2.279
2060.000 2.245
2070.000 2.230
2080.000 2.230
2090.000 2.220
2100.000 2.227
2110.000 2.231
2120.000 2.244
2130.000 2.273
2140.000 2.272
2150.000 2.330
2160.000 2.414
2170.000 2.517
2180.000 2.516
2190.000 2.648
2200.000 2.813
2210.000 3.021
2220.000 3.292
2230.000 3.654
2240.000 3.654
2250.000 4.152
2260.000 4.800
2270.000 5.605
2280.000 5.605
2290.000 6.734
2300.000 8.386
2310.000 10.714
2320.000 13.844
2330.000 17.723
2340.000 18.222
2350.000 22.648
2360.000 26.698
2370.000 27.879
2380.000 23.386
2390.000 23.386
2400.000 16.679
2410.000 12.322
2420.000 12.322
2430.000 9.438
2440.000 7.456
2450.000 6.054
2460.000 5.052
2470.000 4.315
2480.000 4.314
2490.000 3.754
2500.000 3.316
2510.000 2.959
2520.000 2.958
2530.000 2.671
2540.000 2.431
2550.000 2.235
2560.000 2.070
2570.000 1.938
2580.000 1.938
2590.000 1.829
2600.000 1.737
2610.000 1.662
2620.000 1.606
2630.000 1.606
2640.000 1.557
2650.000 1.512
2660.000 1.477
2670.000 1.452
2680.000 1.436
2690.000 1.436
2700.000 1.423
2710.000 1.421
2720.000 1.421
2730.000 1.427
2740.000 1.440
2750.000 1.460
2760.000 1.489
2770.000 1.534
2780.000 1.591
2790.000 1.591
2800.000 1.664
2810.000 1.759
2820.000 1.902
2830.000 1.902
2840.000 2.108
2850.000 2.395
2860.000 2.831
2870.000 3.545
2880.000 4.824
2890.000 4.824
2900.000 7.298
2910.000 11.536
2920.000 17.155
2930.000 17.155
2940.000 23.209
2950.000 25.435
2960.000 16.272
2970.000 9.402
2980.000 9.402
2990.000 6.381
3000.000 4.638
3010.000 3.538
3020.000 3.538
3030.000 2.785
3040.000 2.274
3050.000 1.901
3060.000 1.609
3070.000 1.402
3080.000 1.229
3090.000 1.229
3100.000 1.103
3110.000 0.994
3120.000 0.905
3130.000 0.904
3140.000 0.838
3150.000 0.779
3160.000 0.733
3170.000 0.693
3180.000 0.662
3190.000 0.662
3200.000 0.635
3210.000 0.613
3220.000 0.598
3230.000 0.598
3240.000 0.585
3250.000 0.577
3260.000 0.572
3270.000 0.571
3280.000 0.573
3290.000 0.573
3300.000 0.579
3310.000 0.586
3320.000 0.586
3330.000 0.603
3340.000 0.626
3350.000 0.655
3360.000 0.693
3370.000 0.741
3380.000 0.806
3390.000 0.806
3400.000 0.888
3410.000 1.003
3420.000 1.162
3430.000 1.161
3440.000 1.407
3450.000 1.785
3460.000 2.403
3470.000 3.434
3480.000 5.166
3490.000 5.166
3500.000 8.641
3510.000 14.709
3520.000 14.709
3530.000 17.346
3540.000 9.697
3550.000 6.023
3560.000 4.230
3570.000 3.182
3580.000 3.182
3590.000 2.500
3600.000 2.037
3610.000 1.700
3620.000 1.700
3630.000 1.462
3640.000 1.281
3650.000 1.138
3660.000 1.026
3670.000 0.939
3680.000 0.939
3690.000 0.870
3700.000 0.811
3710.000 0.767
3720.000 0.767
3730.000 0.730
3740.000 0.697
3750.000 0.671
3760.000 0.654
3770.000 0.638
3780.000 0.638
3790.000 0.626
3800.000 0.620
3810.000 0.617
3820.000 0.617
3830.000 0.613
3840.000 0.615
3850.000 0.620
3860.000 0.629
3870.000 0.643
3880.000 0.643
3890.000 0.661
3900.000 0.687
3910.000 0.713
3920.000 0.713
3930.000 0.749
3940.000 0.793
3950.000 0.851
3960.000 0.925
3970.000 1.031
3980.000 1.031
3990.000 1.164
4000.000 1.358
4010.000 1.619
4020.000 2.022
4030.000 2.022
4040.000 2.579
4050.000 3.474
4060.000 4.922
4070.000 7.305
4080.000 7.305
4090.000 11.551
4100.000 14.505
4110.000 8.904
4120.000 8.901
4130.000 4.955
4140.000 3.349
4150.000 2.444
4160.000 1.874
4170.000 1.499
4180.000 1.499
4190.000 1.234
4200.000 1.047
4210.000 0.908
4220.000 0.908
4230.000 0.800
4240.000 0.715
4250.000 0.648
4260.000 0.587
4270.000 0.538
4280.000 0.538
4290.000 0.494
4300.000 0.461
4310.000 0.434
4320.000 0.413
4330.000 0.413
4340.000 0.395
4350.000 0.385
4360.000 0.372
4370.000 0.364
4380.000 0.364
4390.000 0.356
4400.000 0.349
4410.000 0.345
4420.000 0.345
4430.000 0.342
4440.000 0.341
4450.000 0.342
4460.000 0.343
4470.000 0.348
4480.000 0.348
4490.000 0.354
4500.000 0.367
4510.000 0.380
4520.000 0.380
4530.000 0.401
4540.000 0.430
4550.000 0.473
4560.000 0.530
4570.000 0.616
4580.000 0.616
4590.000 0.748
4600.000 0.964
4610.000 1.374
4620.000 2.175
4630.000 2.175
4640.000 3.652
4650.000 5.824
4660.000 9.007
4670.000 12.027
4680.000 12.025
4690.000 8.845
4700.000 5.005
4710.000 3.426
4720.000 3.425
4730.000 2.597
4740.000 2.046
4750.000 1.664
4760.000 1.664
4770.000 1.396
4780.000 1.211
4790.000 1.081
4800.000 0.991
4810.000 0.926
4820.000 0.926
4830.000 0.885
4840.000 0.857
4850.000 0.840
4860.000 0.832
4870.000 0.832
4880.000 0.832
4890.000 0.838
4900.000 0.847
4910.000 0.866
4920.000 0.866
4930.000 0.888
4940.000 0.930
4950.000 0.987
4960.000 1.063
4970.000 1.063
4980.000 1.150
4990.000 1.239
5000.000 1.326
5010.000 1.407
5020.000 1.407
5030.000 1.504
5040.000 1.616
5050.000 1.736
5060.000 1.736
5070.000 1.854
5080.000 2.031
5090.000 2.241
5100.000 2.499
5110.000 2.817
5120.000 3.222
5130.000 3.222
5140.000 3.716
5150.000 4.326
5160.000 4.326
5170.000 5.116
5180.000 6.144
5190.000 7.538
5200.000 9.472
5210.000 12.365
5220.000 12.365
5230.000 17.009
5240.000 23.752
5250.000 29.340
5260.000 24.754
5270.000 24.754
5280.000 13.140
5290.000 8.812
5300.000 6.328
5310.000 4.772
5320.000 4.771
5330.000 3.735
5340.000 3.015
5350.000 2.497
5360.000 2.123
5370.000 2.123
5380.000 1.839
5390.000 1.616
5400.000 1.443
5410.000 1.307
5420.000 1.307
5430.000 1.193
5440.000 1.105
5450.000 1.028
5460.000 1.028
5470.000 0.973
5480.000 0.922
5490.000 0.887
5500.000 0.854
5510.000 0.833
5520.000 0.833
5530.000 0.815
5540.000 0.803
5550.000 0.800
5560.000 0.797
5570.000 0.797
5580.000 0.802
5590.000 0.810
5600.000 0.825
5610.000 0.842
5620.000 0.842
5630.000 0.864
5640.000 0.896
5650.000 0.933
5660.000 0.933
5670.000 0.976
5680.000 1.031
5690.000 1.100
5700.000 1.176
5710.000 1.293
5720.000 1.293
5730.000 1.457
5740.000 1.694
5750.000 2.064
5760.000 2.064
5770.000 2.711
5780.000 3.952
5790.000 6.371
5800.000 10.223
5810.000 15.031
5820.000 15.031
5830.000 19.688
5840.000 18.584
5850.000 10.151
5860.000 10.151
5870.000 6.834
5880.000 4.964
5890.000 3.800
5900.000 2.948
5910.000 2.429
5920.000 2.429
5930.000 2.054
5940.000 1.779
5950.000 1.559
5960.000 1.400
5970.000 1.400
5980.000 1.266
5990.000 1.164
6000.000 1.069
6010.000 0.999
6020.000 0.999
6030.000 0.957
6040.000 0.912
6050.000 0.878
6060.000 0.878
6070.000 0.840
6080.000 0.815
6090.000 0.808
6100.000 0.789
6110.000 0.782
6120.000 0.782
6130.000 0.774
6140.000 0.771
6150.000 0.772
6160.000 0.772
6170.000 0.777
6180.000 0.782
6190.000 0.797
6200.000 0.813
6210.000 0.834
6220.000 0.834
6230.000 0.858
6240.000 0.892
6250.000 0.938
6260.000 0.938
6270.000 0.988
6280.000 1.059
6290.000 1.151
6300.000 1.289
6310.000 1.486
6320.000 1.486
6330.000 1.794
6340.000 2.337
6350.000 3.426
6360.000 3.425
6370.000 5.631
6380.000 9.291
6390.000 13.896
6400.000 18.330
6410.000 18.118
6420.000 18.118
6430.000 10.416
6440.000 7.022
6450.000 5.169
6460.000 5.169
6470.000 4.018
6480.000 3.248
6490.000 2.710
6500.000 2.313
6510.000 2.033
6520.000 2.033
6530.000 1.807
6540.000 1.635
6550.000 1.493
6560.000 1.383
6570.000 1.383
6580.000 1.294
6590.000 1.222
6600.000 1.160
6610.000 1.117
6620.000 1.117
6630.000 1.082
6640.000 1.052
6650.000 1.029
6660.000 1.015
6670.000 1.015
6680.000 0.998
6690.000 0.987
6700.000 0.985
6710.000 0.984
6720.000 0.984
6730.000 0.986
6740.000 0.989
6750.000 1.000
6760.000 1.000
6770.000 1.015
6780.000 1.028
6790.000 1.057
6800.000 1.082
6810.000 1.120
6820.000 1.120
6830.000 1.173
6840.000 1.241
6850.000 1.332
6860.000 1.455
6870.000 1.454
6880.000 1.629
6890.000 1.871
6900.000 2.265
6910.000 2.913
6920.000 2.912
6930.000 4.066
6940.000 6.078
6950.000 9.087
6960.000 12.870
6970.000 12.870
6980.000 16.594
6990.000 16.406
7000.000 9.688
7010.000 6.139
7020.000 6.139
7030.000 4.277
7040.000 3.193
7050.000 2.464
7060.000 2.464
7070.000 1.987
7080.000 1.637
7090.000 1.376
7100.000 1.199
7110.000 1.199
7120.000 1.053
7130.000 0.944
7140.000 0.859
7150.000 0.789
7160.000 0.730
7170.000 0.730
7180.000 0.683
7190.000 0.645
7200.000 0.645
7210.000 0.613
7220.000 0.586
7230.000 0.563
7240.000 0.545
7250.000 0.528
7260.000 0.528
7270.000 0.517
7280.000 0.506
7290.000 0.500
7300.000 0.499
7310.000 0.496
7320.000 0.491
7330.000 0.493
7340.000 0.494
7350.000 0.498
7360.000 0.504
7370.000 0.504
7380.000 0.517
7390.000 0.527
7400.000 0.527
7410.000 0.547
7420.000 0.575
7430.000 0.609
7440.000 0.662
7450.000 0.742
7460.000 0.742
7470.000 0.844
7480.000 1.013
7490.000 1.282
7500.000 1.735
7510.000 1.735
7520.000 2.588
7530.000 4.405
7540.000 7.785
7550.000 11.562
7560.000 11.559
7570.000 13.066
7580.000 9.154
7590.000 5.926
7600.000 5.926
7610.000 4.365
7620.000 3.411
7630.000 2.776
7640.000 2.322
7650.000 1.993
7660.000 1.993
7670.000 1.754
7680.000 1.570
7690.000 1.427
7700.000 1.427
7710.000 1.306
7720.000 1.212
7730.000 1.138
7740.000 1.070
7750.000 1.019
7760.000 1.019
7770.000 0.976
7780.000 0.948
7790.000 0.924
7800.000 0.902
7810.000 0.902
7820.000 0.891
7830.000 0.880
7840.000 0.874
7850.000 0.867
7860.000 0.867
7870.000 0.864
7880.000 0.864
7890.000 0.865
7900.000 0.865
7910.000 0.872
7920.000 0.879
7930.000 0.892
7940.000 0.905
7950.000 0.929
7960.000 0.945
7970.000 0.945
7980.000 0.981
7990.000 1.019
8000.000 1.019
8010.000 1.065
8020.000 1.131
8030.000 1.238
8040.000 1.342
8050.000 1.481
8060.000 1.481
8070.000 1.718
8080.000 2.169
8090.000 2.949
8100.000 4.329
8110.000 4.329
8120.000 6.480
8130.000 9.395
8140.000 11.687
8150.000 9.700
8160.000 9.700
8170.000 5.257
8180.000 3.408
8190.000 2.379
8200.000 1.760
8210.000 1.760
8220.000 1.357
8230.000 1.095
8240.000 0.901
8250.000 0.757
8260.000 0.658
8270.000 0.658
8280.000 0.570
8290.000 0.511
8300.000 0.511
8310.000 0.465
8320.000 0.428
8330.000 0.399
8340.000 0.374
8350.000 0.374
8360.000 0.360
8370.000 0.348
8380.000 0.330
8390.000 0.319
8400.000 0.319
8410.000 0.307
8420.000 0.302
8430.000 0.293
8440.000 0.283
8450.000 0.283
8460.000 0.277
8470.000 0.269
8480.000 0.265
8490.000 0.261
8500.000 0.262
8510.000 0.262
8520.000 0.261
8530.000 0.263
8540.000 0.262
8550.000 0.262
8560.000 0.266
8570.000 0.278
8580.000 0.295
8590.000 0.329
8600.000 0.329
8610.000 0.378
8620.000 0.453
8630.000 0.570
8640.000 0.759
8650.000 0.759
8660.000 1.082
8670.000 1.662
8680.000 2.728
8690.000 4.697
8700.000 4.697
8710.000 7.121
8720.000 6.766
8730.000 4.321
8740.000 3.213
8750.000 3.213
8760.000 3.037
8770.000 3.219
8780.000 2.770
8790.000 2.303
8800.000 2.303
8810.000 1.975
8820.000 1.741
8830.000 1.559
8840.000 1.414
8850.000 1.414
8860.000 1.272
8870.000 1.190
8880.000 1.121
8890.000 1.059
8900.000 1.009
8910.000 1.009
8920.000 0.962
8930.000 0.924
8940.000 0.893
8950.000 0.893
8960.000 0.866
8970.000 0.848
8980.000 0.840
8990.000 0.829
9000.000 0.829
9010.000 0.809
9020.000 0.793
9030.000 0.802
9040.000 0.803
9050.000 0.803
9060.000 0.805
9070.000 0.797
9080.000 0.810
9090.000 0.817
9100.000 0.817
9110.000 0.828
9120.000 0.840
9130.000 0.855
9140.000 0.874
9150.000 0.874
9160.000 0.903
9170.000 0.937
9180.000 0.983
9190.000 1.041
9200.000 1.041
9210.000 1.128
9220.000 1.247
9230.000 1.440
9240.000 1.745
9250.000 1.745
9260.000 2.911
9270.000 4.108
9280.000 5.621
9290.000 6.858
9300.000 6.858
9310.000 6.061
9320.000 3.302
9330.000 1.930
9340.000 1.238
9350.000 1.238
9360.000 0.838
9370.000 0.595
9380.000 0.436
9390.000 0.333
9400.000 0.268
9410.000 0.268
9420.000 0.222
9430.000 0.193
9440.000 0.178
9450.000 0.178
9460.000 0.170
9470.000 0.166
9480.000 0.167
9490.000 0.162
9500.000 0.162
9510.000 0.162
9520.000 0.160
9530.000 0.160
9540.000 0.160
9550.000 0.159
9560.000 0.163
9570.000 0.163
9580.000 0.156
9590.000 0.149
9600.000 0.149
9610.000 0.144
9620.000 0.139
9630.000 0.132
9640.000 0.125
9650.000 0.125
9660.000 0.122
9670.000 0.112
9680.000 0.103
9690.000 0.091
9700.000 0.082
9710.000 0.082
9720.000 0.067
9730.000 0.049
9740.000 0.049
9750.000 0.033
9760.000 0.026
9770.000 0.048
9780.000 0.087
9790.000 0.145
9800.000 0.145
9810.000 0.234
9820.000 0.380
9830.000 0.688
9840.000 1.263
9850.000 1.262
9860.000 2.054
9870.000 2.639
9880.000 2.241
9890.000 1.666
9900.000 1.666
9910.000 1.667
9920.000 1.720
9930.000 1.480
9940.000 1.292
9950.000 1.292
9960.000 1.151
9970.000 1.046
9980.000 0.968
9990.000 0.906
10000.000 0.906
10010.000 0.847
10020.000 0.805
10030.000 0.779
10040.000 0.779
10050.000 0.751
10060.000 0.718
10070.000 0.705
10080.000 0.680
10090.000 0.653
10100.000 0.632
10110.000 0.632
10120.000 0.614
10130.000 0.597
10140.000 0.597
10150.000 0.581
10160.000 0.566
10170.000 0.554
10180.000 0.545
10190.000 0.538
10200.000 0.538
10210.000 0.534
10220.000 0.536
10230.000 0.539
10240.000 0.541
10250.000 0.541
10260.000 0.541
10270.000 0.542
10280.000 0.555
10290.000 0.567
10300.000 0.567
10310.000 0.576
10320.000 0.594
10330.000 0.614
10340.000 0.614
10350.000 0.643
10360.000 0.680
10370.000 0.728
10380.000 0.805
10390.000 0.918
10400.000 1.097
10410.000 1.097
10420.000 1.382
10430.000 1.783
10440.000 1.783
10450.000 2.089
10460.000 1.745
10470.000 0.970
10480.000 0.622
10490.000 0.417
10500.000 0.417
10510.000 0.280
10520.000 0.195
10530.000 0.139
10540.000 0.139
10550.000 0.108
10560.000 0.099
10570.000 0.103
10580.000 0.110
10590.000 0.120
10600.000 0.127
10610.000 0.127
10620.000 0.134
10630.000 0.143
10640.000 0.150
10650.000 0.150
10660.000 0.154
10670.000 0.156
10680.000 0.161
10690.000 0.161
10700.000 0.163
10710.000 0.168
10720.000 0.163
10730.000 0.165
10740.000 0.165
10750.000 0.165
10760.000 0.164
10770.000 0.160
10780.000 0.161
10790.000 0.161
10800.000 0.159
10810.000 0.154
10820.000 0.151
10830.000 0.147
10840.000 0.143
10850.000 0.143
10860.000 0.133
10870.000 0.127
10880.000 0.121
10890.000 0.121
10900.000 0.108
10910.000 0.096
10920.000 0.086
10930.000 0.076
10940.000 0.076
10950.000 0.079
10960.000 0.103
10970.000 0.161
10980.000 0.276
10990.000 0.276
11000.000 0.553
11010.000 1.120
11020.000 1.739
11030.000 2.139
11040.000 2.139
11050.000 1.906
11060.000 1.507
11070.000 1.271
11080.000 1.112
11090.000 1.112
11100.000 1.003
11110.000 0.923
11120.000 0.850
11130.000 0.798
11140.000 0.755
11150.000 0.755
11160.000 0.720
11170.000 0.689
11180.000 0.667
11190.000 0.667
11200.000 0.648
11210.000 0.633
11220.000 0.616
11230.000 0.606
11240.000 0.598
11250.000 0.598
11260.000 0.592
11270.000 0.585
11280.000 0.582
11290.000 0.582
11300.000 0.581
11310.000 0.582
11320.000 0.579
11330.000 0.582
11340.000 0.582
11350.000 0.577
11360.000 0.571
11370.000 0.561
11380.000 0.558
11390.000 0.558
11400.000 0.551
11410.000 0.546
11420.000 0.543
11430.000 0.540
11440.000 0.542
11450.000 0.542
11460.000 0.543
11470.000 0.555
11480.000 0.560
11490.000 0.560
11500.000 0.572
11510.000 0.593
11520.000 0.621
11530.000 0.664
11540.000 0.664
11550.000 0.733
11560.000 0.835
11570.000 0.989
11580.000 1.193
11590.000 1.193
11600.000 1.367
11610.000 1.238
11620.000 0.741
11630.000 0.343
11640.000 0.158
11650.000 0.158
11660.000 0.073
11670.000 0.078
11680.000 0.110
11690.000 0.110
11700.000 0.132
11710.000 0.152
11720.000 0.166
11730.000 0.175
11740.000 0.184
11750.000 0.184
11760.000 0.191
11770.000 0.194
11780.000 0.200
11790.000 0.200
11800.000 0.204
11810.000 0.212
11820.000 0.216
11830.000 0.218
11840.000 0.218
11850.000 0.226
11860.000 0.231
11870.000 0.234
11880.000 0.238
11890.000 0.238
11900.000 0.240
11910.000 0.244
11920.000 0.242
11930.000 0.243
11940.000 0.243
11950.000 0.238
11960.000 0.234
11970.000 0.228
11980.000 0.228
11990.000 0.222
12000.000 0.218
