105.000 0.040
110.000 0.289
115.000 17.247
120.000 19.179
125.000 22.092
130.000 24.219
135.000 24.863
140.000 26.549
145.000 26.894
150.000 28.368
155.000 29.439
160.000 29.617
165.000 29.780
170.000 29.552
175.000 29.153
180.000 28.763
185.000 28.824
190.000 28.641
195.000 28.693
200.000 28.890
205.000 28.885
210.000 29.065
215.000 29.305
220.000 29.408
225.000 29.531
230.000 29.413
235.000 29.441
240.000 29.160
245.000 29.074
250.000 29.130
255.000 29.271
260.000 29.371
265.000 29.597
270.000 29.796
275.000 30.218
280.000 30.631
285.000 30.855
290.000 31.286
295.000 31.556
300.000 32.113
305.000 32.663
310.000 32.995
315.000 33.671
320.000 33.920
325.000 34.555
330.000 35.208
335.000 35.565
340.000 36.278
345.000 36.655
350.000 37.451
355.000 37.850
360.000 38.792
365.000 39.786
370.000 40.348
375.000 41.557
380.000 42.200
385.000 43.617
390.000 45.097
395.000 45.836
400.000 47.392
405.000 47.978
410.000 48.987
415.000 50.078
420.000 50.636
425.000 51.852
430.000 52.383
435.000 53.120
440.000 53.533
445.000 53.623
450.000 53.310
455.000 52.876
460.000 51.488
465.000 49.447
470.000 48.281
475.000 45.897
480.000 44.674
485.000 42.150
490.000 39.728
495.000 38.550
500.000 36.266
505.000 35.217
510.000 33.161
515.000 31.255
520.000 30.288
525.000 28.378
530.000 27.397
535.000 25.504
540.000 23.639
545.000 22.695
550.000 20.845
555.000 19.976
560.000 18.411
565.000 17.017
570.000 16.374
575.000 15.173
580.000 14.619
585.000 13.612
590.000 12.680
595.000 12.227
600.000 11.390
605.000 10.980
610.000 10.219
615.000 9.462
620.000 9.008
625.000 8.044
630.000 7.526
635.000 6.665
640.000 6.272
645.000 5.570
650.000 4.994
655.000 4.721
660.000 4.274
665.000 4.080
670.000 3.748
675.000 3.535
680.000 3.439
685.000 3.290
690.000 3.244
695.000 3.100
700.000 2.968
705.000 2.909
710.000 2.773
715.000 2.685
720.000 2.527
725.000 2.379
730.000 2.321
735.000 2.204
740.000 2.146
745.000 2.027
750.000 1.928
755.000 1.876
760.000 1.783
765.000 1.740
770.000 1.660
775.000 1.598
780.000 1.565
785.000 1.503
790.000 1.479
795.000 1.430
800.000 1.390
805.000 1.368
810.000 1.321
815.000 1.301
820.000 1.248
825.000 1.192
830.000 1.166
835.000 1.120
840.000 1.096
845.000 1.055
850.000 1.013
855.000 0.992
860.000 0.962
865.000 0.947
870.000 0.914
875.000 0.879
880.000 0.864
885.000 0.834
890.000 0.819
895.000 0.795
900.000 0.770
905.000 0.760
910.000 0.731
915.000 0.711
920.000 0.700
925.000 0.676
930.000 0.667
935.000 0.645
940.000 0.639
945.000 0.617
950.000 0.600
955.000 0.594
960.000 0.573
965.000 0.570
970.000 0.548
975.000 0.543
980.000 0.533
985.000 0.517
990.000 0.513
995.000 0.498
1000.000 0.493
1005.000 0.484
1010.000 0.474
1015.000 0.469
1020.000 0.466
1025.000 0.458
1030.000 0.451
1035.000 0.447
1040.000 0.443
1045.000 0.438
1050.000 0.441
1055.000 0.433
1060.000 0.430
1065.000 0.433
1070.000 0.428
1075.000 0.427
1080.000 0.426
1085.000 0.428
1090.000 0.427
1095.000 0.428
1100.000 0.430
1105.000 0.431
1110.000 0.434
1115.000 0.437
1120.000 0.439
1125.000 0.446
1130.000 0.446
1135.000 0.450
1140.000 0.456
1145.000 0.459
1150.000 0.465
1155.000 0.469
1160.000 0.475
1165.000 0.482
1170.000 0.488
1175.000 0.491
1180.000 0.496
1185.000 0.506
1190.000 0.509
1195.000 0.521
1200.000 0.529
1205.000 0.534
1210.000 0.544
1215.000 0.547
1220.000 0.561
1225.000 0.564
1230.000 0.576
1235.000 0.588
1240.000 0.593
1245.000 0.604
1250.000 0.613
1255.000 0.625
1260.000 0.643
1265.000 0.647
1270.000 0.664
1275.000 0.676
1280.000 0.695
1285.000 0.716
1290.000 0.725
1295.000 0.748
1300.000 0.757
1305.000 0.781
1310.000 0.808
1315.000 0.819
1320.000 0.842
1325.000 0.849
1330.000 0.866
1335.000 0.883
1340.000 0.888
1345.000 0.904
1350.000 0.915
1355.000 0.931
1360.000 0.956
1365.000 0.963
1370.000 0.983
1375.000 0.991
1380.000 1.011
1385.000 1.032
1390.000 1.044
1395.000 1.061
1400.000 1.075
1405.000 1.094
1410.000 1.117
1415.000 1.127
1420.000 1.149
1425.000 1.166
1430.000 1.187
1435.000 1.210
1440.000 1.221
1445.000 1.253
1450.000 1.267
1455.000 1.292
1460.000 1.320
1465.000 1.333
1470.000 1.361
1475.000 1.377
1480.000 1.407
1485.000 1.444
1490.000 1.462
1495.000 1.490
1500.000 1.506
1505.000 1.540
1510.000 1.572
1515.000 1.592
1520.000 1.628
1525.000 1.651
1530.000 1.687
1535.000 1.725
1540.000 1.742
1545.000 1.778
1550.000 1.795
1555.000 1.833
1560.000 1.866
1565.000 1.880
1570.000 1.915
1575.000 1.926
1580.000 1.954
1585.000 1.976
1590.000 1.983
1595.000 1.996
1600.000 2.002
1605.000 2.006
1610.000 2.015
1615.000 2.011
1620.000 2.002
1625.000 2.000
1630.000 1.986
1635.000 1.976
1640.000 1.975
1645.000 1.984
1650.000 1.998
1655.000 2.038
1660.000 2.110
1665.000 2.158
1670.000 2.289
1675.000 2.367
1680.000 2.576
1685.000 2.826
1690.000 2.963
1695.000 3.261
1700.000 3.385
1705.000 3.623
1710.000 3.851
1715.000 3.967
1720.000 4.162
1725.000 4.242
1730.000 4.414
1735.000 4.596
1740.000 4.682
1745.000 4.867
1750.000 4.956
1755.000 5.124
1760.000 5.294
1765.000 5.382
1770.000 5.547
1775.000 5.628
1780.000 5.803
1785.000 5.965
1790.000 6.043
1795.000 6.195
1800.000 6.271
1805.000 6.418
1810.000 6.562
1815.000 6.642
1820.000 6.832
1825.000 6.910
1830.000 7.074
1835.000 7.158
1840.000 7.324
1845.000 7.492
1850.000 7.553
1855.000 7.740
1860.000 7.841
1865.000 7.991
1870.000 8.149
1875.000 8.236
1880.000 8.406
1885.000 8.494
1890.000 8.660
1895.000 8.840
1900.000 8.941
1905.000 9.132
1910.000 9.222
1915.000 9.410
1920.000 9.585
1925.000 9.678
1930.000 9.853
1935.000 9.944
1940.000 10.114
1945.000 10.306
1950.000 10.389
1955.000 10.562
1960.000 10.639
1965.000 10.795
1970.000 10.957
1975.000 11.025
1980.000 11.172
1985.000 10.963
1990.000 11.085
1995.000 11.233
2000.000 11.281
2005.000 11.412
2010.000 11.486
2015.000 11.601
2020.000 11.718
2025.000 11.787
2030.000 11.895
2035.000 11.936
2040.000 12.036
2045.000 12.151
2050.000 12.215
2055.000 12.327
2060.000 12.384
2065.000 12.489
2070.000 12.617
2075.000 12.671
2080.000 12.783
2085.000 12.842
2090.000 12.964
2095.000 13.090
2100.000 13.151
2105.000 13.279
2110.000 13.356
2115.000 13.528
2120.000 13.671
2125.000 13.741
2130.000 13.873
2135.000 13.943
2140.000 14.083
2145.000 14.247
2150.000 14.335
2155.000 14.525
2160.000 14.617
2165.000 14.800
2170.000 14.992
2175.000 15.095
2180.000 15.302
2185.000 15.418
2190.000 15.651
2195.000 15.931
2200.000 16.065
2205.000 16.357
2210.000 16.502
2215.000 16.775
2220.000 17.112
2225.000 17.272
2230.000 17.574
2235.000 17.748
2240.000 18.109
2245.000 18.479
2250.000 18.677
2255.000 19.110
2260.000 19.338
2265.000 19.786
2270.000 20.266
2275.000 20.510
2280.000 21.090
2285.000 21.360
2290.000 21.926
2295.000 22.534
2300.000 22.851
2305.000 23.482
2310.000 23.819
2315.000 24.498
2320.000 25.235
2325.000 25.581
2330.000 26.218
2335.000 26.511
2340.000 27.074
2345.000 27.525
2350.000 27.687
2355.000 27.889
2360.000 27.957
2365.000 27.946
2370.000 27.668
2375.000 27.432
2380.000 26.819
2385.000 26.439
2390.000 25.573
2395.000 24.621
2400.000 24.127
2405.000 23.098
2410.000 22.550
2415.000 21.374
2420.000 20.842
2425.000 19.724
2430.000 18.738
2435.000 18.270
2440.000 17.363
2445.000 16.962
2450.000 16.154
2455.000 15.410
2460.000 15.035
2465.000 14.347
2470.000 14.002
2475.000 13.336
2480.000 12.716
2485.000 12.450
2490.000 11.932
2495.000 11.674
2500.000 11.179
2505.000 10.712
2510.000 10.495
2515.000 10.075
2520.000 9.868
2525.000 9.486
2530.000 9.137
2535.000 8.972
2540.000 8.637
2545.000 8.477
2550.000 8.175
2555.000 7.888
2560.000 7.754
2565.000 7.489
2570.000 7.371
2575.000 7.129
2580.000 6.894
2585.000 6.779
2590.000 6.557
2595.000 6.443
2600.000 6.226
2605.000 6.010
2610.000 5.929
2615.000 5.727
2620.000 5.623
2625.000 5.440
2630.000 5.264
2635.000 5.187
2640.000 4.978
2645.000 4.864
2650.000 4.649
2655.000 4.448
2660.000 4.356
2665.000 4.174
2670.000 4.092
2675.000 3.937
2680.000 3.790
2685.000 3.721
2690.000 3.591
2695.000 3.543
2700.000 3.438
2705.000 3.327
2710.000 3.268
2715.000 3.167
2720.000 3.119
2725.000 3.028
2730.000 2.940
2735.000 2.908
2740.000 2.848
2745.000 2.808
2750.000 2.736
2755.000 2.660
2760.000 2.633
2765.000 2.570
2770.000 2.539
2775.000 2.480
2780.000 2.422
2785.000 2.393
2790.000 2.340
2795.000 2.314
2800.000 2.261
2805.000 2.216
2810.000 2.192
2815.000 2.143
2820.000 2.120
2825.000 2.080
2830.000 2.037
2835.000 2.022
2840.000 1.977
2845.000 1.960
2850.000 1.923
2855.000 1.891
2860.000 1.874
2865.000 1.845
2870.000 1.824
2875.000 1.792
2880.000 1.760
2885.000 1.748
2890.000 1.717
2895.000 1.703
2900.000 1.677
2905.000 1.652
2910.000 1.640
2915.000 1.613
2920.000 1.600
2925.000 1.574
2930.000 1.551
2935.000 1.538
2940.000 1.515
2945.000 1.507
2950.000 1.490
2955.000 1.467
2960.000 1.459
2965.000 1.437
2970.000 1.421
2975.000 1.395
2980.000 1.374
2985.000 1.364
2990.000 1.355
2995.000 1.343
3000.000 1.332
3005.000 1.302
3010.000 1.295
3015.000 1.277
3020.000 1.279
3025.000 1.259
3030.000 1.259
3035.000 1.230
3040.000 1.227
3045.000 1.218
3050.000 1.198
3055.000 1.199
3060.000 1.182
3065.000 1.167
3070.000 1.163
3075.000 1.150
3080.000 1.144
3085.000 1.127
3090.000 1.117
3095.000 1.110
3100.000 1.097
3105.000 1.091
3110.000 1.081
3115.000 1.075
3120.000 1.070
3125.000 1.057
3130.000 1.051
3135.000 1.043
3140.000 1.032
3145.000 1.029
3150.000 1.020
3155.000 1.014
3160.000 1.007
3165.000 0.999
3170.000 0.992
3175.000 0.979
3180.000 0.975
3185.000 0.969
3190.000 0.958
3195.000 0.951
3200.000 0.945
3205.000 0.943
3210.000 0.933
3215.000 0.927
3220.000 0.923
3225.000 0.914
3230.000 0.911
3235.000 0.902
3240.000 0.894
3245.000 0.892
3250.000 0.887
3255.000 0.883
3260.000 0.875
3265.000 0.869
3270.000 0.866
3275.000 0.861
3280.000 0.858
3285.000 0.853
3290.000 0.846
3295.000 0.845
3300.000 0.836
3305.000 0.836
3310.000 0.830
3315.000 0.825
3320.000 0.823
3325.000 0.820
3330.000 0.818
3335.000 0.813
3340.000 0.807
3345.000 0.804
3350.000 0.803
3355.000 0.799
3360.000 0.795
3365.000 0.792
3370.000 0.786
3375.000 0.785
3380.000 0.782
3385.000 0.780
3390.000 0.776
3395.000 0.774
3400.000 0.774
3405.000 0.771
3410.000 0.774
3415.000 0.771
3420.000 0.765
3425.000 0.758
3430.000 0.758
3435.000 0.753
3440.000 0.750
3445.000 0.750
3450.000 0.748
3455.000 0.745
3460.000 0.741
3465.000 0.739
3470.000 0.740
3475.000 0.734
3480.000 0.737
3485.000 0.735
3490.000 0.731
3495.000 0.730
3500.000 0.729
3505.000 0.728
3510.000 0.724
3515.000 0.725
3520.000 0.721
3525.000 0.724
3530.000 0.722
3535.000 0.721
3540.000 0.720
3545.000 0.717
3550.000 0.719
3555.000 0.716
3560.000 0.713
3565.000 0.713
3570.000 0.714
3575.000 0.710
3580.000 0.709
3585.000 0.709
3590.000 0.709
3595.000 0.706
3600.000 0.707
3605.000 0.702
3610.000 0.703
3615.000 0.706
3620.000 0.704
3625.000 0.703
3630.000 0.703
3635.000 0.701
3640.000 0.707
3645.000 0.705
3650.000 0.703
3655.000 0.703
3660.000 0.701
3665.000 0.703
3670.000 0.702
3675.000 0.704
3680.000 0.707
3685.000 0.707
3690.000 0.714
3695.000 0.707
3700.000 0.706
3705.000 0.706
3710.000 0.702
3715.000 0.701
3720.000 0.708
3725.000 0.707
3730.000 0.704
3735.000 0.704
3740.000 0.704
3745.000 0.705
3750.000 0.706
3755.000 0.707
3760.000 0.706
3765.000 0.706
3770.000 0.707
3775.000 0.707
3780.000 0.708
3785.000 0.711
3790.000 0.710
3795.000 0.710
3800.000 0.712
3805.000 0.710
3810.000 0.713
3815.000 0.713
3820.000 0.715
3825.000 0.717
3830.000 0.718
3835.000 0.717
3840.000 0.716
3845.000 0.719
3850.000 0.720
3855.000 0.720
3860.000 0.723
3865.000 0.724
3870.000 0.724
3875.000 0.725
3880.000 0.727
3885.000 0.723
3890.000 0.726
3895.000 0.727
3900.000 0.729
3905.000 0.731
3910.000 0.730
3915.000 0.730
3920.000 0.733
3925.000 0.734
3930.000 0.738
3935.000 0.742
3940.000 0.741
3945.000 0.742
3950.000 0.738
3955.000 0.742
3960.000 0.743
3965.000 0.752
3970.000 0.750
3975.000 0.757
3980.000 0.759
3985.000 0.752
3990.000 0.754
3995.000 0.752
4000.000 0.766
4005.000 0.763
4010.000 0.761
4015.000 0.769
4020.000 0.787
4025.000 0.784
4030.000 0.786
4035.000 0.789
4040.000 0.783
4045.000 0.786
4050.000 0.790
4055.000 0.786
4060.000 0.788
4065.000 0.797
4070.000 0.797
4075.000 0.793
4080.000 0.803
4085.000 0.808
4090.000 0.811
4095.000 0.816
4100.000 0.814
4105.000 0.823
4110.000 0.826
4115.000 0.830
4120.000 0.834
4125.000 0.840
4130.000 0.843
4135.000 0.849
4140.000 0.850
4145.000 0.862
4150.000 0.864
4155.000 0.870
4160.000 0.874
4165.000 0.880
4170.000 0.885
4175.000 0.893
4180.000 0.898
4185.000 0.909
4190.000 0.913
4195.000 0.922
4200.000 0.923
4205.000 0.931
4210.000 0.946
4215.000 0.948
4220.000 0.958
4225.000 0.959
4230.000 0.962
4235.000 0.969
4240.000 0.968
4245.000 0.969
4250.000 0.971
4255.000 0.971
4260.000 0.974
4265.000 0.974
4270.000 0.974
4275.000 0.978
4280.000 0.982
4285.000 0.986
4290.000 0.994
4295.000 1.003
4300.000 1.009
4305.000 1.021
4310.000 1.039
4315.000 1.046
4320.000 1.062
4325.000 1.070
4330.000 1.089
4335.000 1.111
4340.000 1.120
4345.000 1.143
4350.000 1.156
4355.000 1.183
4360.000 1.204
4365.000 1.220
4370.000 1.245
4375.000 1.262
4380.000 1.293
4385.000 1.327
4390.000 1.346
4395.000 1.383
4400.000 1.405
4405.000 1.452
4410.000 1.499
4415.000 1.527
4420.000 1.601
4425.000 1.640
4430.000 1.699
4435.000 1.745
4440.000 1.772
4445.000 1.832
4450.000 1.868
4455.000 1.949
4460.000 2.047
4465.000 2.098
4470.000 2.216
4475.000 2.274
4480.000 2.416
4485.000 2.558
4490.000 2.628
4495.000 2.783
4500.000 2.863
4505.000 3.040
4510.000 3.133
4515.000 3.347
4520.000 3.600
4525.000 3.745
4530.000 4.085
4535.000 4.278
4540.000 4.728
4545.000 5.305
4550.000 5.654
4555.000 6.488
4560.000 6.999
4565.000 8.255
4570.000 9.923
4575.000 10.930
4580.000 13.423
4585.000 14.906
4590.000 18.329
4595.000 22.216
4600.000 24.205
4605.000 27.735
4610.000 29.048
4615.000 29.946
4620.000 27.738
4625.000 25.400
4630.000 20.481
4635.000 18.131
4640.000 14.344
4645.000 11.582
4650.000 10.517
4655.000 8.851
4660.000 8.191
4665.000 7.135
4670.000 6.365
4675.000 6.096
4680.000 5.650
4685.000 5.445
4690.000 5.066
4695.000 4.719
4700.000 4.553
4705.000 4.246
4710.000 4.101
4715.000 3.825
4720.000 3.574
4725.000 3.449
4730.000 3.229
4735.000 3.118
4740.000 2.898
4745.000 2.646
4750.000 2.521
4755.000 2.297
4760.000 2.200
4765.000 2.025
4770.000 1.883
4775.000 1.822
4780.000 1.709
4785.000 1.660
4790.000 1.578
4795.000 1.516
4800.000 1.491
4805.000 1.452
4810.000 1.437
4815.000 1.416
4820.000 1.400
4825.000 1.396
4830.000 1.389
4835.000 1.391
4840.000 1.394
4845.000 1.405
4850.000 1.412
4855.000 1.426
4860.000 1.431
4865.000 1.453
4870.000 1.475
4875.000 1.488
4880.000 1.514
4885.000 1.530
4890.000 1.561
4895.000 1.596
4900.000 1.612
4905.000 1.654
4910.000 1.686
4915.000 1.728
4920.000 1.768
4925.000 1.787
4930.000 1.834
4935.000 1.859
4940.000 1.916
4945.000 1.977
4950.000 2.004
4955.000 2.073
4960.000 2.099
4965.000 2.165
4970.000 2.218
4975.000 2.228
4980.000 2.264
4985.000 2.293
4990.000 2.327
4995.000 2.368
5000.000 2.390
5005.000 2.416
5010.000 2.438
5015.000 2.477
5020.000 2.535
5025.000 2.532
5030.000 2.566
5035.000 2.586
5040.000 2.620
5045.000 2.657
5050.000 2.668
5055.000 2.696
5060.000 2.709
5065.000 2.735
5070.000 2.761
5075.000 2.775
5080.000 2.790
5085.000 2.806
5090.000 2.826
5095.000 2.831
5100.000 2.835
5105.000 2.850
5110.000 2.854
5115.000 2.858
5120.000 2.855
5125.000 2.853
5130.000 2.839
5135.000 2.829
5140.000 2.817
5145.000 2.806
5150.000 2.790
5155.000 2.766
5160.000 2.750
5165.000 2.717
5170.000 2.707
5175.000 2.672
5180.000 2.638
5185.000 2.618
5190.000 2.583
5195.000 2.565
5200.000 2.531
5205.000 2.490
5210.000 2.483
5215.000 2.439
5220.000 2.417
5225.000 2.375
5230.000 2.337
5235.000 2.317
5240.000 2.287
5245.000 2.266
5250.000 2.229
5255.000 2.190
5260.000 2.166
5265.000 2.132
5270.000 2.115
5275.000 2.075
5280.000 2.042
5285.000 2.028
5290.000 1.995
5295.000 1.976
5300.000 1.946
5305.000 1.913
5310.000 1.899
5315.000 1.872
5320.000 1.854
5325.000 1.831
5330.000 1.801
5335.000 1.786
5340.000 1.763
5345.000 1.752
5350.000 1.721
5355.000 1.697
5360.000 1.687
5365.000 1.664
5370.000 1.654
5375.000 1.631
5380.000 1.606
5385.000 1.592
5390.000 1.570
5395.000 1.561
5400.000 1.542
5405.000 1.520
5410.000 1.511
5415.000 1.492
5420.000 1.481
5425.000 1.463
5430.000 1.447
5435.000 1.440
5440.000 1.422
5445.000 1.416
5450.000 1.402
5455.000 1.384
5460.000 1.378
5465.000 1.361
5470.000 1.354
5475.000 1.341
5480.000 1.328
5485.000 1.322
5490.000 1.306
5495.000 1.299
5500.000 1.293
5505.000 1.279
5510.000 1.278
5515.000 1.272
5520.000 1.261
5525.000 1.265
5530.000 1.245
5535.000 1.233
5540.000 1.211
5545.000 1.207
5550.000 1.191
5555.000 1.178
5560.000 1.169
5565.000 1.162
5570.000 1.154
5575.000 1.146
5580.000 1.132
5585.000 1.124
5590.000 1.116
5595.000 1.111
5600.000 1.102
5605.000 1.093
5610.000 1.088
5615.000 1.080
5620.000 1.074
5625.000 1.064
5630.000 1.056
5635.000 1.054
5640.000 1.046
5645.000 1.041
5650.000 1.034
5655.000 1.033
5660.000 1.022
5665.000 1.018
5670.000 1.013
5675.000 1.007
5680.000 1.002
5685.000 0.995
5690.000 0.993
5695.000 0.989
5700.000 0.984
5705.000 0.981
5710.000 0.975
5715.000 0.971
5720.000 0.970
5725.000 0.966
5730.000 0.963
5735.000 0.959
5740.000 0.952
5745.000 0.951
5750.000 0.948
5755.000 0.945
5760.000 0.944
5765.000 0.942
5770.000 0.943
5775.000 0.941
5780.000 0.941
5785.000 0.939
5790.000 0.935
5795.000 0.933
5800.000 0.928
5805.000 0.929
5810.000 0.930
5815.000 0.931
5820.000 0.928
5825.000 0.923
5830.000 0.922
5835.000 0.920
5840.000 0.917
5845.000 0.915
5850.000 0.914
5855.000 0.912
5860.000 0.912
5865.000 0.910
5870.000 0.909
5875.000 0.908
5880.000 0.909
5885.000 0.905
5890.000 0.908
5895.000 0.907
5900.000 0.899
5905.000 0.903
5910.000 0.895
5915.000 0.894
5920.000 0.895
5925.000 0.895
5930.000 0.891
5935.000 0.890
5940.000 0.890
5945.000 0.890
5950.000 0.894
5955.000 0.893
5960.000 0.894
5965.000 0.894
5970.000 0.880
5975.000 0.883
5980.000 0.889
5985.000 0.878
5990.000 0.891
5995.000 0.877
6000.000 0.881
6005.000 0.874
6010.000 0.878
6015.000 0.874
6020.000 0.885
6025.000 0.882
6030.000 0.894
6035.000 0.878
6040.000 0.882
6045.000 0.879
6050.000 0.878
6055.000 0.885
6060.000 0.882
6065.000 0.877
6070.000 0.879
6075.000 0.881
6080.000 0.880
6085.000 0.876
6090.000 0.876
6095.000 0.878
6100.000 0.879
6105.000 0.879
6110.000 0.878
6115.000 0.879
6120.000 0.879
6125.000 0.880
6130.000 0.879
6135.000 0.882
6140.000 0.884
6145.000 0.885
6150.000 0.883
6155.000 0.889
6160.000 0.892
6165.000 0.890
6170.000 0.894
6175.000 0.894
6180.000 0.897
6185.000 0.897
6190.000 0.902
6195.000 0.900
6200.000 0.903
6205.000 0.909
6210.000 0.911
6215.000 0.914
6220.000 0.918
6225.000 0.923
6230.000 0.925
6235.000 0.931
6240.000 0.933
6245.000 0.935
6250.000 0.943
6255.000 0.943
6260.000 0.943
6265.000 0.950
6270.000 0.954
6275.000 0.961
6280.000 0.961
6285.000 0.972
6290.000 0.972
6295.000 0.977
6300.000 0.993
6305.000 0.998
6310.000 1.035
6315.000 1.009
6320.000 1.035
6325.000 1.029
6330.000 1.018
6335.000 1.017
6340.000 1.016
6345.000 1.021
6350.000 1.027
6355.000 1.031
6360.000 1.036
6365.000 1.037
6370.000 1.045
6375.000 1.053
6380.000 1.056
6385.000 1.069
6390.000 1.069
6395.000 1.079
6400.000 1.090
6405.000 1.092
6410.000 1.111
6415.000 1.115
6420.000 1.122
6425.000 1.124
6430.000 1.128
6435.000 1.140
6440.000 1.146
6445.000 1.163
6450.000 1.169
6455.000 1.175
6460.000 1.185
6465.000 1.194
6470.000 1.208
6475.000 1.220
6480.000 1.221
6485.000 1.243
6490.000 1.249
6495.000 1.265
6500.000 1.277
6505.000 1.285
6510.000 1.304
6515.000 1.313
6520.000 1.333
6525.000 1.353
6530.000 1.361
6535.000 1.375
6540.000 1.384
6545.000 1.407
6550.000 1.427
6555.000 1.437
6560.000 1.458
6565.000 1.467
6570.000 1.496
6575.000 1.519
6580.000 1.530
6585.000 1.557
6590.000 1.573
6595.000 1.599
6600.000 1.637
6605.000 1.648
6610.000 1.676
6615.000 1.690
6620.000 1.718
6625.000 1.762
6630.000 1.784
6635.000 1.816
6640.000 1.834
6645.000 1.871
6650.000 1.911
6655.000 1.936
6660.000 1.978
6665.000 2.003
6670.000 2.052
6675.000 2.097
6680.000 2.124
6685.000 2.187
6690.000 2.210
6695.000 2.271
6700.000 2.339
6705.000 2.369
6710.000 2.441
6715.000 2.483
6720.000 2.561
6725.000 2.642
6730.000 2.689
6735.000 2.789
6740.000 2.836
6745.000 2.937
6750.000 3.052
6755.000 3.115
6760.000 3.241
6765.000 3.311
6770.000 3.465
6775.000 3.623
6780.000 3.714
6785.000 3.911
6790.000 4.016
6795.000 4.246
6800.000 4.490
6805.000 4.619
6810.000 4.903
6815.000 5.057
6820.000 5.419
6825.000 5.859
6830.000 6.118
6835.000 6.723
6840.000 7.081
6845.000 7.946
6850.000 9.057
6855.000 9.748
6860.000 11.435
6865.000 12.479
6870.000 15.214
6875.000 16.777
6880.000 20.448
6885.000 24.603
6890.000 26.689
6895.000 30.452
6900.000 31.526
6905.000 31.406
6910.000 27.161
6915.000 24.421
6920.000 19.477
6925.000 17.267
6930.000 13.738
6935.000 11.255
6940.000 10.294
6945.000 8.756
6950.000 8.154
6955.000 7.284
6960.000 6.715
6965.000 6.464
6970.000 6.025
6975.000 5.815
6980.000 5.434
6985.000 5.104
6990.000 4.953
6995.000 4.676
7000.000 4.536
7005.000 4.308
7010.000 4.097
7015.000 3.997
7020.000 3.800
7025.000 3.728
7030.000 3.562
7035.000 3.331
7040.000 3.228
7045.000 3.030
7050.000 2.938
7055.000 2.783
7060.000 2.637
7065.000 2.570
7070.000 2.448
7075.000 2.392
7080.000 2.285
7085.000 2.182
7090.000 2.133
7095.000 2.046
7100.000 2.004
7105.000 1.931
7110.000 1.860
7115.000 1.829
7120.000 1.767
7125.000 1.740
7130.000 1.688
7135.000 1.635
7140.000 1.614
7145.000 1.567
7150.000 1.546
7155.000 1.506
7160.000 1.467
7165.000 1.450
7170.000 1.415
7175.000 1.399
7180.000 1.367
7185.000 1.352
7190.000 1.325
7195.000 1.296
7200.000 1.283
7205.000 1.258
7210.000 1.247
7215.000 1.223
7220.000 1.203
7225.000 1.191
7230.000 1.172
7235.000 1.163
7240.000 1.146
7245.000 1.125
7250.000 1.116
7255.000 1.096
7260.000 1.089
7265.000 1.074
7270.000 1.061
7275.000 1.052
7280.000 1.037
7285.000 1.032
7290.000 1.018
7295.000 1.004
7300.000 0.997
7305.000 0.985
7310.000 0.978
7315.000 0.969
7320.000 0.956
7325.000 0.952
7330.000 0.941
7335.000 0.929
7340.000 0.924
7345.000 0.918
7350.000 0.911
7355.000 0.904
7360.000 0.898
7365.000 0.889
7370.000 0.881
7375.000 0.879
7380.000 0.870
7385.000 0.863
7390.000 0.857
7395.000 0.853
7400.000 0.847
7405.000 0.843
7410.000 0.834
7415.000 0.830
7420.000 0.826
7425.000 0.821
7430.000 0.820
7435.000 0.813
7440.000 0.809
7445.000 0.802
7450.000 0.799
7455.000 0.793
7460.000 0.789
7465.000 0.786
7470.000 0.780
7475.000 0.777
7480.000 0.773
7485.000 0.772
7490.000 0.768
7495.000 0.762
7500.000 0.760
7505.000 0.756
7510.000 0.756
7515.000 0.752
7520.000 0.750
7525.000 0.748
7530.000 0.744
7535.000 0.743
7540.000 0.740
7545.000 0.737
7550.000 0.735
7555.000 0.732
7560.000 0.731
7565.000 0.730
7570.000 0.724
7575.000 0.726
7580.000 0.721
7585.000 0.721
7590.000 0.719
7595.000 0.716
7600.000 0.715
7605.000 0.712
7610.000 0.711
7615.000 0.710
7620.000 0.707
7625.000 0.705
7630.000 0.705
7635.000 0.703
7640.000 0.701
7645.000 0.701
7650.000 0.699
7655.000 0.699
7660.000 0.698
7665.000 0.696
7670.000 0.692
7675.000 0.695
7680.000 0.692
7685.000 0.695
7690.000 0.691
7695.000 0.690
7700.000 0.687
7705.000 0.688
7710.000 0.688
7715.000 0.687
7720.000 0.687
7725.000 0.687
7730.000 0.688
7735.000 0.687
7740.000 0.688
7745.000 0.685
7750.000 0.687
7755.000 0.685
7760.000 0.686
7765.000 0.681
7770.000 0.682
7775.000 0.683
7780.000 0.681
7785.000 0.681
7790.000 0.677
7795.000 0.678
7800.000 0.677
7805.000 0.675
7810.000 0.673
7815.000 0.675
7820.000 0.673
7825.000 0.672
7830.000 0.672
7835.000 0.669
7840.000 0.669
7845.000 0.669
7850.000 0.667
7855.000 0.669
7860.000 0.669
7865.000 0.668
7870.000 0.667
7875.000 0.666
7880.000 0.663
7885.000 0.665
7890.000 0.665
7895.000 0.667
7900.000 0.663
7905.000 0.663
7910.000 0.662
7915.000 0.661
7920.000 0.661
7925.000 0.658
7930.000 0.660
7935.000 0.661
7940.000 0.660
7945.000 0.661
7950.000 0.659
7955.000 0.658
7960.000 0.661
7965.000 0.658
7970.000 0.655
7975.000 0.653
7980.000 0.655
7985.000 0.655
7990.000 0.660
7995.000 0.652
8000.000 0.653
8005.000 0.662
8010.000 0.664
8015.000 0.660
8020.000 0.656
8025.000 0.666
8030.000 0.665
8035.000 0.671
8040.000 0.663
8045.000 0.664
8050.000 0.667
8055.000 0.664
8060.000 0.664
8065.000 0.666
8070.000 0.665
8075.000 0.667
8080.000 0.665
8085.000 0.668
8090.000 0.667
8095.000 0.668
8100.000 0.671
8105.000 0.671
8110.000 0.671
8115.000 0.673
8120.000 0.677
8125.000 0.676
8130.000 0.675
8135.000 0.674
8140.000 0.682
8145.000 0.682
8150.000 0.683
8155.000 0.684
8160.000 0.682
8165.000 0.684
8170.000 0.684
8175.000 0.685
8180.000 0.685
8185.000 0.686
8190.000 0.688
8195.000 0.686
8200.000 0.688
8205.000 0.690
8210.000 0.691
8215.000 0.690
8220.000 0.692
8225.000 0.694
8230.000 0.698
8235.000 0.698
8240.000 0.698
8245.000 0.697
8250.000 0.697
8255.000 0.700
8260.000 0.699
8265.000 0.702
8270.000 0.701
8275.000 0.701
8280.000 0.706
8285.000 0.706
8290.000 0.711
8295.000 0.713
8300.000 0.717
8305.000 0.726
8310.000 0.729
8315.000 0.734
8320.000 0.734
8325.000 0.737
8330.000 0.739
8335.000 0.738
8340.000 0.738
8345.000 0.738
8350.000 0.738
8355.000 0.741
8360.000 0.742
8365.000 0.743
8370.000 0.743
8375.000 0.743
8380.000 0.742
8385.000 0.747
8390.000 0.749
8395.000 0.750
8400.000 0.754
8405.000 0.753
8410.000 0.757
8415.000 0.759
8420.000 0.763
8425.000 0.766
8430.000 0.770
8435.000 0.770
8440.000 0.777
8445.000 0.779
8450.000 0.784
8455.000 0.784
8460.000 0.790
8465.000 0.797
8470.000 0.798
8475.000 0.804
8480.000 0.809
8485.000 0.814
8490.000 0.823
8495.000 0.829
8500.000 0.839
8505.000 0.843
8510.000 0.852
8515.000 0.862
8520.000 0.867
8525.000 0.867
8530.000 0.871
8535.000 0.876
8540.000 0.878
8545.000 0.878
8550.000 0.882
8555.000 0.887
8560.000 0.889
8565.000 0.894
8570.000 0.895
8575.000 0.902
8580.000 0.906
8585.000 0.913
8590.000 0.919
8595.000 0.924
8600.000 0.932
8605.000 0.936
8610.000 0.945
8615.000 0.957
8620.000 0.961
8625.000 0.968
8630.000 0.972
8635.000 0.976
8640.000 0.988
8645.000 0.991
8650.000 1.003
8655.000 1.008
8660.000 1.022
8665.000 1.029
8670.000 1.037
8675.000 1.048
8680.000 1.050
8685.000 1.061
8690.000 1.067
8695.000 1.072
8700.000 1.080
8705.000 1.084
8710.000 1.088
8715.000 1.098
8720.000 1.103
8725.000 1.112
8730.000 1.113
8735.000 1.123
8740.000 1.134
8745.000 1.142
8750.000 1.151
8755.000 1.150
8760.000 1.159
8765.000 1.170
8770.000 1.177
8775.000 1.186
8780.000 1.193
8785.000 1.206
8790.000 1.217
8795.000 1.225
8800.000 1.233
8805.000 1.242
8810.000 1.263
8815.000 1.287
8820.000 1.307
8825.000 1.310
8830.000 1.348
8835.000 1.373
8840.000 1.375
8845.000 1.370
8850.000 1.369
8855.000 1.374
8860.000 1.379
8865.000 1.398
8870.000 1.406
8875.000 1.419
8880.000 1.430
8885.000 1.445
8890.000 1.464
8895.000 1.473
8900.000 1.495
8905.000 1.506
8910.000 1.528
8915.000 1.556
8920.000 1.564
8925.000 1.591
8930.000 1.601
8935.000 1.628
8940.000 1.664
8945.000 1.674
8950.000 1.701
8955.000 1.728
8960.000 1.754
8965.000 1.778
8970.000 1.811
8975.000 1.856
8980.000 1.876
8985.000 1.916
8990.000 1.941
8995.000 1.983
9000.000 2.033
9005.000 2.057
9010.000 2.113
9015.000 2.136
9020.000 2.202
9025.000 2.260
9030.000 2.302
9035.000 2.366
9040.000 2.405
9045.000 2.487
9050.000 2.576
9055.000 2.624
9060.000 2.733
9065.000 2.780
9070.000 2.896
9075.000 3.019
9080.000 3.088
9085.000 3.237
9090.000 3.322
9095.000 3.498
9100.000 3.692
9105.000 3.801
9110.000 4.038
9115.000 4.168
9120.000 4.476
9125.000 4.842
9130.000 5.063
9135.000 5.572
9140.000 5.872
9145.000 6.599
9150.000 7.534
9155.000 8.084
9160.000 9.394
9165.000 10.142
9170.000 11.800
9175.000 13.423
9180.000 14.102
9185.000 14.778
9190.000 14.637
9195.000 13.360
9200.000 11.511
9205.000 10.569
9210.000 8.891
9215.000 8.179
9220.000 6.966
9225.000 6.092
9230.000 5.741
9235.000 5.136
9240.000 4.867
9245.000 4.395
9250.000 3.971
9255.000 3.796
9260.000 3.478
9265.000 3.338
9270.000 3.080
9275.000 2.855
9280.000 2.754
9285.000 2.564
9290.000 2.479
9295.000 2.324
9300.000 2.176
9305.000 2.111
9310.000 1.986
9315.000 1.921
9320.000 1.791
9325.000 1.672
9330.000 1.617
9335.000 1.509
9340.000 1.451
9345.000 1.345
9350.000 1.247
9355.000 1.205
9360.000 1.125
9365.000 1.088
9370.000 1.020
9375.000 0.966
9380.000 0.938
9385.000 0.889
9390.000 0.864
9395.000 0.820
9400.000 0.782
9405.000 0.763
9410.000 0.726
9415.000 0.710
9420.000 0.679
9425.000 0.648
9430.000 0.636
9435.000 0.608
9440.000 0.593
9445.000 0.573
9450.000 0.549
9455.000 0.541
9460.000 0.520
9465.000 0.511
9470.000 0.491
9475.000 0.472
9480.000 0.463
9485.000 0.446
9490.000 0.438
9495.000 0.422
9500.000 0.408
9505.000 0.401
9510.000 0.387
9515.000 0.379
9520.000 0.367
9525.000 0.354
9530.000 0.349
9535.000 0.336
9540.000 0.331
9545.000 0.319
9550.000 0.315
9555.000 0.305
9560.000 0.293
9565.000 0.288
9570.000 0.278
9575.000 0.274
9580.000 0.265
9585.000 0.255
9590.000 0.252
9595.000 0.247
9600.000 0.242
9605.000 0.233
9610.000 0.228
9615.000 0.223
9620.000 0.215
9625.000 0.211
9630.000 0.204
9635.000 0.197
9640.000 0.192
9645.000 0.187
9650.000 0.183
9655.000 0.178
9660.000 0.171
9665.000 0.168
9670.000 0.163
9675.000 0.160
9680.000 0.152
9685.000 0.148
9690.000 0.146
9695.000 0.141
9700.000 0.137
9705.000 0.134
9710.000 0.130
9715.000 0.127
9720.000 0.124
9725.000 0.123
9730.000 0.116
9735.000 0.113
9740.000 0.110
9745.000 0.106
9750.000 0.106
9755.000 0.101
9760.000 0.098
9765.000 0.095
9770.000 0.094
9775.000 0.092
9780.000 0.089
9785.000 0.085
9790.000 0.084
9795.000 0.080
9800.000 0.080
9805.000 0.078
9810.000 0.075
9815.000 0.074
9820.000 0.072
9825.000 0.070
9830.000 0.068
9835.000 0.067
9840.000 0.065
9845.000 0.064
9850.000 0.064
9855.000 0.061
9860.000 0.062
9865.000 0.060
9870.000 0.058
9875.000 0.059
9880.000 0.060
9885.000 0.057
9890.000 0.057
9895.000 0.055
9900.000 0.057
9905.000 0.056
9910.000 0.056
9915.000 0.056
9920.000 0.056
9925.000 0.055
9930.000 0.056
9935.000 0.055
9940.000 0.058
9945.000 0.057
9950.000 0.057
9955.000 0.056
9960.000 0.059
9965.000 0.058
9970.000 0.062
9975.000 0.061
9980.000 0.062
9985.000 0.061
9990.000 0.057
9995.000 0.057
10000.000 0.065
10005.000 0.059
10010.000 0.060
10015.000 0.060
10020.000 0.067
10025.000 0.060
10030.000 0.063
10035.000 0.070
10040.000 0.067
10045.000 0.070
10050.000 0.068
10055.000 0.068
10060.000 0.069
10065.000 0.068
10070.000 0.071
10075.000 0.072
10080.000 0.071
10085.000 0.071
10090.000 0.072
10095.000 0.074
10100.000 0.074
10105.000 0.076
10110.000 0.075
10115.000 0.075
10120.000 0.076
10125.000 0.076
10130.000 0.077
10135.000 0.078
10140.000 0.078
10145.000 0.081
10150.000 0.080
10155.000 0.081
10160.000 0.080
10165.000 0.080
10170.000 0.082
10175.000 0.081
10180.000 0.084
10185.000 0.086
10190.000 0.086
10195.000 0.086
10200.000 0.086
10205.000 0.087
10210.000 0.087
10215.000 0.087
10220.000 0.089
10225.000 0.088
10230.000 0.090
10235.000 0.089
10240.000 0.091
10245.000 0.091
10250.000 0.091
10255.000 0.092
10260.000 0.093
10265.000 0.094
10270.000 0.094
10275.000 0.096
10280.000 0.097
10285.000 0.098
10290.000 0.099
10295.000 0.097
10300.000 0.095
10305.000 0.094
10310.000 0.095
10315.000 0.096
10320.000 0.097
10325.000 0.094
10330.000 0.096
10335.000 0.096
10340.000 0.095
10345.000 0.095
10350.000 0.098
10355.000 0.097
10360.000 0.095
10365.000 0.096
10370.000 0.098
10375.000 0.096
10380.000 0.093
10385.000 0.096
10390.000 0.094
10395.000 0.093
10400.000 0.094
10405.000 0.096
10410.000 0.098
10415.000 0.098
10420.000 0.096
10425.000 0.096
10430.000 0.097
10435.000 0.098
10440.000 0.098
10445.000 0.096
10450.000 0.096
10455.000 0.097
10460.000 0.096
10465.000 0.097
10470.000 0.097
10475.000 0.096
10480.000 0.095
10485.000 0.094
10490.000 0.094
10495.000 0.094
10500.000 0.093
10505.000 0.093
10510.000 0.094
10515.000 0.093
10520.000 0.094
10525.000 0.093
10530.000 0.093
10535.000 0.092
10540.000 0.092
10545.000 0.092
10550.000 0.091
10555.000 0.091
10560.000 0.090
10565.000 0.087
10570.000 0.086
10575.000 0.085
10580.000 0.083
10585.000 0.083
10590.000 0.082
10595.000 0.080
10600.000 0.080
10605.000 0.078
10610.000 0.078
10615.000 0.078
10620.000 0.080
10625.000 0.079
10630.000 0.079
10635.000 0.078
10640.000 0.076
10645.000 0.079
10650.000 0.078
10655.000 0.077
10660.000 0.078
10665.000 0.079
10670.000 0.082
10675.000 0.082
10680.000 0.075
10685.000 0.080
10690.000 0.077
10695.000 0.078
10700.000 0.076
10705.000 0.077
10710.000 0.077
10715.000 0.076
10720.000 0.077
10725.000 0.074
10730.000 0.076
10735.000 0.075
10740.000 0.073
10745.000 0.075
10750.000 0.073
10755.000 0.073
10760.000 0.073
10765.000 0.072
10770.000 0.075
10775.000 0.074
10780.000 0.073
10785.000 0.074
10790.000 0.075
10795.000 0.076
10800.000 0.077
10805.000 0.076
10810.000 0.078
10815.000 0.075
10820.000 0.074
10825.000 0.072
10830.000 0.072
10835.000 0.070
10840.000 0.068
10845.000 0.067
10850.000 0.065
10855.000 0.065
10860.000 0.062
10865.000 0.063
10870.000 0.061
10875.000 0.061
10880.000 0.060
10885.000 0.058
10890.000 0.056
10895.000 0.055
10900.000 0.056
10905.000 0.055
10910.000 0.055
10915.000 0.053
10920.000 0.052
10925.000 0.053
10930.000 0.053
10935.000 0.050
10940.000 0.051
10945.000 0.049
10950.000 0.051
10955.000 0.048
10960.000 0.047
10965.000 0.048
10970.000 0.044
10975.000 0.047
10980.000 0.047
10985.000 0.045
10990.000 0.044
10995.000 0.044
11000.000 0.043
11005.000 0.047
11010.000 0.047
11015.000 0.047
11020.000 0.045
11025.000 0.049
11030.000 0.046
11035.000 0.051
11040.000 0.049
11045.000 0.050
11050.000 0.053
11055.000 0.052
11060.000 0.053
11065.000 0.055
11070.000 0.057
11075.000 0.061
11080.000 0.061
11085.000 0.064
11090.000 0.068
11095.000 0.070
11100.000 0.073
11105.000 0.075
11110.000 0.077
11115.000 0.084
11120.000 0.086
11125.000 0.092
11130.000 0.091
11135.000 0.100
11140.000 0.105
11145.000 0.107
11150.000 0.113
11155.000 0.117
11160.000 0.125
11165.000 0.134
11170.000 0.139
11175.000 0.148
11180.000 0.153
11185.000 0.165
11190.000 0.176
11195.000 0.182
11200.000 0.197
11205.000 0.205
11210.000 0.220
11215.000 0.232
11220.000 0.238
11225.000 0.251
11230.000 0.259
11235.000 0.273
11240.000 0.289
11245.000 0.299
11250.000 0.311
11255.000 0.323
11260.000 0.343
11265.000 0.363
11270.000 0.374
11275.000 0.394
11280.000 0.408
11285.000 0.433
11290.000 0.462
11295.000 0.477
11300.000 0.513
11305.000 0.529
11310.000 0.562
11315.000 0.595
11320.000 0.610
11325.000 0.649
11330.000 0.671
11335.000 0.715
11340.000 0.778
11345.000 0.803
11350.000 0.862
11355.000 0.891
11360.000 0.967
11365.000 1.020
11370.000 1.062
11375.000 1.160
11380.000 1.209
11385.000 1.327
11390.000 1.466
11395.000 1.542
11400.000 1.721
11405.000 1.822
11410.000 2.060
11415.000 2.352
11420.000 2.510
11425.000 2.907
11430.000 3.129
11435.000 3.642
11440.000 4.227
11445.000 4.537
11450.000 5.187
11455.000 5.480
11460.000 6.004
11465.000 6.271
11470.000 6.261
11475.000 5.959
11480.000 5.693
11485.000 5.055
11490.000 4.405
11495.000 4.102
11500.000 3.568
11505.000 3.344
11510.000 2.970
11515.000 2.669
11520.000 2.554
11525.000 2.373
11530.000 2.294
11535.000 2.156
11540.000 2.040
11545.000 1.975
11550.000 1.873
11555.000 1.823
11560.000 1.735
11565.000 1.653
11570.000 1.616
11575.000 1.543
11580.000 1.516
11585.000 1.458
11590.000 1.409
11595.000 1.380
11600.000 1.332
11605.000 1.308
11610.000 1.274
11615.000 1.237
11620.000 1.220
11625.000 1.185
11630.000 1.168
11635.000 1.139
11640.000 1.126
11645.000 1.099
11650.000 1.074
11655.000 1.063
11660.000 1.044
11665.000 1.023
11670.000 1.008
11675.000 0.988
11680.000 0.979
11685.000 0.965
11690.000 0.957
11695.000 0.940
11700.000 0.925
11705.000 0.917
11710.000 0.895
11715.000 0.893
11720.000 0.877
11725.000 0.864
11730.000 0.866
11735.000 0.851
11740.000 0.846
11745.000 0.836
11750.000 0.821
11755.000 0.821
11760.000 0.809
11765.000 0.803
11770.000 0.796
11775.000 0.784
11780.000 0.777
11785.000 0.777
11790.000 0.772
11795.000 0.760
11800.000 0.751
11805.000 0.747
11810.000 0.738
11815.000 0.739
11820.000 0.729
11825.000 0.719
11830.000 0.719
11835.000 0.710
11840.000 0.707
11845.000 0.700
11850.000 0.692
11855.000 0.691
11860.000 0.686
11865.000 0.683
11870.000 0.673
11875.000 0.669
11880.000 0.668
11885.000 0.662
11890.000 0.659
11895.000 0.658
11900.000 0.656
11905.000 0.650
11910.000 0.649
11915.000 0.648
11920.000 0.641
11925.000 0.645
11930.000 0.642
11935.000 0.639
11940.000 0.636
11945.000 0.629
11950.000 0.628
11955.000 0.625
11960.000 0.621
11965.000 0.621
11970.000 0.615
11975.000 0.613
11980.000 0.612
11985.000 0.611
11990.000 0.609
11995.000 0.607
12000.000 0.605
